101
104
101
105
101
108
101
102
103
108
105
123
101
106
101
119
101
110
116
101
101
111
101
101
101
114
117
116
110
108
101
101
101
103
114
102
105
121
106
101
108
103
101
101
101
103
125
102
124
101
105
103
126
103
101
103
104
119
101
102
101
123
108
122
103
104
104
101
105
101
101
101
102
101
103
102
101
101
118
111
101
103
104
102
101
102
111
102
102
101
107
102
102
101
108
105
105
101
105
103
101
114
103
101
126
119
106
106
106
106
109
101
115
101
112
105
112
111
104
101
116
119
123
119
109
109
123
101
101
113
104
101
116
119
119
119
116
116
119
119
119
119
119
119
101
114
119
119
109
119
119
109
119
119
101
120
101
101
101
101
101
101
104
101
108
102
107
105
101
101
106
101
127
