11
26
11
11
14
13
19
20
11
11
12
47
19
35
38
11
31
22
25
15
20
32
18
11
19
13
11
33
18
18
13
12
25
12
13
12
14
11
17
11
13
13
11
11
11
20
11
14
11
12
12
11
11
11
11
11
18
11
13
16
13
18
36
16
17
11
39
36
19
11
11
13
23
13
28
37
29
19
29
24
20
12
19
36
34
35
34
19
13
28
12
11
24
15
14
25
11
16
18
11
28
11
17
11
19
28
18
36
11
16
11
11
31
27
36
30
29
11
29
25
28
16
11
25
13
31
23
11
11
11
11
34
20
11
35
11
28
28
12
35
16
13
26
11
45
32
11
11
21
11
11
21
35
20
16
30
29
16
13
32
33
11
47
34
23
19
33
22
17
13
36
11
11
17
11
28
13
29
31
11
18
11
27
18
14
24
28
11
11
13
11
11
11
28
28
38
17
11
11
29
38
19
11
26
21
22
14
25
22
35
31
35
12
11
26
16
11
18
31
33
22
40
19
36
20
11
33
12
29
11
33
11
12
28
17
36
12
15
12
11
35
12
19
28
36
19
11
34
14
19
11
38
30
27
19
19
19
33
16
27
36
30
13
29
24
11
24
11
15
22
11
19
15
13
28
18
26
11
11
11
27
28
11
27
29
29
37
39
17
11
11
12
31
13
30
14
12
20
11
12
23
22
11
11
23
11
13
21
21
11
38
16
27
18
41
13
11
15
15
19
14
11
29
18
22
33
16
30
19
60
39
11
19
26
33
26
29
46
29
18
32
11
25
13
24
11
18
21
11
28
23
20
16
29
14
12
22
11
11
11
21
11
12
14
11
29
18
11
40
36
28
20
13
12
12
11
29
11
22
15
11
23
15
16
11
25
25
17
17
19
26
25
17
31
11
29
29
21
23
34
11
17
16
16
26
37
25
28
37
24
11
33
27
26
25
36
11
15
11
25
26
28
18
18
35
36
23
32
15
14
29
28
30
19
11
26
11
38
21
24
32
32
29
21
11
18
26
11
24
11
24
11
23
13
11
13
11
23
11
27
11
27
40
24
11
21
26
11
22
11
42
20
18
29
11
24
11
20
27
35
11
41
19
47
19
16
11
21
37
23
20
11
26
11
24
30
15
14
35
28
19
33
40
17
32
15
11
49
11
25
14
11
25
11
27
27
15
16
11
11
26
31
11
38
23
26
20
26
18
22
11
18
11
25
25
11
34
11
21
14
16
24
20
33
35
11
20
11
35
25
11
26
26
11
25
12
35
11
37
11
12
13
11
16
29
42
43
13
26
43
19
16
15
28
12
20
17
11
17
31
11
15
31
16
13
11
13
11
11
11
12
13
11
28
13
11
11
19
12
11
13
12
11
11
11
11
12
15
11
16
13
11
12
25
13
16
11
13
16
12
16
31
15
12
20
11
11
40
22
33
18
15
26
13
16
26
11
24
11
11
11
25
26
26
36
23
26
21
21
23
30
13
16
17
23
11
25
23
29
29
27
11
19
32
27
26
25
30
23
29
13
14
11
17
29
30
19
11
39
19
11
12
11
15
11
22
12
11
14
11
18
12
11
12
11
22
12
13
13
18
14
16
18
18
11
14
18
35
11
11
20
23
17
16
11
21
11
11
11
11
28
11
22
13
11
13
25
13
24
14
23
12
11
28
11
11
22
17
15
20
16
13
15
11
11
14
14
14
11
15
16
11
11
12
20
11
13
11
11
25
11
20
11
11
11
12
35
14
13
11
17
12
11
18
11
13
12
12
11
11
15
11
35
24
11
24
11
15
28
18
37
11
15
18
12
16
11
11
28
11
28
24
11
11
11
11
11
11
12
13
11
11
17
25
11
16
14
11
11
26
11
18
11
35
11
11
11
16
19
11
24
11
11
31
18
17
11
25
11
15
25
11
13
11
12
11
11
11
14
26
18
11
11
13
35
11
12
11
15
11
11
11
15
16
20
16
16
16
25
11
13
12
11
11
14
12
11
11
11
11
11
11
11
11
12
11
15
20
12
21
22
11
11
18
11
21
11
14
18
11
16
11
21
16
25
16
17
11
11
32
42
29
28
19
11
27
11
26
29
24
12
11
30
30
11
20
15
17
19
11
27
20
28
16
11
31
36
19
28
19
16
11
30
26
27
11
24
11
20
11
12
