105
101
103
106
123
109
109
103
111
105
117
104
107
116
106
104
110
102
102
103
103
101
106
113
103
103
102
105
104
103
109
106
119
102
101
101
101
101
108
123
102
101
102
101
109
106
103
101
101
113
103
101
105
110
101
101
103
110
108
110
103
101
103
103
101
101
119
101
126
115
101
111
101
132
118
101
105
121
101
102
101
107
121
103
106
116
102
101
109
101
117
101
106
109
101
102
101
102
101
101
106
102
107
102
102
101
107
101
107
103
101
101
101
101
111
105
107
103
101
105
106
103
105
103
102
120
101
102
102
102
104
101
106
109
107
101
103
107
103
101
102
102
101
101
101
101
102
101
101
101
106
101
101
101
101
119
105
101
115
119
106
101
101
101
104
117
106
107
103
119
113
106
119
119
101
119
