110
101
101
103
108
106
127
101
101
101
108
113
103
103
101
101
116
108
111
102
103
101
102
109
111
111
106
105
108
106
109
103
103
101
109
102
101
103
101
101
111
103
110
105
101
102
101
103
101
102
101
107
107
104
106
108
105
105
107
101
111
109
102
119
109
101
102
101
114
109
109
106
106
106
106
106
106
106
106
106
106
109
106
109
121
101
112
112
114
113
104
101
118
103
101
101
113
101
111
101
127
101
101
101
105
106
116
110
120
101
110
101
113
101
115
110
101
101
106
109
105
102
101
121
106
101
