26
39
33
33
33
33
27
32
26
26
26
29
26
26
26
26
26
36
33
26
19
26
26
43
36
11
25
43
11
25
26
26
26
35
33
11
22
13
18
21
16
11
27
36
23
29
11
27
31
11
29
36
15
31
19
19
44
26
11
39
34
14
14
12
11
17
11
11
14
11
13
11
22
17
11
27
17
21
29
30
11
15
19
33
33
26
26
26
26
26
26
26
29
33
28
27
36
29
19
29
19
11
18
26
22
36
41
23
19
35
44
19
29
19
36
26
17
12
17
26
11
13
11
20
19
11
22
15
11
46
13
16
23
13
11
12
16
11
11
12
15
22
13
24
17
14
17
11
11
14
16
13
11
11
11
11
11
11
12
31
11
12
26
26
16
26
32
27
40
11
11
31
15
11
23
11
20
41
28
19
16
26
28
28
33
33
26
26
29
19
11
22
26
26
26
11
25
19
29
11
18
26
26
33
26
26
19
26
26
26
26
19
26
29
21
28
26
26
24
11
17
26
26
23
42
26
11
28
26
26
16
11
26
21
32
26
27
26
26
26
26
26
33
23
33
26
22
11
16
26
17
35
26
33
33
33
33
33
26
29
33
36
29
29
26
26
33
33
33
33
33
28
30
18
34
15
34
15
14
11
18
13
26
16
19
26
26
26
43
26
26
18
34
26
22
30
26
26
26
26
26
24
38
33
29
39
20
42
22
27
29
26
36
29
29
13
19
29
29
39
39
26
26
26
26
29
26
26
26
29
26
26
26
13
19
26
29
26
26
26
26
26
26
26
26
26
26
26
26
26
26
26
26
26
26
26
26
26
26
26
26
26
26
27
11
18
22
23
16
11
21
11
25
15
15
11
27
11
18
28
50
11
44
11
45
11
27
13
33
13
23
11
31
33
12
11
30
45
11
11
12
11
13
11
11
17
17
16
13
12
20
16
11
12
11
11
12
12
12
14
11
11
11
11
14
11
13
20
17
11
11
16
11
19
11
14
11
11
12
13
11
11
12
32
16
18
13
11
21
20
11
13
11
23
16
21
12
23
12
14
12
12
19
14
12
11
17
14
19
18
11
48
36
21
37
15
11
14
19
11
19
15
11
11
15
17
11
12
13
24
11
11
26
23
11
34
26
11
23
18
18
13
11
12
23
24
15
19
11
21
11
35
20
11
17
34
13
25
34
18
35
12
16
19
19
16
11
28
16
16
11
20
11
31
23
24
29
29
29
11
15
16
19
11
25
11
11
11
11
21
22
23
18
12
11
15
23
15
11
24
17
12
39
11
19
11
16
11
29
11
15
11
11
23
11
12
13
16
11
18
12
13
14
11
11
13
12
17
14
11
13
17
16
27
20
11
11
22
19
18
12
11
24
13
11
26
11
22
29
27
29
20
36
26
26
23
26
19
16
29
15
23
13
13
24
33
28
11
22
26
11
11
17
13
29
19
11
25
11
22
19
36
13
29
19
38
35
26
21
24
19
14
11
18
19
