11
20
11
14
11
19
13
23
13
13
12
26
11
11
16
14
21
11
34
27
34
11
22
14
21
15
19
11
24
19
12
11
23
29
23
11
12
44
11
11
12
27
11
38
20
11
11
12
18
11
14
27
13
16
16
17
11
13
16
15
11
13
11
16
12
13
13
16
13
11
12
12
15
15
11
11
13
14
11
12
12
13
11
11
13
11
11
16
12
11
13
11
14
12
11
17
14
12
15
19
11
11
36
34
16
11
13
32
34
11
11
11
13
21
16
11
16
16
17
11
17
11
11
13
15
18
13
15
11
11
12
11
21
30
35
22
17
34
12
15
22
16
18
11
14
12
11
11
11
16
19
11
21
13
16
18
22
32
19
30
16
16
16
11
48
19
37
11
12
26
11
15
34
47
23
11
25
36
27
33
26
11
25
11
25
36
13
11
27
35
49
40
32
13
21
11
25
11
23
11
30
35
11
18
11
35
18
11
21
11
26
11
19
25
11
39
19
18
11
25
13
11
11
11
11
14
11
13
30
11
11
28
22
11
14
23
20
17
11
40
19
11
28
35
11
27
17
13
11
29
14
18
18
19
15
11
17
29
13
11
27
11
28
17
23
15
43
23
17
15
16
16
28
11
19
14
11
12
33
11
39
19
18
17
12
11
11
14
11
11
16
19
16
16
33
11
11
11
27
19
11
11
12
16
16
18
14
11
24
30
33
44
29
17
12
19
19
30
24
17
12
23
13
27
26
22
18
17
14
19
18
11
36
26
15
17
15
18
16
19
16
16
16
22
31
11
41
20
34
32
12
26
26
23
19
11
11
27
11
23
58
16
19
14
23
12
26
19
29
23
31
35
15
11
34
11
19
11
24
24
26
19
11
36
20
21
18
11
42
15
12
13
30
11
31
28
17
14
22
11
12
11
32
12
11
11
37
19
34
18
11
11
27
20
13
21
18
11
11
18
31
13
11
38
24
15
11
11
20
44
18
11
37
15
41
20
22
15
18
11
32
31
35
33
52
20
15
13
15
14
16
12
15
14
22
11
20
11
19
11
12
11
11
12
11
11
11
13
11
11
11
11
18
11
21
24
19
11
11
17
16
14
11
11
27
15
12
12
11
25
20
16
13
11
11
11
14
17
11
23
28
11
17
24
12
14
13
24
28
15
34
32
11
12
13
11
11
12
11
38
20
21
18
15
13
22
18
18
11
14
20
11
14
14
18
18
11
12
11
18
13
12
31
24
11
11
21
11
22
16
11
13
15
22
19
34
37
11
14
11
14
15
15
14
11
17
18
11
27
12
11
21
13
11
15
24
11
23
26
17
11
20
18
16
11
25
11
19
13
11
11
13
16
11
11
15
17
11
25
17
11
24
29
29
11
21
11
19
30
27
14
29
11
11
11
24
12
16
11
28
13
13
12
12
14
15
11
18
13
11
11
11
14
13
14
15
16
12
16
12
11
11
11
12
20
16
11
15
11
11
13
19
20
11
11
17
11
12
13
11
11
11
17
14
15
16
13
16
11
12
12
11
12
16
23
11
15
11
11
11
11
11
11
11
11
11
12
11
11
13
13
21
27
23
19
30
16
13
29
33
11
36
16
11
14
13
14
12
12
13
11
16
11
12
11
11
12
15
15
14
15
11
16
18
12
11
12
11
15
12
14
12
23
12
11
11
14
14
16
13
21
12
11
16
14
31
11
11
23
21
15
11
12
11
18
11
11
11
11
11
11
15
24
12
15
27
15
13
16
11
18
17
11
15
18
11
11
11
11
13
16
14
13
11
14
12
17
15
12
13
11
15
12
11
11
11
14
16
11
11
11
11
12
16
11
11
20
11
11
11
12
11
15
16
12
11
12
13
11
11
11
14
11
12
12
12
11
11
11
16
13
11
11
11
11
19
11
16
12
11
26
17
11
16
12
19
11
16
19
29
36
11
32
22
27
23
29
33
11
11
15
11
15
11
11
11
19
14
16
11
11
11
17
18
14
11
11
11
11
11
11
12
11
11
12
11
11
11
15
11
11
11
11
16
11
11
12
11
11
12
11
14
11
19
11
21
11
13
11
15
12
16
14
12
11
25
12
19
15
14
11
27
25
11
26
23
27
30
25
29
36
18
15
11
12
11
11
15
11
22
11
15
15
11
17
13
13
31
11
15
18
22
38
22
19
11
11
19
11
13
17
11
30
28
11
14
15
15
12
14
20
11
12
11
15
11
15
11
11
20
15
13
17
12
11
17
15
11
12
14
18
11
12
11
12
11
13
15
11
16
12
11
13
13
26
13
11
20
16
15
11
20
11
11
16
11
15
12
11
15
12
11
13
11
11
11
11
14
12
11
12
11
11
11
16
13
11
11
11
18
11
11
12
11
18
11
11
11
11
11
11
16
15
12
18
11
25
13
13
11
20
11
11
19
13
32
12
15
17
11
11
20
11
11
14
11
11
11
16
11
11
13
12
11
11
11
15
14
11
11
11
13
14
