110
106
105
101
115
101
101
112
102
103
101
101
116
101
108
109
101
115
101
108
101
111
108
101
101
102
101
101
101
103
108
101
102
102
101
111
111
101
101
107
106
101
126
116
106
126
106
106
103
101
102
101
105
108
132
105
120
115
101
102
101
110
101
102
107
110
108
111
101
107
111
111
119
107
115
101
116
101
112
101
105
105
119
101
130
101
108
116
118
101
103
111
102
102
120
108
101
106
113
101
102
124
111
101
102
101
107
107
101
110
101
101
101
113
119
106
101
105
110
119
119
119
119
101
108
106
104
101
116
116
101
120
119
119
116
116
119
119
101
119
119
119
119
101
101
101
101
110
102
101
102
106
101
103
101
101
105
120
107
102
108
122
105
104
101
101
106
106
106
103
101
106
