115
106
123
101
114
101
107
111
101
106
101
105
102
118
126
115
106
113
101
101
123
101
131
104
101
105
102
101
101
109
101
103
101
107
103
109
106
107
101
112
101
101
125
113
112
109
107
110
104
116
102
101
108
103
114
121
117
108
105
107
101
101
113
102
102
101
101
101
101
105
106
106
106
106
106
106
106
106
106
103
106
109
103
101
101
116
119
113
111
118
106
106
106
106
106
106
106
106
106
101
101
107
106
107
109
103
116
105
105
108
102
106
119
106
116
106
119
126
106
109
101
111
106
105
105
117
107
117
109
108
101
102
119
119
119
119
119
119
119
103
119
119
119
119
119
119
113
119
119
119
103
119
119
103
113
110
101
101
111
116
116
111
114
102
117
113
111
101
105
101
103
