113
101
112
116
116
123
116
103
101
101
101
136
109
105
101
103
102
104
102
106
101
113
116
112
114
115
104
101
116
102
101
102
101
108
106
120
116
106
106
109
116
113
104
115
111
121
101
112
106
106
106
109
103
113
101
119
133
119
106
116
101
110
113
113
106
101
102
106
123
126
110
106
117
102
101
115
106
109
106
109
103
109
101
105
120
106
101
125
104
101
117
103
101
103
101
113
101
110
101
118
101
101
116
106
106
106
106
106
109
103
106
106
103
119
113
106
106
113
116
119
119
119
106
103
106
106
119
116
119
113
116
119
119
113
117
101
101
105
101
106
107
101
101
109
119
119
113
116
119
101
120
119
122
127
113
119
103
126
102
109
109
111
107
111
103
108
101
110
109
101
101
