11
20
11
21
14
11
28
12
13
17
15
15
21
15
25
38
30
12
22
11
28
11
30
32
11
11
14
39
29
30
27
17
11
33
11
48
41
11
23
15
11
17
11
24
19
11
19
16
15
13
11
11
16
23
17
25
13
16
11
37
11
39
14
11
16
15
11
11
11
11
11
11
13
11
11
16
11
16
11
11
11
14
11
11
11
12
11
16
11
18
14
17
28
19
11
22
11
31
15
11
21
27
12
13
11
13
11
11
35
16
12
28
27
11
12
25
22
13
17
11
11
25
16
25
36
50
31
11
21
11
20
14
22
33
33
33
33
31
35
36
43
34
11
39
20
20
24
19
23
12
30
11
19
11
38
43
17
32
38
36
47
19
29
19
16
26
26
16
11
33
19
24
24
16
26
31
31
15
28
33
11
25
11
21
19
11
29
11
12
38
12
11
12
11
13
11
15
12
11
33
30
22
30
16
11
25
16
33
21
11
13
44
11
12
28
16
14
43
11
33
22
11
12
13
11
30
11
11
35
19
14
34
11
12
11
11
27
13
11
26
13
11
45
23
11
20
21
37
45
19
18
11
18
11
14
21
15
21
11
17
13
32
11
30
27
17
11
11
19
19
23
39
11
31
13
11
13
22
13
12
11
12
15
13
47
31
34
11
26
19
42
34
46
35
25
26
17
35
13
11
30
33
19
35
26
11
15
15
19
11
20
20
11
11
44
26
20
19
11
18
16
26
33
19
11
32
45
19
18
24
20
33
31
11
25
44
26
27
11
15
22
11
16
12
17
12
26
17
11
16
15
14
11
13
15
20
12
12
11
11
11
15
16
16
14
11
13
11
11
12
14
11
12
11
11
13
11
11
19
18
12
14
11
11
11
11
11
12
13
15
13
15
11
12
11
13
12
11
11
17
13
19
15
11
12
20
11
13
11
11
12
11
15
11
14
11
15
17
13
11
11
12
13
11
13
11
11
11
11
11
11
11
11
11
19
15
11
23
31
13
27
18
14
18
17
13
21
11
16
11
14
12
13
11
16
12
21
11
15
11
16
11
13
12
15
17
11
11
15
17
13
20
11
20
12
14
11
11
12
12
12
13
12
15
13
11
12
11
14
13
18
17
14
13
16
15
19
12
13
13
16
11
12
13
19
21
11
16
18
11
15
11
12
14
12
13
15
16
11
13
33
18
11
13
16
18
11
31
18
14
12
11
32
11
12
13
14
13
21
15
13
11
11
24
16
18
11
15
16
12
11
15
15
11
13
11
24
18
15
11
11
11
13
11
22
12
22
15
11
12
11
11
13
13
19
13
16
11
12
12
11
13
22
11
12
17
11
11
11
11
11
11
11
11
11
11
11
13
14
13
27
11
11
11
11
11
11
24
11
11
15
30
11
14
17
20
11
24
11
25
33
13
26
26
26
26
26
26
26
26
26
26
26
26
26
26
26
26
26
26
26
26
26
33
19
29
19
26
26
26
11
32
26
24
28
26
26
46
40
30
11
30
11
22
19
13
12
26
14
23
33
23
17
18
23
36
32
40
21
11
20
11
11
38
20
19
11
32
11
27
11
11
26
29
29
29
29
29
29
16
13
33
29
29
29
29
29
29
29
19
19
29
29
29
26
36
26
33
29
29
11
28
11
30
27
31
26
26
26
36
29
29
19
24
48
23
23
26
26
29
29
29
29
29
29
29
29
29
29
29
29
29
29
29
29
26
29
29
28
28
29
29
29
29
29
29
29
29
29
29
29
31
28
29
29
29
29
29
29
29
29
29
29
29
29
29
29
29
29
11
11
11
13
11
15
29
29
29
29
29
29
29
29
29
29
13
43
26
26
29
29
29
29
29
29
29
29
24
26
28
29
29
29
29
29
29
29
29
29
29
29
11
20
18
29
40
16
11
22
11
17
11
23
21
11
11
18
22
11
20
12
19
11
12
11
11
12
11
11
11
11
11
11
11
11
11
11
11
13
11
11
11
11
11
21
23
11
17
11
11
11
11
11
11
12
11
12
11
11
11
11
11
11
11
11
13
11
12
11
11
19
11
29
11
17
11
19
11
11
24
19
11
18
22
26
11
30
11
28
11
18
11
11
11
11
25
11
11
11
16
11
16
11
17
11
11
14
11
26
19
13
44
42
18
17
13
11
15
12
23
11
11
11
19
11
13
23
38
