102
124
101
101
101
101
109
107
101
109
101
101
103
110
107
104
125
121
106
102
108
101
101
101
101
105
101
102
101
101
108
101
101
110
109
116
108
110
121
109
107
105
113
106
102
101
111
111
101
101
101
114
107
102
117
128
105
105
108
114
122
103
101
122
101
119
101
106
105
102
107
101
105
112
119
101
111
108
116
101
109
104
106
116
101
108
101
106
101
102
109
106
106
106
106
106
106
106
106
103
103
113
106
106
115
109
109
102
101
112
115
113
123
106
101
113
109
119
102
115
101
101
105
103
116
116
101
101
105
101
103
101
101
109
110
101
104
101
105
105
101
101
116
102
114
116
115
114
117
106
105
101
117
101
114
101
111
110
101
104
101
115
106
105
103
116
113
114
126
101
118
105
104
