14
11
22
32
17
13
27
37
29
11
26
12
30
25
20
24
12
11
35
17
14
11
37
23
14
14
25
26
39
33
26
26
16
20
19
25
40
13
26
29
11
45
26
26
26
26
26
26
21
41
39
26
29
13
19
33
33
33
26
26
26
26
33
26
26
26
26
33
33
33
26
26
26
26
26
36
31
28
26
26
33
33
36
26
33
11
22
26
26
26
16
19
26
26
26
33
33
33
33
33
26
33
26
26
26
26
26
19
26
29
26
11
14
16
17
25
19
15
32
11
35
16
19
23
21
11
19
11
29
32
13
22
19
11
11
42
23
19
33
11
28
12
13
12
36
12
51
23
17
31
26
17
36
13
18
27
30
25
40
13
12
11
26
19
26
33
19
26
26
26
26
26
26
26
26
26
26
26
26
26
26
23
26
26
26
26
26
26
26
26
26
29
26
11
18
26
33
26
33
19
26
23
26
26
26
26
26
26
26
26
26
16
26
26
26
23
19
16
21
35
29
21
42
26
19
26
26
29
26
53
33
29
33
33
33
29
33
39
33
23
29
33
29
33
26
33
34
28
29
16
29
36
26
26
26
29
19
26
26
26
26
26
26
26
26
26
26
21
50
33
11
26
16
18
11
27
15
18
17
11
11
18
11
29
22
18
11
11
11
16
16
19
20
16
11
34
31
12
14
11
11
22
11
20
17
14
11
11
11
12
11
14
13
12
11
11
13
11
14
11
12
11
12
11
13
11
11
17
16
11
28
19
18
11
22
16
19
11
18
18
11
11
28
26
26
18
14
29
24
28
26
26
26
26
26
26
29
26
26
26
26
26
26
26
26
26
26
29
26
29
19
23
25
20
32
11
32
11
26
13
11
16
30
35
11
11
19
14
11
12
12
11
11
11
11
11
19
11
11
17
23
11
11
11
35
11
29
11
18
26
27
35
26
26
26
26
26
29
26
29
26
11
35
26
29
33
24
11
23
36
11
25
28
11
22
11
11
15
11
30
11
25
17
13
11
13
27
11
32
15
14
17
11
23
17
19
11
11
11
11
12
11
12
16
17
33
15
16
11
29
13
11
31
13
13
20
31
24
14
18
11
34
11
30
29
29
13
11
25
33
13
19
26
26
26
26
26
26
26
26
26
26
26
26
26
26
26
26
26
26
26
26
26
26
26
19
43
26
26
21
28
26
26
26
26
26
33
46
23
26
26
26
26
33
33
26
29
29
26
26
26
26
26
26
26
26
26
26
26
26
26
29
26
29
29
29
29
29
29
29
29
29
29
29
29
29
29
29
29
29
29
39
26
26
20
39
26
26
29
29
36
24
12
19
26
33
26
19
26
29
29
29
26
19
26
19
26
29
13
20
11
15
29
29
26
29
29
29
29
29
29
29
29
29
29
29
29
29
33
26
29
29
18
11
23
30
11
25
11
26
11
29
11
21
11
11
17
11
19
11
13
30
11
24
16
11
12
15
13
11
18
18
11
18
19
21
11
25
15
16
12
24
11
13
11
22
11
22
15
11
12
24
11
11
11
34
33
35
11
29
28
11
25
14
16
18
11
30
11
23
15
14
12
18
22
19
26
21
11
16
11
29
18
11
11
24
11
11
16
16
11
11
16
11
19
26
21
11
14
21
26
15
32
15
31
11
11
17
21
15
20
13
31
14
14
11
17
20
11
11
22
15
20
11
11
30
17
14
12
15
20
11
14
12
14
11
11
16
11
19
18
11
16
17
11
11
11
11
11
14
11
11
11
11
16
11
22
11
12
13
14
17
13
11
15
11
14
17
18
16
14
17
11
11
11
14
11
13
19
11
13
15
11
11
12
11
11
11
13
17
11
20
11
13
11
11
21
12
13
13
11
11
11
17
15
13
11
12
11
14
12
18
14
12
29
14
13
22
17
11
18
20
15
11
11
14
11
11
11
25
12
11
12
11
25
11
11
14
11
13
11
11
12
11
12
11
13
11
13
12
11
11
12
11
