101
101
105
129
104
121
102
107
126
106
116
101
120
106
113
126
106
101
120
103
106
116
101
125
106
103
112
114
106
109
107
102
130
101
114
110
101
102
106
106
106
103
106
109
116
103
106
106
101
116
119
103
113
101
132
119
123
101
120
103
106
106
101
102
101
102
110
106
109
101
105
101
101
103
101
101
103
109
106
106
113
121
106
108
101
109
113
119
106
113
101
101
101
112
119
103
102
103
101
106
103
117
101
106
106
106
106
106
101
101
108
133
103
119
113
106
106
109
116
119
119
119
129
113
113
101
106
116
123
119
116
119
119
101
112
105
101
101
101
113
105
106
115
109
104
102
114
108
108
101
107
101
125
122
106
103
111
104
101
101
109
101
105
101
112
101
101
101
101
105
101
