30
11
19
11
34
11
34
16
23
19
14
41
33
15
12
27
11
29
14
11
11
32
35
16
11
15
22
25
11
12
14
15
26
14
22
15
11
11
11
15
11
11
19
13
21
19
11
16
18
12
13
11
14
25
14
13
31
26
26
13
17
41
24
11
16
38
12
18
11
20
21
13
22
14
11
37
27
38
44
25
14
33
12
26
13
21
19
38
39
22
14
26
30
26
33
11
20
12
12
11
17
15
15
12
40
11
28
18
11
34
11
16
13
11
11
11
11
12
18
12
14
11
12
11
12
11
12
12
11
11
11
17
13
13
16
17
15
14
26
11
21
11
11
12
12
20
11
14
18
13
13
16
27
21
13
14
30
19
12
11
17
11
16
27
14
11
21
11
19
11
12
17
11
14
17
24
29
20
12
23
19
29
36
33
22
22
17
12
37
11
11
21
11
28
11
34
11
11
31
26
23
23
11
18
19
16
11
11
20
28
28
28
14
24
19
29
11
15
11
28
11
11
26
37
26
36
11
22
26
11
35
22
30
26
19
16
11
38
29
36
30
19
27
11
38
29
19
27
11
18
28
21
27
28
36
11
35
14
18
16
11
20
11
11
11
22
12
37
11
25
14
36
38
36
11
18
13
16
19
29
34
11
38
11
39
11
13
22
27
36
15
26
25
19
11
17
15
11
24
11
11
11
17
23
11
12
11
33
11
28
34
13
26
12
29
27
27
18
29
19
18
16
11
30
49
11
26
11
11
30
32
27
16
29
11
11
17
29
36
11
35
12
29
30
34
29
11
28
11
34
19
11
13
25
16
32
23
14
12
16
11
11
11
15
12
13
13
15
11
11
12
11
13
13
11
14
20
12
12
21
11
23
34
11
28
14
33
24
11
28
17
19
29
28
28
11
11
26
28
11
28
11
17
16
11
28
11
28
37
29
37
30
16
39
30
32
34
26
11
11
37
11
25
11
28
28
17
32
34
11
20
35
12
31
45
14
17
28
11
32
31
28
17
11
30
11
35
26
11
11
26
35
35
11
28
14
13
23
22
12
16
25
11
12
14
13
13
17
36
36
44
11
34
13
23
36
35
20
11
28
27
14
17
11
18
11
16
12
19
16
11
26
11
37
18
31
26
13
27
33
26
24
18
29
27
40
11
18
30
13
36
26
19
21
11
42
35
36
25
11
29
14
25
11
14
25
13
37
27
23
17
11
41
23
43
11
11
11
12
12
25
11
11
11
11
31
11
24
14
11
19
11
16
11
33
21
11
30
11
11
25
13
13
14
11
11
17
12
12
14
11
11
11
14
11
14
12
21
23
19
32
17
29
26
13
33
16
13
11
14
13
11
13
14
18
11
11
12
11
27
15
11
11
11
17
11
13
15
11
17
11
17
28
12
20
39
40
11
24
14
12
15
14
12
13
15
15
11
11
11
11
12
11
14
11
11
12
12
17
11
23
15
16
16
19
11
32
12
35
11
20
19
34
24
32
23
26
18
31
26
26
26
40
29
29
36
26
19
29
11
18
29
26
26
26
26
26
26
26
19
26
29
28
11
20
26
26
26
23
26
26
19
26
11
28
23
11
12
29
26
29
29
29
29
29
29
29
29
29
29
29
29
29
29
13
26
29
29
26
13
16
16
11
30
11
23
11
27
15
11
18
27
11
26
12
16
19
16
19
13
17
20
16
11
16
11
13
21
11
11
11
19
11
26
11
22
20
12
11
22
26
11
24
11
23
11
24
15
11
28
13
16
17
18
21
15
13
11
15
18
11
11
15
11
26
12
13
22
11
11
11
11
17
11
17
11
42
37
16
11
11
12
11
16
11
11
11
11
11
11
16
11
11
14
23
27
26
11
15
11
12
11
11
26
11
11
11
11
11
14
11
11
11
12
12
11
11
11
11
13
11
17
11
14
14
11
11
12
11
12
11
14
18
24
33
21
12
22
29
13
26
29
11
25
33
33
33
11
28
19
11
17
11
11
11
27
14
11
23
18
11
11
14
11
19
16
11
30
11
19
21
11
12
11
18
11
25
11
14
13
13
11
13
12
11
11
11
11
11
11
14
11
11
13
11
11
16
12
11
14
11
11
16
11
11
11
17
30
11
18
11
11
21
11
12
30
11
22
19
20
32
40
11
11
11
11
12
12
11
11
14
15
14
36
11
23
