102
109
101
104
107
113
113
103
111
108
109
101
101
114
113
119
119
109
101
101
101
110
113
101
118
113
102
103
106
103
101
101
117
101
110
101
101
112
101
105
106
106
103
106
113
101
120
106
103
101
101
106
106
102
113
113
106
103
101
120
106
109
106
104
108
101
109
106
102
113
115
101
106
101
102
114
101
106
109
106
106
116
116
126
101
101
101
103
101
108
103
101
122
101
116
117
103
111
104
101
114
104
111
110
114
104
101
101
101
101
110
107
101
104
103
101
128
112
120
101
120
103
119
120
111
105
101
115
101
102
101
