11
11
25
33
30
11
20
18
29
26
37
11
11
31
32
19
11
11
34
16
11
28
42
25
11
28
11
22
11
12
29
18
16
11
31
11
18
21
15
11
32
31
16
11
24
11
25
11
16
29
32
21
11
12
23
11
29
35
13
12
11
14
11
32
24
31
11
42
17
24
11
29
13
39
33
11
18
28
34
23
30
28
33
18
34
35
18
23
29
28
32
28
34
36
33
11
23
33
22
40
26
13
42
17
11
32
19
19
19
22
27
15
46
20
35
11
11
11
14
11
12
11
11
21
16
16
11
36
11
11
13
25
11
17
11
11
17
12
22
15
14
15
11
27
18
13
16
18
18
17
12
28
22
18
21
22
25
13
22
20
15
19
11
11
18
22
13
11
15
11
19
15
12
15
16
31
11
13
13
11
11
17
17
12
11
45
11
24
11
32
11
25
11
16
11
13
11
14
11
15
13
23
27
13
12
16
37
11
22
11
31
11
13
14
17
12
11
19
12
24
21
11
32
36
13
26
26
33
11
32
22
17
13
34
27
21
14
11
38
21
11
35
11
15
18
18
11
37
23
18
11
11
11
11
30
21
11
11
15
24
11
48
25
30
47
17
11
28
18
11
29
34
13
21
11
22
11
22
13
13
25
11
19
24
19
22
11
30
36
33
33
43
20
27
22
11
17
36
22
33
16
11
21
11
22
14
26
33
22
11
11
11
19
14
11
27
13
14
23
12
11
11
11
11
22
14
13
11
17
16
12
25
12
11
11
12
18
11
18
17
11
14
38
11
23
11
11
13
20
16
16
12
19
19
12
22
11
11
21
17
17
14
11
20
26
26
26
16
19
26
26
26
11
18
27
26
26
36
16
26
26
26
26
26
26
26
26
26
26
26
26
26
26
26
26
26
26
26
26
26
26
26
26
26
26
26
26
26
26
26
26
26
26
26
26
26
26
26
23
26
26
26
26
26
26
26
26
29
26
28
31
11
32
12
35
11
11
25
11
42
19
26
13
26
29
29
29
39
26
26
26
29
29
29
23
16
26
29
19
17
28
29
33
26
26
26
26
26
26
26
26
26
26
26
26
26
26
26
26
26
26
26
26
26
26
26
26
26
26
26
26
26
26
26
26
26
26
26
26
26
43
26
26
29
19
26
26
12
27
26
26
26
26
26
26
26
33
26
26
21
38
24
12
19
14
28
16
11
13
13
20
13
15
13
15
18
11
27
11
11
17
11
34
20
11
35
11
22
25
28
11
28
11
28
11
33
22
12
23
11
36
11
45
13
46
29
29
26
26
26
26
26
29
11
22
26
26
26
26
26
29
29
29
29
29
29
29
36
26
26
17
11
25
11
27
11
11
25
23
27
34
25
12
20
14
12
15
22
31
14
17
11
15
20
15
12
21
12
15
11
11
11
11
11
29
11
11
15
21
15
15
27
26
11
11
25
11
24
11
27
32
11
25
43
11
25
11
27
28
16
11
34
15
11
23
12
11
11
19
17
16
33
11
29
11
12
29
29
29
29
29
29
29
29
29
29
29
29
29
29
29
29
29
29
29
29
29
29
29
29
29
29
29
29
29
11
11
21
29
29
29
29
29
29
29
29
30
29
29
29
29
29
29
29
29
29
29
29
29
29
29
29
29
29
29
29
23
29
29
29
29
29
29
29
29
29
29
29
29
13
29
29
29
29
29
29
29
29
29
29
29
13
29
29
29
23
11
26
19
11
21
16
11
26
21
11
24
16
15
11
26
15
13
11
11
16
13
26
11
12
11
16
20
11
24
15
14
19
11
14
14
16
11
11
16
14
17
15
14
11
12
31
17
12
11
30
11
28
18
19
38
38
36
19
33
12
16
11
12
11
11
23
30
24
27
11
14
23
16
11
27
30
24
31
27
36
24
13
25
13
36
16
11
13
14
16
21
11
11
11
11
11
17
12
20
12
14
11
11
15
