17
11
11
11
11
11
18
11
11
11
11
11
11
12
12
11
11
18
11
13
13
12
11
11
11
11
12
13
11
11
11
11
11
11
11
11
13
15
12
11
11
15
11
11
16
14
13
11
12
33
11
17
11
11
18
13
14
11
11
11
21
18
11
14
11
14
16
11
14
23
18
14
11
11
27
11
11
26
11
15
12
15
11
20
29
23
15
30
27
14
13
16
12
37
36
11
21
34
33
38
17
32
26
38
20
23
21
28
22
29
11
12
44
12
17
11
35
25
34
29
11
11
19
35
11
34
11
11
17
36
19
11
11
19
35
11
11
29
18
37
11
34
29
11
23
26
36
21
18
29
28
17
11
28
23
33
19
26
12
37
18
11
17
29
29
39
29
19
44
22
32
21
11
18
11
11
17
46
11
20
14
13
28
20
11
39
17
12
12
11
12
12
16
11
11
16
16
11
12
12
14
11
11
11
11
14
15
11
13
12
11
13
11
15
13
11
18
11
11
13
19
11
11
21
11
16
11
21
19
16
11
45
31
32
13
49
11
21
20
36
35
11
16
25
11
11
33
12
13
26
27
30
11
24
24
23
18
13
26
27
29
17
23
39
11
12
14
18
19
11
12
13
21
11
17
25
11
24
32
11
29
17
11
23
11
17
11
23
16
27
11
23
12
26
20
11
25
26
24
11
13
28
36
27
24
15
13
29
11
13
15
11
21
12
13
11
11
11
11
11
11
11
11
14
13
11
17
15
12
11
11
36
11
20
11
11
14
11
11
11
11
13
11
12
13
13
15
11
11
26
22
19
11
11
11
31
15
13
18
11
13
23
15
17
11
11
19
27
11
16
11
20
11
18
11
15
11
14
11
11
17
21
12
18
12
11
17
11
16
11
16
16
12
11
28
15
24
26
29
11
28
31
14
11
28
36
52
25
35
17
23
24
36
43
25
11
11
13
13
13
11
15
30
14
17
22
19
20
29
11
22
21
28
13
17
33
20
16
15
12
11
15
14
15
11
32
28
14
21
17
11
35
31
11
19
30
11
34
12
15
16
23
16
19
11
39
11
11
51
40
11
11
11
18
11
31
11
12
13
15
20
36
33
11
51
26
26
26
26
26
26
26
39
33
11
18
33
20
21
13
14
11
11
15
12
11
16
14
13
23
16
11
24
11
12
19
11
11
14
21
11
11
12
14
11
21
25
30
11
21
13
27
20
11
29
18
25
11
14
14
17
30
11
13
11
13
11
21
11
11
20
31
14
21
11
11
13
13
22
11
36
26
15
11
27
11
29
11
11
17
26
11
19
12
23
13
34
12
11
27
12
19
14
24
19
30
16
14
11
23
32
11
22
11
13
11
11
28
20
12
36
11
19
22
39
11
11
11
21
25
11
17
11
29
15
12
13
11
12
11
11
22
19
11
18
11
24
12
20
20
11
15
13
15
11
11
18
11
11
12
16
15
11
11
11
23
11
11
13
14
14
18
11
12
11
11
15
11
11
16
15
32
20
12
12
11
11
12
11
16
16
15
12
17
11
11
11
12
11
11
11
13
13
11
11
11
14
17
20
14
11
11
11
16
11
15
16
27
18
28
21
23
13
21
11
15
28
17
18
27
19
13
15
24
11
14
31
21
11
34
26
32
11
17
25
11
29
19
11
11
14
18
21
12
16
14
22
25
11
31
11
11
17
11
11
12
12
23
12
11
15
13
11
11
11
20
12
11
16
11
16
11
17
12
21
18
11
14
11
13
