46
33
33
33
33
33
33
26
26
26
26
11
25
26
26
26
26
29
33
33
33
26
29
26
29
29
29
19
29
26
26
26
29
18
24
35
11
25
31
11
39
21
11
13
29
11
27
11
29
13
43
23
17
19
20
29
29
24
15
25
17
27
16
11
37
24
16
11
24
11
16
14
20
21
11
11
17
27
29
29
17
11
31
33
26
26
26
26
26
26
25
44
13
20
11
24
29
26
28
27
11
18
29
26
26
11
18
29
27
23
28
11
24
36
26
29
21
41
21
13
11
17
11
25
23
11
23
35
11
18
21
11
24
19
13
17
25
17
19
11
11
11
22
18
14
11
13
16
13
19
24
18
16
22
24
11
11
36
26
23
19
29
29
26
19
29
16
19
39
29
16
19
29
19
23
19
29
11
22
26
26
26
26
26
29
26
26
26
26
21
42
26
33
26
26
29
11
18
19
24
35
26
26
26
33
26
29
21
41
26
15
37
26
26
26
19
19
26
29
36
26
22
30
26
11
42
26
26
26
26
26
26
26
11
38
13
19
29
26
26
19
26
26
26
33
33
33
33
16
16
29
26
30
33
11
22
24
42
33
33
27
25
32
41
33
24
11
17
36
26
16
23
33
21
28
26
26
26
29
26
26
25
34
26
26
24
35
26
26
26
26
26
17
19
33
43
26
26
11
18
24
32
29
26
29
26
39
33
19
29
43
39
40
13
16
11
11
11
13
16
11
11
20
24
23
13
12
11
11
21
13
11
11
11
11
12
20
11
26
26
22
24
29
33
26
26
26
26
26
26
26
11
18
26
26
26
26
26
26
26
26
26
29
19
26
29
27
19
36
16
37
11
28
16
11
32
11
11
24
28
20
15
20
29
24
45
40
11
28
26
12
33
11
21
16
11
28
11
25
14
11
31
30
20
33
12
19
11
28
11
23
12
12
18
26
19
11
30
11
22
30
11
22
12
25
21
16
21
26
29
36
11
25
11
22
28
11
23
16
39
33
11
28
29
14
48
16
33
11
11
11
18
25
21
32
11
11
11
11
11
11
11
19
11
20
36
29
11
28
11
20
29
29
36
13
29
17
42
26
26
26
26
26
26
26
26
26
26
26
26
26
26
26
26
26
26
26
26
26
19
33
29
26
26
25
31
19
26
26
26
26
26
33
46
23
26
26
26
26
33
33
26
29
29
26
26
26
26
26
26
26
26
26
26
26
26
26
33
26
29
29
29
29
29
29
29
29
29
29
29
29
29
29
29
29
29
29
16
19
26
33
23
19
29
29
26
26
26
26
26
26
33
29
29
29
29
29
26
29
29
29
29
29
26
19
36
29
26
29
29
29
29
29
29
29
29
29
29
29
29
29
23
27
28
29
30
21
11
26
15
14
11
11
14
16
11
11
11
25
21
11
22
11
11
29
18
11
24
11
16
11
18
14
11
16
11
34
13
11
11
27
11
11
32
14
11
27
16
31
16
11
28
13
11
15
11
21
12
27
47
29
29
29
29
29
29
29
29
29
23
33
26
26
29
29
29
29
29
29
29
29
29
33
26
29
29
29
29
29
29
29
29
29
29
29
32
35
11
31
11
38
25
11
14
11
15
19
29
11
25
11
12
29
36
23
43
26
33
33
33
23
25
11
31
11
12
11
15
14
11
15
15
12
17
11
17
11
22
11
18
25
12
15
11
16
27
14
13
11
19
11
11
16
11
29
11
19
19
15
15
12
13
22
18
12
14
33
16
11
28
22
16
19
11
29
15
12
11
23
11
22
16
13
13
33
11
18
19
11
27
11
23
18
11
12
15
12
11
11
11
23
