101
101
108
101
102
101
101
114
101
101
102
104
109
101
101
103
115
102
102
104
107
122
102
106
104
109
140
106
108
101
103
117
126
104
112
103
117
125
101
105
132
101
103
101
120
101
115
105
106
107
101
106
114
104
112
102
111
107
103
122
101
106
133
113
104
105
109
109
101
115
121
126
103
111
103
101
115
119
101
102
112
101
110
104
104
117
101
116
101
103
104
109
105
101
113
112
102
101
115
101
106
101
101
105
121
105
101
101
103
101
101
101
103
103
101
101
113
103
110
102
101
101
103
106
108
110
101
106
102
101
101
102
103
101
101
101
101
101
101
101
129
103
113
103
101
101
103
103
101
103
101
104
107
110
111
101
131
102
101
101
101
101
102
101
103
103
101
101
101
103
101
107
108
104
101
102
