38
33
33
33
33
29
29
26
26
26
23
26
26
26
26
26
29
33
33
26
26
26
29
33
16
29
29
19
29
26
26
26
29
26
28
33
44
27
23
29
16
11
36
11
18
23
25
25
25
11
19
29
21
41
17
26
31
25
23
35
11
11
14
11
11
12
15
11
13
14
18
16
26
11
11
11
13
31
29
40
36
33
33
33
33
36
33
36
28
13
14
11
14
12
11
12
11
11
11
26
14
14
15
20
11
34
16
29
16
18
11
17
11
28
14
28
32
11
17
17
38
11
28
16
11
16
16
12
11
12
16
11
18
17
11
21
11
13
18
11
11
14
33
14
16
14
12
17
13
12
22
11
22
18
12
14
27
17
36
36
29
29
19
11
22
11
11
19
37
35
12
26
11
11
11
11
11
14
18
11
17
14
14
14
15
12
11
13
12
12
20
12
23
23
19
37
34
11
33
43
24
28
42
11
28
40
24
11
13
11
20
11
25
13
21
11
18
38
11
13
32
11
26
11
15
23
12
11
12
11
14
21
15
14
16
11
25
20
30
27
15
20
15
27
12
19
18
11
11
11
11
11
11
27
17
17
11
11
15
11
13
40
11
24
16
14
15
13
11
16
24
11
11
11
14
13
15
16
11
14
12
20
20
14
15
11
12
11
12
11
11
11
11
11
11
11
23
16
11
11
21
17
15
11
11
14
11
14
11
33
16
24
25
27
14
11
11
19
16
12
11
11
19
21
18
11
32
24
28
12
14
22
11
24
11
13
11
11
13
16
11
12
14
14
12
12
11
11
16
20
19
12
11
28
11
25
11
15
13
19
34
11
20
14
11
12
30
24
28
11
16
11
30
26
31
25
23
13
37
25
25
15
11
38
25
21
11
24
13
32
19
23
11
29
12
28
11
48
40
32
11
11
37
16
15
12
18
15
14
23
16
32
11
12
16
11
25
11
21
11
28
15
13
11
34
15
17
31
16
18
12
31
11
11
42
23
11
25
14
12
39
20
12
20
21
11
18
12
19
11
19
11
25
11
35
27
28
46
26
26
26
26
26
26
29
33
11
28
23
13
20
16
23
14
16
22
13
11
22
13
11
17
15
17
11
24
13
13
11
13
11
14
11
22
11
22
12
27
27
39
14
16
12
12
13
23
12
13
11
16
12
15
11
21
12
27
11
11
16
20
12
11
11
20
17
11
11
11
20
11
13
16
11
11
11
16
11
13
11
13
13
12
17
16
14
16
16
11
11
11
14
16
11
11
12
34
12
11
12
11
14
17
12
11
26
16
11
13
11
11
13
13
17
11
16
35
11
18
26
11
15
15
11
17
21
11
11
38
12
12
12
11
23
23
11
11
11
11
18
16
11
12
11
11
21
19
19
12
13
17
11
15
11
16
15
20
17
13
17
15
16
12
13
12
15
12
11
13
11
12
14
18
13
17
16
11
12
17
15
12
11
11
13
11
11
14
16
14
11
18
22
15
11
11
13
13
11
17
11
25
11
16
11
11
12
19
11
11
15
11
16
16
11
22
14
24
11
11
26
11
11
11
11
11
19
13
11
12
12
14
13
11
11
15
12
17
17
11
19
19
13
13
11
11
11
12
11
11
11
11
12
17
16
11
13
12
13
17
14
17
15
13
11
11
19
16
11
11
11
14
11
13
14
11
22
11
36
11
11
13
12
15
11
11
13
17
11
11
12
11
11
11
17
11
16
11
18
11
11
14
14
11
11
15
11
15
11
11
14
11
11
14
11
11
13
14
11
11
14
15
11
11
11
14
11
17
11
13
14
18
14
17
11
26
13
21
11
13
11
11
25
13
18
16
11
11
16
22
23
29
11
11
11
16
15
19
11
15
22
11
11
11
13
15
19
28
17
13
12
19
11
11
11
11
12
15
11
11
11
11
11
11
11
11
12
11
14
11
11
11
12
11
11
11
11
11
11
11
11
11
11
16
11
11
11
11
11
11
11
15
23
11
30
35
14
11
15
11
11
11
11
11
11
12
13
13
12
11
16
14
16
11
25
11
16
16
14
18
11
11
11
11
11
14
11
11
18
11
11
11
12
17
12
11
11
15
11
13
12
15
11
11
14
11
11
11
11
15
13
13
14
11
11
11
12
14
11
23
26
29
26
11
30
39
29
11
16
12
23
29
18
18
13
11
11
15
11
20
29
29
26
29
26
29
29
29
29
29
29
26
26
26
26
23
29
13
29
13
29
29
29
11
11
27
29
29
29
29
29
16
29
26
29
11
20
13
11
13
15
17
11
25
18
29
29
29
13
29
29
29
29
29
29
29
33
19
29
29
29
13
11
22
29
29
29
29
29
29
29
29
29
29
29
33
16
29
29
29
29
29
29
