11
16
11
38
28
17
11
15
11
33
15
19
26
23
15
11
17
32
11
11
11
13
16
24
25
29
12
33
29
23
26
33
26
26
22
34
26
26
24
28
29
30
19
26
26
26
26
26
26
26
30
39
33
29
17
42
33
33
33
26
26
26
26
11
22
26
26
26
33
33
33
33
26
26
26
26
22
47
19
19
26
26
33
33
36
33
33
26
26
26
23
26
26
26
26
33
33
33
33
33
29
23
33
26
26
26
26
19
19
26
29
22
20
22
22
16
11
42
11
24
35
33
11
19
26
33
36
35
13
11
27
20
16
11
25
11
24
11
11
12
15
19
17
18
22
11
12
19
43
29
19
19
20
14
11
11
47
12
24
34
14
12
43
28
41
26
11
42
26
26
26
26
26
26
26
26
26
26
26
26
26
26
23
26
26
26
26
26
26
26
26
26
11
18
29
26
25
34
21
38
26
22
27
26
26
26
26
26
26
26
26
29
26
24
52
16
27
29
26
36
11
18
26
26
26
26
20
11
18
29
29
33
33
26
19
26
26
26
26
33
26
26
26
33
33
29
33
33
33
19
28
11
25
36
24
22
15
15
37
34
11
12
11
13
24
14
11
13
13
15
11
13
11
11
30
14
17
18
11
12
11
21
11
15
24
16
11
12
14
11
12
11
19
31
19
16
11
15
30
36
11
31
43
13
31
33
31
34
11
36
15
39
38
14
21
11
37
11
20
16
11
11
38
40
23
35
16
19
11
16
16
11
28
16
17
11
32
14
17
18
13
14
16
15
15
20
13
20
11
19
11
42
17
12
13
33
14
20
11
24
24
21
11
36
11
15
19
11
42
12
40
11
42
18
17
11
24
17
33
23
46
33
26
26
26
26
26
26
33
26
21
35
23
11
22
16
13
14
16
13
28
13
11
14
16
20
14
11
13
11
22
11
17
11
17
15
31
14
23
17
12
27
32
13
14
17
18
17
32
15
16
17
11
27
12
11
25
11
18
12
29
15
11
28
13
11
11
15
11
18
15
11
11
12
11
13
20
17
11
13
21
18
18
22
19
12
21
14
11
33
11
12
39
11
11
14
11
33
11
15
13
11
11
19
12
11
15
14
21
23
11
20
11
37
13
25
11
32
11
16
26
13
30
14
15
15
18
11
14
13
22
11
14
20
18
15
27
22
31
18
11
23
36
36
34
20
24
27
18
11
31
34
14
11
36
16
14
11
18
45
18
25
35
17
11
15
26
11
43
19
35
36
27
23
36
15
19
11
26
35
11
33
30
11
28
26
17
20
11
33
37
30
19
14
32
20
12
13
19
23
11
22
11
11
19
13
27
26
28
15
19
38
11
25
40
36
31
38
30
32
11
12
38
38
22
16
19
13
36
20
12
19
16
27
35
11
25
13
16
20
11
27
11
18
19
21
25
29
11
28
11
16
17
11
38
11
11
23
11
19
16
11
31
18
