12
16
28
27
25
35
19
29
22
17
13
16
16
33
11
25
38
28
24
26
35
33
51
11
27
11
22
11
35
29
12
11
18
12
51
18
11
19
11
38
21
11
22
21
19
11
17
24
11
25
11
27
14
13
11
35
11
12
28
27
35
27
20
11
34
29
25
38
39
29
23
11
11
11
22
31
19
11
18
11
31
11
32
31
48
43
12
36
31
13
23
11
31
28
28
17
14
23
11
35
36
44
15
30
23
11
26
33
33
16
14
12
11
11
11
11
11
16
11
11
15
11
14
11
11
16
23
15
11
17
21
15
17
11
20
24
12
29
11
14
15
11
13
11
12
23
14
12
12
11
15
11
11
12
16
18
11
11
16
14
16
14
13
26
19
11
13
11
16
11
26
18
15
15
25
18
11
17
14
16
13
11
19
15
14
15
11
27
37
11
11
21
14
23
11
25
11
25
26
29
11
11
17
20
23
12
18
15
13
17
12
22
18
15
23
19
16
14
13
11
11
11
23
16
11
14
13
11
16
11
28
36
26
33
25
30
33
26
29
26
23
26
13
33
33
46
16
26
29
33
29
39
36
33
20
20
29
26
16
31
18
11
35
16
15
11
19
11
28
11
21
16
23
32
52
20
14
11
22
14
27
18
27
11
13
11
11
14
43
11
23
11
11
12
11
12
12
11
12
11
35
12
37
36
14
11
11
20
20
11
17
14
37
19
22
16
11
12
12
12
11
21
24
11
18
16
11
20
18
17
17
22
14
18
11
12
37
14
28
21
12
18
11
11
11
11
11
21
18
18
11
29
24
29
12
11
14
17
11
11
13
14
15
12
13
11
28
36
26
19
16
17
12
11
11
24
13
25
32
12
11
15
11
14
11
28
11
39
13
24
13
19
16
23
11
15
29
16
11
35
15
24
13
11
32
11
15
11
22
38
27
30
19
13
19
16
19
15
24
11
12
11
22
12
16
11
29
29
16
32
27
11
26
11
24
33
12
16
11
26
26
16
11
23
15
16
11
22
26
13
11
25
13
36
33
11
19
37
11
22
36
11
11
32
39
31
11
36
19
13
28
15
11
18
11
15
11
26
16
32
29
23
11
24
12
11
35
39
14
14
16
11
25
13
16
36
36
14
11
11
36
18
19
11
16
25
11
26
11
15
27
11
11
36
36
30
19
34
30
24
11
18
22
31
19
11
30
41
23
13
23
19
27
23
11
38
39
44
28
11
11
13
13
13
12
20
17
12
23
13
15
12
11
20
29
11
37
30
31
32
12
32
20
12
11
11
17
14
17
16
13
23
12
11
12
20
12
16
11
15
13
11
11
11
20
14
11
20
16
16
11
30
16
20
19
11
24
27
27
45
19
17
37
20
15
11
15
11
32
14
15
14
11
16
12
46
26
16
26
26
26
33
33
26
26
33
26
26
26
26
26
19
26
26
26
26
26
26
11
22
26
26
29
29
29
29
29
29
29
29
29
29
29
29
29
29
29
29
29
29
43
26
26
26
11
18
26
29
23
26
26
26
26
26
24
32
29
29
29
29
26
26
33
29
29
29
26
26
19
23
29
11
28
29
29
29
29
29
29
29
29
29
29
29
29
29
25
30
29
29
26
29
29
29
29
29
29
29
29
29
29
29
33
16
29
29
29
29
29
29
29
29
29
29
29
29
29
29
29
29
34
12
23
18
11
23
14
20
34
12
13
13
15
11
26
16
13
11
30
11
23
11
20
21
11
11
11
11
20
11
11
16
13
11
27
11
13
15
11
11
20
15
20
11
13
11
20
15
14
11
20
11
12
11
11
16
13
11
18
11
21
14
16
18
17
15
11
13
11
14
11
13
11
11
11
11
13
12
11
12
13
12
13
14
11
11
16
11
11
11
22
33
11
28
39
24
27
41
33
33
27
25
19
29
11
18
21
16
11
29
11
24
13
11
28
33
11
11
11
16
11
12
11
19
18
11
11
11
11
21
11
11
12
11
11
11
20
11
11
11
11
11
11
11
11
11
11
11
11
11
13
13
12
11
12
11
13
11
11
16
18
11
17
16
11
18
11
17
11
20
33
43
22
11
25
11
11
15
15
11
18
14
11
14
11
14
15
11
34
11
