105
102
104
102
101
103
101
102
102
120
126
101
107
129
117
101
108
116
101
107
105
104
102
108
102
102
101
104
104
103
116
105
114
111
106
106
109
101
101
124
101
101
112
101
107
105
114
105
128
126
101
113
101
103
104
101
103
113
101
101
101
111
114
113
106
113
119
101
101
104
123
112
106
105
101
116
101
102
121
105
101
125
103
119
101
110
103
109
118
119
101
103
122
116
103
101
101
114
101
101
101
137
101
101
103
111
101
101
101
103
101
101
102
107
115
101
103
110
126
109
101
109
101
112
113
106
103
113
103
109
109
119
119
119
101
102
114
109
101
101
101
103
108
101
104
110
103
104
110
106
101
105
108
101
101
105
109
119
106
101
102
107
124
105
101
101
101
103
106
118
115
106
101
