52
18
11
20
23
19
16
17
18
14
16
28
33
15
11
26
11
41
22
19
12
17
12
21
23
26
26
26
33
33
26
26
26
13
43
26
19
33
26
36
14
28
26
26
26
26
26
26
29
39
33
26
43
19
33
33
33
26
26
26
26
33
26
26
26
33
33
33
33
26
26
26
19
26
36
31
42
26
33
33
33
43
27
25
26
26
26
29
27
26
26
26
33
33
33
33
33
26
33
26
26
26
26
33
19
26
11
25
19
16
11
28
31
14
13
24
12
20
13
23
11
29
46
11
28
13
19
11
32
11
23
11
11
30
11
11
29
33
11
14
29
15
19
43
13
23
11
37
22
11
27
11
18
11
18
16
19
23
33
29
33
30
24
29
33
19
26
26
26
26
26
26
26
26
26
26
26
26
26
26
26
23
26
26
26
26
26
26
26
26
22
33
29
26
26
19
26
11
42
26
23
26
26
26
26
26
26
26
26
23
26
26
26
19
46
26
11
18
29
19
29
26
26
26
26
26
36
29
36
33
26
25
28
26
26
26
33
26
26
26
26
33
33
36
26
33
36
13
29
27
28
33
26
26
26
26
29
26
26
26
26
26
26
26
26
26
26
24
12
21
11
27
36
35
11
25
11
16
12
31
11
21
16
16
19
11
11
22
11
11
18
11
38
11
11
18
12
27
31
11
11
14
18
11
15
12
11
11
23
11
20
21
12
11
12
11
11
11
11
12
13
17
21
14
13
11
11
11
18
23
16
11
12
11
11
11
16
17
11
16
15
16
23
11
25
26
26
13
29
26
13
26
26
26
26
26
26
26
29
26
26
26
26
26
26
26
26
26
26
36
26
43
19
21
11
21
19
16
27
17
11
33
11
35
13
19
20
17
11
20
11
12
13
11
13
13
11
24
11
11
11
21
25
11
11
27
13
33
26
26
29
26
26
26
26
26
29
19
29
29
21
11
29
29
29
33
36
29
19
15
18
12
23
11
11
15
25
26
16
16
13
11
32
29
18
18
11
11
12
11
15
11
12
11
13
34
11
11
11
13
11
11
12
23
22
11
24
15
14
11
31
15
15
13
42
17
14
11
30
11
17
11
11
17
11
29
31
12
11
31
14
11
29
37
32
15
11
17
11
14
14
15
23
11
13
11
35
11
14
27
25
11
11
11
16
11
11
28
15
20
15
14
11
22
11
34
33
23
11
26
11
11
37
19
13
11
14
15
11
23
17
12
28
17
34
11
11
11
11
11
17
11
26
22
19
22
29
20
11
18
28
16
31
11
14
34
22
11
34
11
26
11
42
21
34
11
23
12
11
27
11
27
13
19
15
11
17
29
29
29
29
29
26
33
13
29
29
29
29
29
29
29
30
11
18
29
29
27
28
19
26
29
29
29
36
11
25
26
28
28
40
26
29
11
22
29
43
26
19
26
26
29
