43
33
33
33
33
33
13
29
17
11
25
14
11
17
21
15
15
12
23
11
11
26
12
23
33
38
28
33
29
28
35
11
14
13
11
11
20
16
15
11
16
15
11
12
20
11
14
16
11
17
12
15
12
35
15
14
11
32
19
29
33
29
17
45
11
29
35
11
19
16
19
13
16
23
16
18
11
27
11
33
23
16
11
38
28
28
13
11
19
30
11
22
34
14
24
16
20
11
13
18
13
11
31
11
11
26
16
14
13
11
12
17
11
14
13
12
15
14
11
11
11
14
11
11
11
12
12
16
11
12
15
12
32
25
24
11
13
13
11
20
27
13
15
33
11
11
16
13
16
12
11
11
19
11
15
11
11
11
13
18
19
15
11
20
11
11
11
12
11
21
15
13
11
15
22
11
22
22
17
11
12
13
11
13
13
18
32
18
15
12
11
11
11
19
15
22
11
12
11
11
15
12
11
11
11
12
15
19
11
11
15
16
16
11
17
11
13
12
11
11
14
21
13
20
18
16
16
13
21
14
23
11
11
19
17
21
15
11
16
13
11
11
12
17
13
20
19
17
13
18
21
11
24
27
24
12
21
12
25
13
19
15
11
14
11
11
12
12
11
15
20
11
11
16
11
16
16
15
19
12
11
14
16
11
18
12
11
11
13
14
21
14
23
17
11
14
20
11
11
16
13
11
13
13
23
14
11
14
27
12
11
24
12
11
13
17
12
12
11
11
11
11
27
11
15
17
12
13
28
11
17
17
11
26
33
12
19
11
14
11
13
13
17
18
19
13
19
14
17
11
11
14
11
13
14
11
13
13
12
22
12
11
13
15
18
22
19
11
30
17
11
13
11
16
11
15
15
18
11
21
16
21
23
11
19
13
12
15
11
15
11
16
14
12
27
11
16
22
12
13
16
19
11
13
11
20
11
23
16
11
14
13
34
13
26
26
21
35
26
26
21
35
26
26
29
19
29
26
26
26
26
26
26
26
26
26
26
26
26
26
26
26
26
26
26
26
26
26
26
26
26
26
26
26
26
26
26
26
26
26
26
26
26
26
26
26
29
26
26
26
26
26
26
26
29
19
26
19
11
15
27
38
29
29
13
19
17
48
25
27
29
23
11
20
38
28
18
29
20
19
37
36
12
28
11
14
21
11
20
26
11
11
33
11
12
27
11
34
11
21
35
12
32
22
11
27
29
29
15
11
11
28
28
17
19
30
28
37
29
28
38
11
28
11
28
11
31
24
38
36
11
15
24
11
24
11
36
11
20
28
36
18
11
20
38
29
34
31
38
14
25
28
37
36
11
11
28
12
28
18
20
19
28
37
19
19
33
23
27
34
34
37
16
13
29
14
22
30
28
28
11
12
32
39
19
19
35
11
28
19
11
20
19
19
16
12
17
11
38
30
27
11
29
28
11
30
25
35
11
20
28
11
27
11
36
11
15
11
11
14
16
26
26
12
17
11
11
27
11
18
14
24
25
14
26
11
27
11
13
14
15
13
24
11
21
12
16
11
33
13
25
11
36
19
11
11
11
17
36
39
29
28
19
19
28
