101
103
102
110
105
122
113
107
104
114
116
107
104
101
104
101
101
103
101
104
104
103
102
113
103
102
103
104
105
108
103
101
104
101
104
106
104
101
106
101
102
105
105
106
102
109
103
102
108
108
101
117
101
101
101
102
103
113
101
102
102
103
102
104
104
101
103
119
101
110
109
103
106
106
106
106
106
106
106
106
106
103
106
109
109
101
106
101
106
109
101
116
106
106
106
106
106
106
106
106
109
101
101
106
106
101
101
105
101
109
117
107
106
101
113
106
116
109
119
109
109
101
101
101
101
104
101
111
104
106
117
115
101
110
114
110
101
104
101
101
103
102
101
110
115
113
115
113
116
106
103
101
101
101
116
101
115
115
114
102
114
116
101
101
104
106
115
101
101
115
101
115
101
101
