101
122
112
109
123
101
115
106
122
104
101
108
113
109
101
102
105
101
106
106
109
126
101
105
120
114
101
112
106
106
111
105
101
101
127
106
101
119
119
109
109
113
106
106
101
103
105
109
106
106
106
116
103
113
101
122
101
126
101
103
101
101
101
114
106
123
133
106
101
120
119
109
109
116
106
106
106
106
106
106
101
103
106
108
112
101
109
106
113
101
102
101
102
103
106
112
101
101
101
104
116
117
111
106
101
126
103
109
101
101
101
109
114
101
101
103
102
118
103
101
113
109
116
124
108
101
103
123
107
