108
103
102
101
110
101
102
101
103
101
102
118
101
114
107
105
101
102
103
114
109
107
101
105
101
105
104
101
103
114
138
110
101
111
101
101
129
107
101
102
113
110
119
107
101
123
116
129
101
114
101
106
103
108
101
101
101
115
113
112
101
101
101
104
107
104
101
114
104
101
129
105
101
103
106
115
109
125
116
101
122
126
107
104
107
111
107
106
110
103
101
112
101
101
115
118
128
120
125
126
108
104
115
101
101
113
104
101
104
128
126
113
105
107
101
104
104
108
109
118
117
119
113
101
116
117
112
101
101
103
104
108
113
101
101
106
101
115
101
101
108
105
101
102
101
101
101
101
101
101
101
107
101
101
101
101
101
101
102
101
101
101
103
107
101
128
116
104
110
101
124
125
101
