18
26
13
11
13
16
12
23
11
18
13
29
23
11
19
11
43
22
30
11
24
32
11
26
11
24
36
16
19
32
11
28
11
37
11
11
30
11
12
29
27
11
27
11
13
22
11
24
11
25
21
33
24
28
35
29
23
34
11
19
13
30
11
13
11
11
11
12
11
11
11
13
19
11
11
11
11
11
11
24
18
11
11
11
12
14
11
29
15
16
19
12
14
11
12
13
16
26
12
11
11
11
11
11
14
11
12
19
11
12
14
12
11
11
11
11
11
13
14
14
13
13
12
16
11
12
19
11
13
11
11
21
12
11
18
17
16
15
16
11
48
27
11
18
11
13
15
11
35
11
14
11
31
11
17
11
11
27
11
27
23
11
19
11
24
18
11
21
20
24
11
22
13
18
11
12
11
15
37
25
11
11
11
11
13
18
11
12
18
11
11
15
18
11
11
11
11
11
12
11
12
13
11
11
17
11
13
13
14
21
12
12
12
11
11
13
13
11
19
11
12
11
11
11
14
15
12
12
16
23
11
12
13
11
13
16
11
14
16
11
11
11
11
11
18
21
11
11
11
11
11
14
11
11
11
11
11
12
11
11
11
11
11
11
11
11
11
11
11
11
11
11
11
11
11
11
11
11
11
11
11
13
11
11
11
11
32
13
11
15
14
11
24
15
11
11
11
28
11
17
13
11
30
25
14
34
11
15
12
11
11
24
18
11
27
11
19
11
13
11
17
11
15
12
11
11
17
29
35
31
11
11
18
11
11
14
11
20
11
15
13
11
30
11
22
11
15
29
28
13
11
19
25
13
19
11
32
11
12
11
20
11
32
33
26
33
26
26
26
26
33
26
26
26
33
33
29
33
33
33
11
28
33
33
11
18
26
26
26
26
29
26
26
26
26
26
26
26
26
26
26
22
25
15
16
20
13
22
13
11
30
11
22
11
36
25
11
26
13
16
36
32
27
29
26
23
26
36
29
27
29
43
20
29
29
46
39
19
26
26
26
11
18
26
26
26
36
26
26
33
19
26
29
26
26
26
26
26
26
26
26
26
26
26
26
26
26
26
26
26
26
26
26
26
26
26
26
26
26
22
36
33
11
26
37
11
11
37
27
11
25
42
45
19
38
19
31
41
11
18
20
11
22
16
11
11
33
16
14
16
19
19
19
17
14
11
25
11
11
11
27
13
11
30
17
36
23
26
26
29
11
22
18
31
19
24
11
24
39
11
11
19
14
13
14
12
14
28
27
15
11
15
14
12
21
13
11
30
36
11
27
16
11
11
13
20
11
28
12
14
11
28
17
11
37
11
33
31
11
27
11
23
18
11
28
15
15
14
19
11
32
33
21
13
11
12
30
21
23
11
12
21
11
13
15
19
11
11
14
11
11
15
13
13
13
17
17
12
15
18
33
14
46
18
12
12
12
13
31
33
16
13
16
20
19
15
11
24
20
11
11
24
11
20
13
11
15
13
23
15
43
32
23
11
23
21
24
22
11
21
21
35
12
11
11
29
31
26
20
11
11
16
13
23
16
22
25
24
16
19
21
39
15
19
11
