36
11
11
32
20
49
11
24
11
11
22
26
36
13
16
15
26
51
19
11
11
11
11
11
29
11
20
16
11
12
35
11
12
15
11
11
30
22
11
11
24
15
13
14
11
14
11
16
12
12
11
11
15
12
11
12
11
16
11
12
26
46
19
19
29
11
22
11
18
24
19
23
12
32
21
14
16
20
16
11
18
11
11
16
17
17
11
32
12
17
35
28
11
38
27
11
26
14
16
12
24
11
25
11
22
11
11
14
11
11
24
15
18
16
12
11
11
15
11
12
11
12
11
13
15
12
18
11
11
14
13
14
17
11
13
15
11
16
15
15
17
11
23
22
15
11
13
16
11
14
15
13
15
11
11
12
16
11
22
12
12
12
11
12
23
19
12
12
12
11
15
19
11
11
11
17
11
11
13
11
15
23
33
11
11
16
14
17
14
11
11
21
23
18
11
17
11
11
12
21
12
22
18
24
12
11
11
11
21
13
11
12
13
12
11
11
11
11
11
11
11
17
15
11
11
15
12
11
11
13
11
15
11
12
13
18
14
11
12
16
13
12
11
19
14
14
11
11
14
15
13
12
12
14
11
12
11
11
18
11
13
14
11
12
13
16
13
11
13
11
11
13
11
21
11
16
16
13
11
33
28
17
16
25
11
22
16
12
13
11
13
17
17
12
11
12
12
11
23
12
11
19
21
11
11
12
21
14
17
13
20
11
16
11
11
15
25
18
20
14
12
14
16
17
11
12
20
16
11
19
27
23
11
13
14
15
12
11
14
11
11
16
11
11
11
23
11
14
24
14
18
12
11
14
11
16
15
11
20
16
14
11
29
16
17
11
19
14
18
15
15
15
13
13
13
16
11
19
12
11
13
12
16
18
27
12
16
19
11
22
17
23
11
11
12
11
19
14
27
12
16
11
21
11
21
11
15
16
11
12
13
12
11
11
31
14
13
17
11
12
11
16
11
16
11
12
15
11
13
21
24
19
26
26
21
28
26
26
19
30
26
26
26
29
23
26
26
26
26
26
26
26
26
26
26
26
26
26
26
26
26
26
26
26
26
26
26
26
26
26
26
26
26
26
26
26
26
26
26
26
26
26
26
26
22
27
26
26
26
26
26
26
26
29
26
26
26
30
19
33
29
22
11
33
13
20
26
26
26
11
22
29
29
16
26
26
26
26
26
29
29
23
26
29
19
23
11
28
29
29
26
26
26
26
26
26
26
26
26
26
26
26
26
26
26
26
26
26
26
26
26
26
26
26
26
26
26
26
26
26
26
26
26
26
26
26
29
19
26
26
26
49
26
23
11
25
26
26
26
26
26
26
26
13
26
26
20
12
11
12
22
13
19
20
22
14
11
26
11
15
26
11
24
18
21
14
42
32
36
34
32
13
38
33
24
23
33
26
19
30
11
45
29
20
17
32
16
16
29
29
36
26
26
24
28
33
29
26
26
26
26
26
29
29
29
29
29
29
26
26
26
22
11
21
14
11
11
17
11
24
30
23
11
12
31
14
11
11
12
15
18
18
24
15
13
11
11
13
15
11
39
21
15
35
11
15
14
13
15
14
15
18
27
17
12
29
11
26
11
20
22
19
23
11
17
11
11
19
29
11
35
29
29
27
11
19
23
24
11
27
29
23
14
29
28
11
27
28
27
25
11
12
11
26
31
21
22
30
28
28
29
19
32
16
19
28
29
28
22
11
11
11
15
11
15
11
17
18
11
12
11
15
11
11
11
18
12
11
22
11
13
19
20
11
15
13
13
12
20
11
11
11
13
11
11
13
16
12
28
28
28
29
29
27
29
26
29
28
29
28
28
29
28
28
29
27
29
28
27
30
29
28
19
28
29
29
21
23
12
27
11
22
26
28
27
11
28
11
26
11
23
19
14
11
28
28
30
28
28
29
23
14
11
27
28
27
30
28
27
30
28
27
29
28
27
25
27
23
25
27
29
28
27
24
22
11
28
29
11
27
27
11
22
25
28
35
11
21
27
11
28
26
11
11
28
36
29
19
19
37
11
28
29
19
38
11
11
27
28
24
14
11
15
12
37
19
28
37
19
37
11
28
29
28
28
29
29
34
28
19
28
28
19
18
11
27
18
28
