121
104
113
108
126
113
109
106
106
106
123
123
101
105
113
101
112
101
106
103
113
103
126
101
113
123
104
124
124
101
109
106
109
105
108
104
101
102
106
106
106
103
106
113
107
115
106
106
133
101
118
103
126
101
112
119
101
113
101
101
102
107
101
104
101
101
120
101
101
123
108
106
112
110
101
118
112
129
101
102
124
103
106
113
113
102
101
105
101
102
111
101
101
112
103
117
112
101
105
111
106
105
103
106
101
101
108
106
105
108
124
125
119
101
110
103
113
117
102
119
102
112
101
101
104
106
101
101
107
122
104
