101
101
101
101
101
101
101
111
101
102
104
113
102
103
101
114
103
108
121
101
112
106
118
101
126
101
101
105
117
101
105
101
116
103
102
107
105
101
140
127
124
108
109
102
101
101
101
111
102
101
123
105
104
116
103
106
101
101
113
101
107
104
106
105
101
117
101
141
101
104
102
103
102
115
105
103
117
107
101
123
101
101
101
105
106
101
110
101
114
109
112
105
105
101
113
102
110
101
101
117
121
106
101
101
101
109
110
101
101
102
105
106
106
110
102
101
101
113
114
101
102
103
113
106
105
114
110
102
