105
101
121
109
114
106
120
104
124
107
126
120
121
111
107
103
104
101
107
105
101
103
101
101
111
111
109
115
102
107
104
101
103
103
111
109
101
101
102
103
101
101
105
108
109
123
101
116
116
101
102
105
101
115
105
105
110
102
115
106
108
115
103
101
104
105
101
101
107
105
101
101
101
101
101
103
101
108
105
103
105
103
101
101
101
103
102
101
102
106
101
109
101
101
101
101
101
106
104
107
109
102
122
101
102
101
103
101
112
101
103
117
109
101
110
122
110
116
107
108
105
112
106
122
106
101
101
101
119
106
121
101
103
101
101
101
114
102
106
126
101
101
114
112
106
102
113
101
113
108
106
101
101
101
103
115
101
101
110
101
101
101
114
108
108
102
101
101
101
106
115
125
103
101
113
