11
11
27
13
12
26
37
29
11
46
15
16
16
16
19
13
16
26
11
22
16
23
39
23
23
11
14
23
11
21
13
15
13
35
11
16
24
21
15
26
11
24
14
16
35
24
11
30
36
16
21
11
23
11
26
28
17
13
11
11
11
14
16
24
17
15
13
36
23
20
11
11
16
15
13
11
30
35
49
21
11
18
20
36
17
20
11
35
16
11
31
17
12
11
38
40
24
27
12
16
23
11
21
15
11
11
11
12
11
16
11
11
11
11
19
11
14
16
20
13
14
12
11
11
13
11
11
12
11
12
11
11
11
11
15
26
12
11
25
13
14
11
11
11
11
14
12
26
12
23
21
23
25
11
28
29
15
12
13
11
19
11
13
11
11
12
13
24
11
11
11
11
11
11
11
11
11
11
11
11
13
15
11
14
11
11
11
11
11
19
11
11
11
15
13
11
16
11
12
11
11
12
15
11
11
12
11
11
11
22
18
11
27
11
20
11
28
14
22
13
11
51
11
29
20
11
26
11
11
28
31
20
11
13
33
41
27
11
41
47
25
36
25
45
36
17
34
11
19
22
22
33
11
15
30
33
25
11
13
11
11
11
24
36
16
13
11
31
18
11
19
11
30
31
11
15
21
23
20
24
11
11
20
11
31
24
24
11
28
35
33
11
29
34
24
11
14
11
28
29
22
17
11
28
25
25
11
51
21
11
11
17
13
33
19
30
12
37
40
38
27
39
23
14
11
17
26
11
11
17
11
12
25
37
11
20
11
11
35
17
39
11
18
27
31
34
17
25
25
35
11
15
22
20
28
36
11
27
11
38
11
25
11
38
11
11
26
11
36
42
17
19
11
11
15
13
19
28
11
13
22
17
13
25
15
11
18
11
15
16
12
11
18
16
12
13
12
14
18
21
11
24
19
29
39
11
28
26
11
11
27
36
11
18
11
35
12
29
20
33
24
18
30
34
11
18
20
29
28
32
25
28
38
16
12
37
29
37
33
25
37
26
11
11
37
11
18
28
38
26
11
30
19
28
17
11
22
23
12
17
39
11
17
25
14
28
11
11
20
11
24
30
11
26
16
32
19
19
11
18
36
11
28
11
34
27
26
43
29
29
29
26
26
26
26
26
26
26
26
26
26
26
26
26
26
26
26
26
26
26
26
26
26
26
26
26
26
26
26
26
26
26
26
26
26
26
26
26
29
19
26
26
29
19
26
26
33
26
26
26
26
26
26
26
24
28
26
26
11
18
33
36
41
31
14
11
14
11
14
21
22
11
16
11
22
11
14
16
35
13
20
17
11
13
13
21
14
29
20
35
22
23
11
22
31
21
24
35
36
29
14
42
29
29
19
26
26
26
23
21
11
29
29
26
26
26
23
29
29
29
29
29
29
29
19
26
25
37
11
31
11
24
11
23
18
11
27
14
16
11
21
12
21
11
33
38
15
11
11
34
12
11
25
11
11
44
11
17
11
30
19
11
11
11
22
12
29
28
20
20
28
11
28
28
11
27
20
22
23
11
20
28
29
29
28
11
11
22
12
26
11
29
11
27
28
21
11
11
23
19
37
11
12
23
11
23
14
11
26
29
29
27
24
22
11
20
37
30
30
28
27
11
11
11
14
11
11
14
11
22
21
14
12
11
11
14
19
15
12
12
13
15
20
14
11
11
14
11
11
11
12
17
11
14
17
12
13
11
11
29
28
27
29
30
27
29
29
15
28
29
29
27
29
28
27
29
28
27
29
28
28
29
30
27
29
28
30
28
11
37
11
26
11
11
27
28
19
28
28
19
28
20
11
38
19
28
29
27
11
28
29
11
27
28
28
27
11
28
27
29
29
29
28
29
27
25
27
29
11
27
27
29
11
27
28
16
29
30
26
12
28
11
27
29
27
30
28
29
19
28
28
37
39
27
27
21
27
21
28
29
37
31
28
29
25
13
13
19
21
11
35
11
11
37
29
36
39
29
29
28
29
27
11
25
19
28
28
29
27
20
28
27
11
25
