11
11
16
12
11
38
23
13
13
19
29
25
28
33
11
24
11
25
35
11
26
16
34
11
25
27
24
11
22
13
20
12
34
26
15
11
32
30
15
19
11
27
31
23
34
35
20
34
15
11
11
14
35
13
17
13
46
31
12
18
33
24
11
34
25
49
20
40
35
14
13
23
14
11
17
31
29
33
31
12
11
11
17
26
11
23
13
15
11
15
19
20
12
11
11
20
13
16
11
18
12
14
11
18
25
12
11
11
12
13
11
13
11
11
11
11
11
11
11
18
21
12
13
15
13
12
13
14
11
15
11
38
11
27
11
11
33
14
13
33
23
16
24
13
11
22
15
12
13
13
13
12
29
13
15
11
17
36
21
16
36
36
12
11
25
15
17
16
21
21
19
37
13
12
14
17
14
11
11
11
12
11
11
11
11
28
18
11
13
14
27
19
11
11
11
11
24
11
29
13
22
30
27
23
11
16
11
26
25
17
15
11
11
30
13
19
14
11
14
25
11
13
15
11
13
22
21
11
18
11
11
26
11
12
16
32
11
14
50
28
21
18
20
33
11
31
19
26
29
26
23
26
33
33
31
17
41
26
29
39
29
19
36
33
26
11
15
11
25
23
36
13
39
32
14
12
21
15
14
12
25
11
43
16
12
22
11
43
20
15
18
30
19
13
13
11
26
19
19
39
11
15
11
11
12
14
11
11
14
16
14
28
12
16
11
27
19
27
13
11
11
20
11
22
11
35
34
35
49
11
11
11
11
24
31
11
17
14
33
40
27
16
11
39
11
24
17
12
11
12
12
11
11
11
20
36
11
24
19
12
23
17
19
11
18
11
13
18
14
14
18
12
11
22
12
11
15
14
22
11
12
11
15
11
11
13
20
11
13
13
16
11
13
11
15
14
13
13
11
12
18
13
14
11
12
12
11
12
12
11
11
11
11
16
12
11
11
14
15
11
19
11
11
11
12
11
11
12
15
20
11
11
13
22
13
11
11
11
11
11
12
12
12
14
33
11
32
35
11
14
11
15
15
13
11
11
11
11
16
12
11
11
14
15
17
11
11
12
11
14
11
14
16
20
15
11
11
15
11
18
11
11
12
15
11
11
15
12
16
11
11
11
11
11
11
13
11
11
12
11
19
11
18
11
11
16
11
11
11
16
14
11
11
11
11
24
14
13
11
13
12
11
12
13
11
12
18
14
18
28
16
14
25
13
11
13
14
11
12
22
23
12
11
11
11
12
14
17
11
11
11
11
15
15
11
13
13
11
17
24
19
12
13
12
12
11
14
21
13
11
11
11
15
13
11
11
14
16
13
11
12
11
15
28
23
18
11
27
11
13
14
12
11
11
20
11
11
11
18
16
11
11
14
12
11
11
11
11
16
14
13
20
11
39
39
11
11
11
30
29
35
21
35
15
16
12
28
14
11
11
27
11
35
23
25
12
21
20
11
24
30
11
25
11
21
11
15
20
44
23
43
11
28
25
11
24
11
15
11
11
12
12
11
13
13
16
11
11
14
17
25
24
25
23
11
32
11
42
11
23
17
13
19
16
25
14
11
18
30
35
31
33
28
29
30
11
31
37
39
36
11
28
21
11
25
28
19
17
15
23
19
32
23
11
20
15
16
22
11
28
11
24
11
26
32
15
11
18
27
45
23
12
40
13
25
20
15
31
23
12
16
11
32
26
24
15
20
11
24
19
35
17
43
11
28
23
35
30
16
11
42
16
19
20
22
36
11
31
41
13
13
31
15
11
24
17
13
23
11
29
13
11
28
13
13
11
11
20
11
28
36
14
22
21
26
19
11
27
11
11
33
32
13
13
12
20
11
12
25
11
25
11
19
16
16
11
34
11
36
16
17
35
19
11
11
11
17
16
11
27
11
11
25
18
31
14
11
23
27
21
14
15
18
31
11
29
11
25
19
11
20
14
16
13
11
11
19
11
30
11
32
30
26
16
28
14
15
11
27
11
26
11
23
11
25
36
11
27
26
19
11
21
11
11
12
11
19
11
20
26
17
11
11
11
11
15
11
19
15
13
11
12
11
17
11
11
12
11
11
11
23
11
11
21
11
22
18
14
11
25
16
11
11
14
11
12
13
17
11
13
28
37
13
14
13
19
19
20
11
13
11
11
13
12
11
12
11
11
11
11
19
12
11
15
22
11
11
14
11
19
32
11
11
14
12
17
11
18
13
18
15
16
12
28
23
27
26
11
11
24
11
11
11
12
14
11
11
16
13
11
18
11
18
19
11
20
11
11
11
11
16
11
16
11
17
11
11
19
11
11
12
12
11
27
11
32
13
18
11
19
21
11
29
31
16
16
11
27
11
24
15
29
11
28
18
13
17
15
28
20
