12
11
11
11
11
13
11
11
11
28
21
16
19
11
11
11
11
11
11
11
11
13
11
11
20
19
19
19
12
11
11
11
18
16
11
11
29
19
11
14
11
11
15
32
29
11
14
11
12
12
11
12
13
11
11
11
11
14
11
11
14
15
15
17
11
31
24
13
11
20
14
11
11
24
11
21
28
29
33
27
19
22
33
39
19
29
19
28
26
11
11
37
29
37
21
19
26
11
11
11
13
19
25
36
25
13
28
29
38
17
11
40
28
28
37
11
11
17
13
33
11
16
31
17
11
11
34
11
31
27
36
11
35
39
11
30
32
16
32
11
11
28
31
24
11
11
31
11
34
24
24
29
22
32
21
11
11
25
24
22
29
14
24
27
11
18
29
38
22
26
38
35
41
23
21
14
23
18
23
11
28
11
24
21
24
13
25
19
11
29
11
35
22
27
13
11
22
11
14
35
30
25
46
19
11
35
26
34
11
38
31
43
19
11
30
49
11
26
13
11
23
11
21
16
11
18
13
28
21
11
12
20
11
18
27
11
29
15
12
31
27
15
12
23
11
26
11
11
14
11
18
11
20
26
27
11
22
44
14
13
11
21
11
11
16
13
11
18
11
22
11
19
11
21
30
11
24
15
13
11
28
32
11
22
36
11
11
15
39
33
23
36
11
11
44
11
14
39
15
19
28
11
27
38
30
27
15
11
11
30
17
29
18
11
18
29
11
22
32
36
23
26
11
11
28
22
11
11
28
35
12
28
28
26
34
28
22
13
37
36
11
12
36
30
19
11
11
36
14
12
38
18
11
21
18
40
11
16
12
23
19
18
20
11
14
16
11
23
11
11
17
12
11
19
11
28
29
38
26
11
21
29
38
26
41
35
19
11
37
11
31
33
11
13
23
28
36
11
11
37
11
13
22
11
19
11
34
11
18
36
11
38
36
11
19
11
28
22
34
29
33
12
11
28
19
29
22
22
16
14
21
19
23
12
28
33
22
29
11
23
11
17
13
11
18
11
38
24
22
12
27
11
11
22
23
30
33
14
29
29
27
20
11
36
37
11
18
28
28
19
19
27
20
28
37
11
20
27
34
22
19
48
11
31
11
29
13
28
11
29
26
28
32
13
11
29
38
19
11
35
11
29
18
18
11
34
11
11
28
11
27
29
38
19
28
28
16
12
37
29
28
35
13
38
37
36
39
32
34
11
17
11
11
28
37
32
11
33
19
16
31
34
16
27
26
29
11
27
27
11
15
12
28
29
29
19
32
21
39
39
11
35
26
11
16
22
11
28
11
38
19
11
28
27
23
26
35
11
19
28
28
29
23
24
33
22
