106
109
108
104
103
101
105
102
101
101
101
120
101
111
101
101
101
101
101
101
101
101
101
101
101
101
101
101
101
101
102
109
102
101
101
101
101
101
101
101
106
123
101
101
101
101
101
101
110
106
103
109
101
101
106
101
101
101
105
101
101
101
101
106
101
101
111
101
112
106
113
101
101
101
101
101
101
101
101
101
101
101
101
101
109
101
101
101
101
101
101
101
101
101
101
104
101
101
101
106
101
101
101
101
108
101
101
101
101
101
101
101
101
101
111
101
101
101
101
101
101
101
101
101
101
101
101
102
101
101
111
103
101
101
101
101
101
101
101
101
101
101
101
101
101
101
101
101
101
101
101
101
101
101
101
101
101
101
101
101
101
101
101
101
101
101
101
101
101
101
101
101
101
101
