101
101
101
101
101
101
101
101
106
101
101
101
101
101
102
110
101
101
101
101
112
109
109
101
101
101
101
101
105
103
106
102
101
113
101
105
101
101
103
101
101
101
101
102
107
101
101
101
101
101
101
101
101
101
101
101
101
101
101
101
101
101
103
101
101
101
101
101
101
101
101
101
101
101
101
101
101
101
101
101
101
101
101
101
101
101
101
101
101
104
101
101
101
101
101
103
101
101
101
116
109
106
101
101
104
101
118
113
101
115
101
112
113
101
102
101
101
104
101
101
101
101
101
101
101
101
101
101
102
101
101
109
101
