101
101
112
101
101
101
101
101
101
113
110
101
101
101
101
101
102
101
116
101
101
101
101
101
101
101
101
101
101
101
101
101
101
101
101
101
101
101
101
105
101
102
101
101
101
101
101
101
101
101
102
101
101
106
101
101
110
104
101
101
101
101
101
103
101
101
101
101
101
101
101
101
101
101
101
101
102
101
101
101
101
101
101
101
101
101
101
101
101
101
101
101
101
104
101
108
102
103
101
101
110
101
101
101
101
101
101
101
102
101
101
101
101
101
101
101
101
101
101
101
101
101
101
101
101
101
101
108
101
101
101
101
101
102
105
101
102
