101
101
101
101
105
101
107
101
102
101
101
101
101
101
101
101
101
101
101
101
101
111
101
101
101
101
101
101
106
103
106
109
106
101
101
101
108
101
101
101
106
113
101
110
101
101
101
101
102
101
101
101
101
101
101
101
101
108
101
101
107
102
101
101
101
101
101
107
101
111
108
111
106
103
101
101
103
101
101
101
101
101
116
101
101
101
101
101
101
101
101
101
101
113
101
101
101
101
105
101
101
101
101
101
101
101
102
106
101
101
101
113
103
101
113
105
101
108
101
115
101
101
101
101
101
101
101
101
101
116
101
111
101
101
101
101
101
101
101
101
101
101
101
101
101
101
101
101
101
101
101
101
101
101
101
101
101
101
101
101
101
101
101
101
101
101
101
101
101
101
101
101
101
101
