101
104
101
101
101
104
101
101
101
101
104
101
101
101
102
101
101
101
101
101
101
101
101
101
101
102
101
101
101
101
101
101
101
101
101
101
101
101
101
102
101
101
111
101
101
106
101
102
106
101
101
101
101
101
101
101
101
101
101
101
101
101
102
101
101
101
101
105
101
101
101
101
101
103
106
101
101
101
105
101
101
101
101
101
101
101
101
101
101
101
101
102
101
101
101
101
101
108
104
101
101
101
101
106
101
101
101
101
101
111
101
101
101
101
109
101
101
107
102
101
101
105
101
101
110
101
101
101
102
101
101
101
101
101
101
101
101
101
101
101
101
101
101
101
101
101
101
101
101
101
101
101
101
101
101
101
101
101
101
101
101
101
101
101
101
101
101
101
101
101
101
101
101
101
101
