101
101
101
101
101
101
101
101
101
106
101
101
101
101
101
101
101
101
112
101
101
101
101
101
101
101
105
106
101
108
101
101
101
101
102
101
102
101
101
101
101
101
101
101
101
101
105
101
101
105
106
103
109
113
103
101
101
101
101
102
106
101
101
101
101
105
101
101
107
101
101
101
101
101
101
108
105
101
101
101
101
101
101
101
101
101
101
113
101
111
103
101
101
109
101
101
101
102
101
101
101
101
101
101
101
101
101
101
113
101
101
101
101
101
103
101
101
101
101
101
101
101
101
101
101
104
101
101
101
101
101
101
101
104
101
101
