111
101
110
101
101
104
101
106
101
101
101
101
105
101
101
107
101
101
108
101
101
101
101
101
110
101
101
101
101
101
101
101
101
101
101
101
103
101
101
101
102
101
101
101
101
101
101
101
101
101
101
101
101
101
101
101
116
101
115
101
101
101
101
101
105
101
106
101
101
101
101
101
101
101
101
101
101
101
101
101
111
101
110
101
101
101
101
101
101
101
101
101
102
101
101
106
101
101
101
101
101
101
101
101
101
101
101
101
101
101
101
101
101
101
101
101
101
101
101
101
101
101
101
101
101
101
101
101
105
101
101
101
101
101
101
106
103
101
101
101
101
101
101
101
101
101
101
101
101
101
101
101
101
101
101
101
101
101
101
101
101
101
101
101
101
101
101
101
101
101
101
101
101
101
101
