101
101
101
101
101
101
107
104
108
116
112
101
108
103
101
101
101
101
101
101
101
103
113
106
101
101
111
109
101
101
104
101
101
106
112
101
101
103
101
101
101
101
101
101
101
101
101
101
101
101
101
101
112
101
101
101
101
101
101
101
109
101
101
101
101
101
101
101
101
101
101
101
101
101
101
101
101
101
101
101
101
101
101
101
105
101
121
101
101
111
109
101
101
101
101
101
101
101
101
101
101
101
101
101
101
101
101
101
101
107
101
101
101
104
101
101
101
101
101
101
107
101
110
101
101
101
101
101
101
104
101
101
101
101
101
101
101
101
101
101
101
101
101
101
101
101
101
101
101
101
101
101
101
101
101
101
101
101
101
101
101
101
101
101
101
101
101
101
101
101
101
101
101
101
