101
101
101
101
102
101
101
101
101
101
101
101
101
101
101
101
101
102
101
101
101
101
101
101
105
102
103
101
101
101
101
101
101
101
101
101
101
101
102
101
101
101
101
101
101
101
101
101
101
101
101
101
101
101
101
101
101
101
101
101
101
101
101
101
101
101
101
101
101
101
106
103
101
108
103
106
101
102
106
113
101
101
101
101
101
101
101
101
109
101
101
101
101
101
101
101
107
101
102
101
101
101
103
101
101
101
101
101
101
101
101
101
101
101
101
101
101
101
101
101
101
101
101
101
101
101
101
101
101
101
101
101
101
101
101
103
106
101
101
101
101
101
101
101
101
101
101
101
101
101
101
101
101
101
101
101
101
101
101
101
101
101
101
101
101
101
101
101
101
101
101
101
101
101
101
101
