11
15
12
12
12
11
11
15
20
11
11
11
16
11
21
36
23
11
15
11
11
21
13
11
11
13
14
13
11
11
11
13
11
11
33
26
29
21
11
21
11
15
11
15
29
29
43
11
15
11
15
11
16
32
29
29
29
29
27
25
29
29
29
29
29
29
29
19
36
26
26
22
20
26
29
27
15
11
35
13
13
29
16
19
26
11
15
11
18
11
11
16
19
32
11
11
22
14
11
25
16
22
13
11
24
18
23
22
11
13
11
32
17
11
34
26
11
24
18
11
25
15
23
29
19
26
27
29
16
11
33
17
11
18
17
16
26
30
12
11
30
14
29
28
11
22
14
11
13
11
11
11
13
15
14
11
11
11
11
11
13
11
13
16
11
11
11
17
12
16
11
11
11
11
11
11
14
12
11
11
11
13
11
13
17
19
13
12
30
15
16
19
16
11
24
18
11
27
11
11
12
11
26
11
13
30
13
17
11
30
35
24
12
11
11
11
14
11
18
11
16
17
11
11
11
11
11
13
11
11
11
14
31
12
11
11
11
11
19
12
11
14
15
11
16
11
13
13
11
11
11
14
17
16
16
13
11
11
13
11
11
14
11
11
12
11
11
12
11
11
11
11
11
11
12
11
27
20
15
11
11
15
11
16
11
13
12
11
13
13
11
21
18
11
28
22
18
17
20
11
16
19
11
11
13
11
11
13
14
13
14
11
26
19
11
22
11
15
11
11
12
11
13
22
11
27
14
11
11
12
12
13
11
16
13
11
11
21
12
11
11
29
22
23
13
11
18
11
12
11
11
12
13
11
11
11
11
11
11
11
16
11
13
16
29
22
17
11
11
32
11
19
21
11
11
13
11
26
11
24
11
11
33
29
15
12
11
11
11
11
11
20
11
11
14
19
11
29
36
31
14
17
20
18
11
27
18
26
11
41
16
16
11
11
11
22
11
11
11
11
11
11
11
11
11
11
11
12
11
11
11
11
11
11
11
11
11
11
11
13
11
11
11
11
11
11
11
11
11
11
12
11
11
11
11
11
11
12
11
11
11
11
11
11
11
11
11
11
11
11
11
12
11
11
11
12
17
11
14
11
11
12
11
11
27
11
11
13
13
18
15
13
11
11
12
12
13
11
11
11
11
11
11
11
12
11
11
11
12
12
13
11
12
11
11
11
12
12
11
11
13
11
11
11
11
11
11
11
13
15
11
11
11
11
11
12
11
11
11
11
11
12
11
11
11
11
11
11
11
11
11
11
11
11
12
14
11
11
11
14
13
12
11
11
13
11
11
11
11
11
12
14
13
14
11
11
13
12
11
11
12
11
16
11
12
11
13
12
14
13
11
16
11
11
11
11
11
26
11
38
23
11
12
12
22
11
11
30
13
15
11
11
11
11
12
11
23
11
11
11
11
11
11
23
11
11
14
11
12
11
11
24
11
14
11
18
11
14
17
11
11
19
11
24
11
11
11
20
11
20
11
11
11
11
19
11
23
31
11
30
16
19
28
17
39
21
15
11
12
11
22
12
19
11
24
17
11
28
11
27
11
23
11
21
11
22
11
22
11
28
11
28
35
11
25
11
25
26
27
33
13
24
37
11
21
13
11
17
46
11
25
11
21
17
11
12
19
14
11
23
11
28
19
23
17
12
11
11
11
11
11
18
11
14
15
12
11
11
11
12
11
13
11
11
11
11
11
11
11
16
19
11
11
14
11
11
11
11
11
11
11
11
14
22
25
12
11
11
11
11
11
17
11
11
11
11
11
11
11
13
11
12
11
12
15
11
11
11
13
11
11
11
11
11
13
14
11
12
11
11
13
11
11
11
12
12
11
12
11
11
12
11
13
12
16
11
13
13
14
11
11
11
11
13
14
11
13
12
17
13
11
12
16
11
16
11
12
14
19
11
11
11
11
19
14
11
11
18
11
15
11
11
13
12
13
16
11
11
15
11
11
24
11
26
11
20
12
12
34
34
15
11
18
14
14
31
11
11
11
12
11
12
13
11
12
13
11
11
19
11
11
11
18
11
19
12
11
11
26
18
11
21
11
12
11
13
26
18
