11
15
11
11
11
13
11
11
11
15
24
11
24
26
26
24
11
11
13
22
11
11
11
12
11
11
11
11
13
13
11
11
12
11
12
11
11
11
12
11
13
11
11
11
12
11
12
12
11
11
12
12
11
12
11
14
15
11
11
11
11
13
11
11
11
11
11
11
11
11
11
11
11
11
11
11
11
11
11
11
15
14
11
11
11
13
11
11
11
11
13
19
11
11
11
11
11
13
11
11
12
11
11
14
11
13
12
12
12
11
11
15
11
15
11
12
11
11
11
11
11
12
11
11
11
11
11
11
17
11
11
11
11
11
11
18
22
11
11
13
11
11
13
11
12
11
16
14
14
11
11
17
18
14
11
11
11
11
11
11
21
11
14
11
29
29
11
15
12
12
11
12
11
13
11
11
11
11
11
12
11
12
14
11
11
19
12
13
17
19
15
11
11
11
12
14
11
11
15
11
14
24
11
29
33
29
29
22
30
29
29
30
27
28
26
13
28
11
25
27
27
28
29
24
26
25
29
26
11
28
29
29
11
30
11
23
11
15
11
18
11
11
11
26
33
29
28
14
19
11
18
11
25
11
11
11
13
11
15
11
15
29
29
13
26
11
22
11
18
11
15
11
18
11
15
11
25
13
21
28
11
22
11
22
11
15
11
15
32
31
23
11
15
11
15
11
15
11
19
11
15
11
15
11
22
11
15
11
12
26
11
22
29
11
15
11
11
11
16
11
18
26
29
18
21
15
18
11
14
11
22
19
26
38
20
11
28
11
15
11
11
11
26
34
12
34
11
21
29
23
33
21
19
14
11
15
11
23
11
15
11
12
29
27
11
21
33
29
26
29
17
13
12
33
26
17
11
27
11
21
18
33
19
16
11
30
11
11
17
19
17
16
12
17
14
22
33
12
19
13
26
26
28
27
23
21
11
11
11
11
13
16
14
29
29
23
11
15
11
15
11
11
13
21
29
29
11
28
23
30
16
29
33
29
28
11
20
11
22
29
26
29
29
29
29
29
29
29
29
29
30
29
29
36
23
36
13
26
11
12
11
18
11
15
29
29
11
22
25
11
29
29
11
15
11
23
11
21
11
11
11
13
19
11
15
29
29
13
11
18
11
15
11
15
11
18
11
21
11
30
13
11
28
23
11
15
21
11
24
16
29
33
19
33
29
28
11
26
29
29
11
28
29
29
11
21
11
26
16
29
19
22
11
26
29
26
23
26
23
29
11
32
26
29
11
28
29
29
13
16
29
29
29
29
29
33
16
29
29
29
23
11
17
11
20
26
29
29
32
18
11
14
11
11
13
30
29
27
28
23
11
15
11
18
11
22
29
26
32
11
22
11
18
11
25
30
29
26
23
29
33
11
18
11
16
11
21
11
18
23
29
11
15
11
32
11
14
15
32
33
26
16
11
15
11
15
11
15
26
16
33
11
24
32
28
16
11
21
11
18
11
11
11
11
11
26
23
31
12
19
29
16
11
11
21
33
24
28
11
15
11
11
11
12
11
22
13
18
28
36
16
13
16
13
29
30
23
12
14
19
33
26
23
24
38
11
22
29
24
28
29
13
16
33
29
19
34
15
11
24
17
23
11
33
11
22
18
24
23
11
15
19
11
22
11
11
24
11
14
11
16
11
11
11
33
11
14
20
11
15
11
11
11
20
28
17
23
19
29
11
25
21
11
21
11
12
11
11
21
14
15
11
11
19
11
17
11
13
15
23
11
18
11
15
17
11
11
24
20
13
29
21
35
26
36
29
29
29
29
11
15
11
15
11
15
23
11
18
11
11
15
11
15
11
15
18
11
20
11
21
11
15
24
11
