19
13
29
29
27
15
19
26
26
25
21
15
11
16
29
29
29
29
29
11
15
11
15
11
22
27
11
14
11
15
23
26
21
32
33
11
15
11
18
11
13
13
29
26
26
19
11
15
11
18
11
22
29
29
26
26
29
16
14
18
29
31
35
29
29
21
11
27
29
29
11
32
29
29
29
30
29
29
30
19
16
33
26
23
19
29
39
29
29
23
29
16
20
29
29
30
11
32
29
29
26
13
29
11
15
11
25
11
15
11
32
13
11
18
29
29
29
29
29
29
29
23
11
25
29
29
29
29
29
29
29
26
29
23
11
15
11
11
14
11
15
11
15
33
19
13
12
18
11
14
11
13
11
12
11
11
11
11
15
15
32
11
19
11
11
17
12
12
11
16
16
13
13
11
11
11
11
11
18
11
11
12
15
13
11
11
16
11
24
11
13
14
11
17
14
11
22
25
20
11
11
11
11
11
15
14
11
11
11
14
11
12
11
14
15
11
11
12
11
13
25
13
13
11
29
12
22
11
14
14
11
12
15
11
21
15
11
21
11
11
17
18
20
11
22
14
11
11
16
11
15
11
11
11
13
11
11
15
11
11
17
11
11
11
15
12
11
28
11
11
14
18
11
39
21
28
18
11
25
11
13
13
11
11
11
18
11
23
11
12
11
11
18
15
14
11
12
16
11
11
18
11
17
11
11
14
13
11
13
11
14
11
13
32
34
19
11
11
24
29
11
11
11
21
28
26
29
29
39
23
11
15
11
15
11
17
11
13
11
15
11
15
11
13
22
11
16
15
11
23
11
18
11
15
11
15
11
15
11
15
11
15
23
28
23
11
21
23
11
26
11
23
33
32
11
16
11
11
11
16
11
11
11
20
13
16
29
29
18
11
27
14
29
29
30
29
33
16
29
29
23
16
29
29
31
28
20
29
13
16
29
29
26
11
28
11
12
23
11
11
11
20
11
22
31
23
26
22
23
11
22
21
28
21
11
27
23
20
11
14
11
25
29
16
29
28
24
24
11
14
11
14
11
16
22
20
13
36
29
23
23
11
15
11
12
11
22
39
29
30
29
21
28
27
32
30
29
29
29
29
29
29
29
23
11
15
11
11
37
23
26
30
29
29
11
25
11
18
11
22
11
29
42
23
11
22
29
29
29
29
29
29
29
29
29
27
12
14
15
11
11
11
12
15
11
13
11
11
20
11
30
11
14
11
17
16
11
11
11
23
14
11
17
11
19
16
16
11
26
15
25
27
26
16
11
25
29
11
25
11
20
11
26
11
31
15
13
16
19
26
29
15
13
29
31
26
26
24
31
11
11
27
21
20
30
23
26
11
23
18
19
19
15
32
27
19
16
11
21
14
11
22
11
11
12
14
11
11
12
11
15
11
24
11
32
11
11
13
14
11
14
14
35
20
32
14
19
11
11
11
20
11
30
11
20
11
25
11
42
11
11
25
19
25
13
22
27
19
25
21
11
15
11
11
11
12
17
11
11
14
14
13
16
17
11
11
14
12
15
11
11
11
11
11
11
11
13
17
15
12
11
11
12
12
11
13
15
11
11
14
12
11
11
11
11
12
12
12
11
11
14
21
18
11
11
11
13
11
11
19
15
11
23
22
11
26
21
31
11
24
14
11
11
16
11
23
18
11
24
11
27
11
23
12
12
14
16
11
11
11
17
11
25
11
11
11
12
11
18
27
11
11
11
19
18
11
17
11
11
14
15
12
11
12
16
11
11
19
13
13
15
11
24
11
14
28
11
11
13
15
11
20
11
30
11
22
19
11
26
11
13
11
15
11
25
11
17
24
11
25
11
11
13
11
11
14
11
