101
101
103
106
116
103
115
102
102
101
105
101
101
102
102
113
114
101
107
101
109
110
106
101
101
105
101
114
107
101
106
101
101
101
101
102
102
101
101
101
104
103
111
109
101
102
101
105
103
103
108
101
114
107
105
101
102
101
110
101
103
118
104
101
107
101
107
101
113
101
110
104
101
101
101
115
105
101
101
102
119
107
101
101
101
101
101
102
104
105
101
101
118
119
101
101
113
109
116
113
101
118
109
101
105
101
114
118
101
108
103
101
101
101
101
109
114
101
101
101
101
107
101
111
107
101
116
101
118
103
116
113
101
101
106
101
101
101
