106
101
108
102
101
103
102
101
101
110
109
101
105
119
101
103
115
101
101
107
116
103
101
101
101
118
101
120
116
101
101
101
107
115
101
101
105
109
108
101
103
105
125
107
101
103
102
101
110
101
101
101
101
101
111
116
102
101
112
101
101
103
113
101
101
130
103
113
101
115
119
118
107
101
101
102
101
101
101
126
113
101
101
109
101
105
111
101
106
119
119
106
114
108
103
106
113
105
104
119
101
113
116
104
102
101
105
106
103
110
106
102
101
106
101
101
118
103
101
104
103
101
103
104
101
106
101
115
103
109
101
118
101
101
101
