103
101
101
101
101
101
106
107
101
106
119
101
116
101
101
115
101
101
114
101
101
101
105
108
107
101
101
101
107
101
101
103
101
101
101
101
102
102
103
110
103
101
101
114
102
103
101
107
101
101
101
105
103
101
101
103
102
115
114
101
101
101
106
110
101
109
126
101
101
101
109
119
119
119
103
113
101
105
111
113
115
101
115
119
119
119
101
101
108
106
101
101
101
110
101
101
107
111
101
104
103
101
101
117
103
101
101
101
101
101
101
101
101
101
102
101
101
102
101
101
103
101
103
104
101
101
101
116
101
112
101
107
101
106
101
101
101
104
