14
11
21
11
11
11
11
11
13
11
11
11
22
15
12
11
15
12
17
15
19
17
14
13
11
15
11
12
11
11
12
13
11
11
11
13
11
11
11
12
14
15
19
11
13
11
15
16
12
13
15
11
13
11
11
11
11
14
14
11
11
16
20
35
26
36
25
11
14
11
14
11
13
11
14
11
15
11
22
13
29
29
26
29
26
20
28
29
29
29
29
11
22
29
29
26
29
29
24
25
27
11
21
29
11
28
29
29
21
12
26
29
11
25
13
19
29
19
19
36
29
29
11
32
29
29
11
28
29
29
33
29
11
15
11
11
14
11
17
11
16
19
11
12
11
11
21
27
29
11
22
29
29
33
29
29
25
34
14
11
25
11
23
29
29
33
29
16
29
29
33
20
22
11
15
16
29
12
11
11
31
26
11
15
11
11
21
23
29
26
11
12
11
20
11
11
16
18
11
13
28
16
11
15
14
28
29
36
23
11
15
11
13
11
24
27
26
28
24
25
19
11
14
16
13
11
22
26
12
32
16
16
11
22
11
15
12
20
18
34
15
35
11
22
11
24
11
27
14
30
29
26
33
29
26
13
16
11
13
11
17
11
21
14
13
22
26
22
12
11
15
12
11
16
11
32
11
20
15
29
13
11
15
11
11
11
13
17
18
16
12
30
27
11
14
11
25
11
15
37
19
32
23
11
31
30
26
11
25
19
29
13
13
29
29
19
29
11
15
11
14
11
19
11
15
23
11
11
11
20
11
15
11
18
23
11
11
22
11
11
11
12
11
22
21
17
18
11
19
16
11
11
11
16
11
25
19
11
25
29
27
11
28
29
29
11
15
11
15
11
14
11
11
12
30
29
25
11
33
13
27
28
33
19
27
12
19
33
29
26
40
29
29
29
29
29
29
29
29
29
29
29
28
11
11
11
11
11
11
15
11
15
29
29
33
19
11
22
11
15
26
13
16
29
26
29
36
30
26
24
28
11
15
11
15
11
11
39
24
30
11
32
19
19
46
29
19
29
33
36
29
11
22
33
29
29
27
28
29
33
17
28
29
33
27
11
17
11
15
11
11
14
13
19
16
11
22
11
30
25
36
11
15
11
12
11
15
11
15
23
29
29
29
29
29
29
29
29
29
29
23
11
15
11
15
11
15
11
15
11
22
27
22
26
29
29
13
29
15
20
11
12
18
11
20
29
26
23
27
11
25
26
29
26
23
24
11
11
11
15
23
11
13
13
11
12
26
26
29
29
11
16
11
21
11
15
11
22
11
11
24
33
11
22
11
11
14
11
35
11
25
26
26
14
23
14
11
11
12
11
19
11
13
11
27
11
12
13
26
37
28
13
33
21
22
11
18
11
22
11
25
11
22
14
24
20
21
11
18
11
27
17
11
24
15
11
18
26
30
16
26
30
11
32
33
11
27
11
24
25
11
41
22
11
11
17
11
16
23
11
18
11
32
13
11
30
24
19
11
11
13
23
11
11
17
11
11
27
11
11
15
11
11
11
20
11
13
11
11
11
14
11
11
12
11
11
12
11
26
11
25
11
11
27
17
13
11
11
11
11
11
11
27
19
16
11
11
12
23
11
11
11
11
11
11
11
11
11
11
11
11
11
11
21
11
30
11
20
11
11
27
11
15
11
11
27
11
11
14
33
33
26
23
11
15
11
22
11
28
11
42
11
25
29
29
29
21
11
11
11
11
11
11
11
11
11
11
12
11
11
11
11
11
11
11
11
11
11
12
11
11
11
11
11
11
11
11
11
11
