101
108
119
119
114
102
113
103
101
101
101
101
119
103
119
109
101
118
101
106
103
101
101
103
119
119
119
116
113
101
101
101
101
101
102
101
111
104
104
109
101
101
104
106
101
101
108
101
105
101
103
107
104
101
110
115
101
101
101
101
104
107
101
101
110
116
103
109
101
109
119
101
118
101
101
101
108
103
101
101
123
111
118
119
113
109
116
101
101
118
119
101
101
101
101
101
106
107
101
105
101
101
101
101
102
113
101
101
101
104
101
104
101
106
101
102
104
101
106
101
101
101
103
110
101
115
101
106
101
101
101
101
103
106
101
101
101
