102
103
102
101
103
109
113
101
115
113
119
109
112
104
119
101
101
102
111
107
107
101
103
108
103
114
103
101
104
101
101
101
103
101
104
112
101
103
101
102
101
101
101
101
101
101
104
107
104
101
105
101
101
115
101
101
101
120
101
117
101
101
101
107
101
101
101
101
101
101
101
101
106
120
104
101
101
101
103
101
101
101
101
103
101
101
102
120
101
101
103
110
101
104
118
102
108
123
106
113
106
107
103
116
109
121
101
109
101
101
104
101
102
101
103
101
101
101
101
101
101
101
101
103
103
112
124
106
106
106
101
107
