11
27
11
11
11
14
21
11
11
54
26
26
26
25
27
21
21
29
29
29
29
29
11
11
14
11
15
26
29
11
15
11
12
11
11
14
11
12
16
19
13
31
23
13
32
29
33
26
11
11
14
33
16
14
27
11
11
11
19
20
14
23
11
14
11
12
12
14
12
11
11
11
11
11
30
17
25
13
11
13
11
11
16
16
19
11
28
26
27
11
25
11
21
11
22
16
11
14
12
11
11
11
14
12
18
11
11
17
11
11
31
11
28
11
22
11
26
29
23
15
11
33
30
11
20
11
26
15
13
22
14
11
11
11
39
25
27
11
28
16
11
26
11
29
11
25
11
20
22
17
11
25
19
14
13
20
15
11
17
11
12
11
18
12
11
24
11
26
11
24
11
13
11
11
13
11
11
22
11
18
22
13
23
12
35
19
21
11
27
14
11
25
11
11
14
15
11
29
17
11
11
30
11
23
18
11
12
11
25
14
11
19
22
11
11
11
11
11
15
14
22
11
32
11
18
13
14
16
11
18
21
15
19
12
14
11
11
13
22
19
11
26
11
11
12
11
27
13
11
12
23
11
15
11
21
11
24
16
16
24
11
25
24
11
11
28
28
19
17
11
11
19
28
11
11
11
19
18
11
21
12
11
12
11
31
13
15
12
12
11
18
31
11
11
15
18
11
11
24
11
11
11
11
13
21
12
14
12
11
20
11
22
11
28
11
17
11
27
15
11
19
26
11
36
11
14
17
18
12
19
12
11
15
11
12
16
19
12
14
12
12
11
15
12
12
14
11
11
13
11
13
11
22
13
14
11
12
15
14
26
29
29
19
19
19
19
19
19
19
19
19
19
28
29
28
19
19
19
19
19
19
29
27
20
11
17
19
29
20
19
28
29
16
15
31
23
12
11
27
11
22
17
11
30
28
11
11
14
11
22
21
11
28
11
35
19
11
23
17
19
15
16
11
42
11
22
20
13
11
44
11
22
20
21
11
26
20
26
11
34
31
11
28
16
11
11
33
11
20
11
18
24
12
19
11
12
13
20
11
11
11
11
16
29
29
11
26
29
24
24
25
27
11
20
11
11
11
12
11
11
11
17
11
12
11
27
35
22
24
21
17
20
19
19
19
20
11
17
18
18
19
20
11
11
23
11
20
29
19
11
11
16
29
11
17
28
28
28
18
20
19
20
19
18
30
29
28
29
29
19
19
19
20
19
19
28
23
23
19
26
11
32
36
27
29
19
11
18
19
11
17
19
28
18
11
19
18
19
19
19
19
19
19
27
30
18
19
15
11
25
19
35
16
34
25
19
11
11
24
11
26
11
19
28
35
16
14
20
26
20
28
11
27
37
23
11
11
22
11
27
15
13
11
20
23
11
11
16
12
11
33
34
15
11
28
20
19
30
12
22
13
22
12
11
30
28
24
11
13
11
11
16
19
11
11
15
19
11
11
11
14
19
16
11
15
11
17
12
11
11
39
22
11
27
29
30
11
13
18
11
18
29
30
29
28
14
11
26
11
30
30
16
13
11
11
21
18
11
14
11
18
13
12
13
12
28
27
11
18
11
16
17
11
11
13
11
13
11
11
14
11
12
11
13
15
11
11
15
11
12
11
13
13
15
11
11
14
11
11
12
11
11
11
11
12
11
13
11
11
11
11
11
21
11
11
24
36
29
29
21
28
23
39
19
39
19
11
15
11
11
14
11
13
18
29
36
29
29
29
29
29
24
26
28
29
29
11
15
11
18
11
15
20
29
29
23
11
28
28
38
11
35
29
11
27
19
28
23
11
15
16
11
15
11
15
11
15
11
15
11
15
11
15
11
15
11
15
11
15
11
15
11
