101
102
101
101
101
101
101
101
101
106
101
101
101
102
121
102
101
111
101
101
101
101
114
101
105
119
121
118
116
113
101
108
106
106
101
115
116
114
105
109
101
107
104
101
101
109
101
112
116
119
106
119
123
106
109
101
101
101
104
101
101
104
103
113
113
101
101
111
101
109
112
123
106
106
124
101
101
109
103
101
105
101
114
101
112
101
104
114
101
101
101
101
117
107
104
104
101
109
119
119
103
112
103
101
112
116
101
120
101
101
101
101
101
105
101
101
101
103
101
101
105
101
101
102
101
101
101
118
116
106
101
101
114
101
102
106
106
