11
17
30
28
26
26
11
18
32
11
12
38
26
28
27
11
21
11
25
13
16
11
27
11
13
13
11
16
11
11
11
11
11
11
11
11
12
11
11
14
12
13
13
13
13
15
13
11
11
11
11
24
29
26
26
11
13
11
21
11
25
20
28
27
26
29
29
11
38
29
16
16
13
29
29
29
16
33
29
24
15
33
29
29
29
29
29
29
16
11
11
27
13
28
21
39
29
19
29
29
23
29
27
11
27
21
28
11
29
11
15
23
29
14
25
19
39
19
13
29
23
11
14
11
11
14
11
18
11
11
11
25
22
18
11
29
33
29
29
27
15
29
29
29
16
13
36
19
19
30
29
29
12
30
36
29
29
13
26
11
11
17
11
28
24
23
12
11
25
11
18
11
32
23
33
23
11
16
22
11
17
14
11
11
11
13
11
11
24
23
11
25
29
29
11
23
11
17
11
15
11
15
29
36
16
29
23
26
23
11
11
15
19
11
11
17
11
25
11
23
11
21
11
15
11
11
11
22
27
11
32
16
14
11
32
31
19
11
28
14
11
21
23
19
26
22
19
11
27
11
25
29
15
31
29
16
16
23
11
12
16
11
15
19
26
11
28
24
19
11
18
19
11
11
17
33
26
29
18
11
23
11
18
11
15
11
31
11
28
31
29
29
27
11
24
29
26
29
11
11
11
11
11
11
11
11
11
17
11
15
11
15
11
16
11
14
11
15
11
15
21
11
14
11
11
23
11
22
11
15
11
15
11
15
11
15
11
15
11
12
33
13
11
29
26
28
11
12
11
16
11
22
11
11
11
26
29
24
11
27
29
33
16
23
24
24
16
30
13
16
29
29
29
30
29
22
37
29
29
13
16
27
32
31
28
29
28
11
11
11
14
11
11
11
11
11
11
27
11
11
11
11
11
11
14
11
22
14
27
11
28
18
26
21
11
27
13
11
23
11
26
13
15
17
11
11
17
11
11
13
12
28
20
22
15
11
24
11
17
16
11
13
11
16
16
26
16
11
11
15
11
23
15
13
18
11
11
13
15
29
30
11
28
26
13
21
11
16
29
29
29
29
29
29
29
11
15
11
15
27
28
20
29
13
16
29
33
11
11
17
11
18
17
35
19
19
33
30
29
20
11
20
37
29
29
11
30
29
31
28
29
29
43
19
36
11
15
11
12
11
22
11
12
12
18
11
11
31
11
24
11
18
11
11
18
17
18
11
12
11
14
12
11
16
11
11
11
19
17
14
11
11
11
11
11
16
23
29
33
26
21
11
11
15
11
11
11
11
11
16
13
20
23
11
20
26
27
11
11
16
32
20
11
13
13
11
11
11
19
12
15
11
11
17
20
11
14
12
11
11
11
20
11
21
11
11
15
11
19
26
11
18
11
22
26
11
11
14
11
25
11
15
11
11
14
11
31
13
31
11
22
30
11
14
11
15
14
11
20
11
30
28
36
30
18
29
11
20
26
21
28
24
28
26
29
26
11
25
29
29
13
11
28
23
36
11
22
27
22
30
11
12
11
22
11
32
11
32
29
