11
20
37
29
28
26
22
19
21
19
33
13
11
14
27
25
11
19
11
27
14
11
28
11
11
11
21
17
18
11
25
11
22
11
11
11
20
11
27
11
11
25
11
11
17
11
25
11
22
20
28
19
17
11
23
21
11
11
15
11
12
11
11
11
14
11
11
11
11
11
11
11
24
18
11
11
13
11
16
18
23
13
11
11
14
11
12
13
11
11
17
11
11
13
11
13
15
11
14
11
15
11
11
11
19
11
15
11
12
11
12
12
11
15
16
13
11
11
11
12
12
11
11
11
17
25
12
14
12
15
16
11
22
16
27
11
14
11
29
24
13
11
12
11
12
13
30
31
17
22
15
11
22
11
22
16
20
14
11
11
15
11
11
12
36
15
14
19
14
11
21
11
17
11
16
25
20
12
20
17
11
15
11
11
13
11
22
16
11
11
11
11
15
14
14
11
17
19
11
13
11
11
11
13
11
13
11
13
11
13
16
11
11
11
15
11
13
21
17
14
11
18
11
12
12
11
11
11
11
11
11
11
13
11
11
11
11
11
11
11
11
11
11
11
11
14
11
11
13
13
11
11
11
14
27
17
11
11
12
15
12
11
11
11
11
11
11
11
11
11
11
12
19
11
11
11
11
11
11
16
12
13
11
11
11
11
11
11
16
13
11
11
16
11
12
12
11
11
11
11
11
11
11
11
11
11
11
11
11
11
11
11
11
11
11
11
11
11
11
11
11
11
13
11
11
11
11
11
11
11
11
11
11
11
11
11
11
11
12
14
13
13
12
15
11
13
12
11
11
12
11
12
11
11
13
11
11
11
11
12
12
13
12
11
11
11
11
16
11
11
11
13
11
13
11
11
11
11
11
11
11
13
11
11
15
13
13
12
11
16
14
11
14
11
11
12
11
12
11
11
13
13
18
11
16
11
11
11
13
12
14
12
11
16
11
11
11
14
11
20
12
12
12
11
20
21
11
16
11
40
11
21
11
11
11
15
15
28
11
21
11
15
11
20
20
20
11
18
11
11
17
11
19
11
31
11
12
44
11
19
11
24
13
31
30
12
29
11
21
11
12
11
12
15
31
11
11
28
15
17
18
11
14
27
31
14
30
15
15
11
38
26
11
11
17
43
13
29
11
11
31
11
24
11
11
11
11
18
17
11
22
22
27
27
13
11
11
22
11
11
11
11
29
12
14
27
14
20
11
12
11
15
12
14
31
11
26
11
11
22
14
15
13
11
20
13
20
11
11
12
11
11
21
11
11
15
11
11
11
13
19
12
11
19
28
29
13
11
27
11
24
11
14
11
19
36
11
11
12
19
30
38
14
41
29
19
23
24
12
11
23
18
23
11
11
11
15
15
11
34
11
25
11
19
19
11
23
22
11
16
22
11
21
22
17
20
16
13
12
33
28
28
19
19
19
20
19
19
28
27
29
14
13
20
12
15
19
19
27
29
19
19
19
19
19
19
19
19
19
11
23
14
17
11
11
18
19
19
11
18
19
19
19
19
20
19
13
15
28
29
27
29
19
19
19
20
27
19
11
30
11
11
27
18
22
19
25
19
11
11
12
11
11
11
18
22
18
15
15
18
14
19
11
12
15
27
11
18
11
20
20
19
18
11
13
11
13
28
30
25
19
32
20
11
15
11
17
11
13
14
11
11
13
12
11
12
11
27
19
19
16
13
20
11
11
17
11
13
12
11
13
31
16
11
17
18
15
11
11
14
15
38
17
11
11
25
11
12
11
15
11
11
15
11
18
29
33
42
13
24
18
17
11
13
18
16
12
11
17
11
18
11
11
18
11
11
11
11
11
14
12
13
11
11
11
12
14
11
13
13
11
25
29
25
28
25
20
12
12
11
11
11
11
15
11
11
11
11
15
11
12
11
11
11
11
11
17
12
17
19
19
19
19
19
18
29
28
19
28
21
16
40
11
24
22
29
29
29
19
28
29
29
28
29
19
20
11
17
19
19
19
28
29
27
20
19
11
18
19
19
19
27
11
28
19
19
19
11
17
19
19
19
19
19
19
19
19
14
14
19
19
19
