16
11
11
11
11
27
32
13
26
19
23
13
28
28
11
22
26
11
28
26
13
19
26
36
11
22
33
11
28
29
11
17
11
25
13
11
25
26
11
22
19
11
11
30
16
26
19
11
34
11
22
11
16
11
12
11
16
11
13
11
11
12
11
11
11
17
11
11
11
11
18
12
16
11
11
12
11
12
12
11
11
17
11
11
11
11
11
11
11
11
11
11
11
13
11
11
12
28
26
11
27
29
16
11
11
22
23
11
11
17
17
23
19
11
25
14
11
25
21
11
11
33
32
12
11
28
16
11
14
12
14
11
11
11
12
11
13
11
11
16
11
11
12
11
19
17
12
12
11
25
11
14
12
12
11
11
12
11
11
11
12
12
11
11
11
13
11
14
11
11
11
11
11
11
11
12
11
11
11
18
11
11
11
12
12
14
13
11
20
11
30
47
18
17
11
16
12
11
21
11
28
35
16
27
11
11
23
13
11
26
11
18
16
11
32
11
16
22
19
11
29
11
11
27
19
11
20
21
11
15
23
11
11
14
19
11
11
17
11
22
11
27
11
23
11
20
11
11
15
11
18
11
18
11
23
11
18
11
30
11
17
11
28
11
28
11
18
16
14
11
13
17
11
11
11
24
11
17
24
15
16
15
26
34
11
11
16
11
22
17
11
11
14
13
19
13
16
11
15
13
11
11
11
16
11
11
16
11
11
13
11
11
12
11
11
11
11
30
15
13
11
24
15
11
12
12
11
12
11
11
14
11
19
11
29
13
13
11
11
27
11
11
11
11
22
11
25
11
23
11
14
12
17
24
11
14
11
17
27
12
11
20
11
14
11
11
11
11
11
13
11
11
14
11
11
11
21
13
35
15
19
30
21
33
20
17
16
32
18
14
21
12
24
16
15
11
16
21
11
11
11
11
13
23
11
25
11
27
11
34
20
15
16
22
24
11
11
17
27
11
19
32
29
11
13
11
11
12
11
11
11
11
11
11
16
11
25
11
11
11
11
11
11
16
13
11
17
11
15
14
11
13
14
11
22
11
11
12
11
17
19
20
11
16
12
11
17
11
12
11
13
19
11
23
11
11
13
14
13
11
12
11
12
11
14
16
11
13
11
11
11
11
11
11
16
16
11
11
11
17
11
15
11
13
25
32
15
20
37
11
18
13
11
12
13
20
18
11
19
11
11
11
11
11
20
11
14
18
11
15
17
11
11
13
11
12
29
11
11
36
36
11
15
26
12
11
28
11
14
11
11
19
11
12
11
11
12
13
11
11
11
23
13
11
11
14
11
13
11
11
13
11
16
12
11
11
18
11
11
11
12
11
11
11
11
11
11
11
11
12
15
38
26
11
14
11
22
11
20
15
11
16
11
11
16
13
11
11
27
19
29
33
16
29
29
30
28
29
31
28
29
29
11
28
29
29
29
11
15
11
22
11
18
29
29
23
27
22
11
11
14
11
12
28
11
20
26
29
11
15
11
18
11
15
29
27
28
13
23
11
22
11
22
30
29
26
26
26
29
25
13
11
11
12
11
11
12
19
11
12
23
11
15
14
11
11
23
11
22
16
33
11
22
18
11
17
11
14
11
18
26
36
11
25
29
11
18
11
22
26
24
28
19
29
29
23
11
32
29
18
19
24
19
11
14
11
19
11
19
28
35
16
43
25
22
27
24
11
11
24
17
19
14
24
11
27
36
11
23
11
18
12
24
11
14
16
11
19
15
12
40
19
11
25
11
24
11
11
11
20
12
23
13
12
27
21
11
19
11
20
11
11
14
11
11
11
13
11
14
11
39
28
21
32
11
14
11
12
12
12
14
11
16
15
15
18
13
11
13
11
33
47
23
26
17
19
13
11
23
11
27
11
11
17
11
11
14
11
15
13
11
11
24
11
12
33
13
26
26
13
33
29
11
15
14
11
17
23
11
15
11
11
11
16
11
15
11
18
11
13
11
20
11
12
11
15
11
15
23
11
11
21
23
11
13
11
11
11
11
11
11
11
11
11
11
11
11
