122
119
101
128
101
101
101
114
103
126
108
114
120
113
101
113
106
101
118
103
101
101
119
113
101
116
103
116
109
102
108
103
104
101
104
101
108
104
101
102
101
101
101
101
101
101
116
101
115
101
106
101
101
101
101
105
103
102
103
101
101
101
102
102
101
114
101
106
111
103
119
106
104
125
103
102
101
101
105
102
101
101
108
101
101
101
121
101
112
102
103
101
116
110
104
101
102
101
119
119
106
101
102
103
138
101
115
119
103
103
103
101
101
101
115
101
105
113
112
101
101
101
101
108
101
101
