101
107
101
101
115
101
109
101
103
104
101
102
101
101
106
101
101
101
101
101
101
107
115
101
109
106
101
101
101
104
101
101
104
101
101
101
102
101
101
101
101
114
113
101
102
101
102
101
101
104
109
101
118
121
108
103
116
122
107
119
121
114
101
112
116
117
103
101
112
107
105
106
113
106
101
102
101
101
101
105
101
108
108
106
111
101
106
107
114
117
109
101
109
101
130
107
106
101
104
106
110
110
106
101
106
101
103
104
106
103
101
103
101
108
104
104
101
123
105
104
113
101
101
101
103
101
101
101
101
102
109
113
103
109
101
101
113
