118
114
112
119
121
112
101
101
101
101
107
115
101
106
108
101
112
103
107
104
108
101
101
101
109
108
103
102
111
101
118
107
119
119
101
118
101
103
114
109
104
101
101
101
103
101
108
111
119
101
103
112
103
101
106
101
103
101
101
101
119
101
103
101
101
114
101
104
104
101
101
104
106
101
102
101
101
101
104
110
101
102
103
101
101
101
103
101
104
102
103
101
104
102
104
106
101
105
101
106
101
101
109
102
102
106
116
101
108
102
107
101
101
104
111
101
108
101
104
101
101
103
113
104
112
108
101
113
110
123
102
101
101
101
101
101
103
