112
101
101
113
101
109
113
101
101
103
109
113
101
102
106
103
106
101
101
115
113
101
108
106
113
101
115
101
101
101
111
116
103
101
101
101
106
101
103
112
111
106
101
105
119
101
102
106
103
101
101
101
101
101
101
101
101
101
101
101
118
101
101
101
115
111
101
101
104
101
101
101
102
105
101
101
111
101
101
101
125
101
104
112
115
101
101
104
105
101
101
111
101
101
109
101
108
101
114
101
108
106
108
101
101
104
101
107
105
103
109
101
112
101
101
102
109
101
108
109
103
103
101
118
103
109
123
119
101
110
113
106
123
