110
103
106
103
101
108
109
104
108
101
101
101
125
103
101
101
105
101
101
107
106
103
101
101
108
110
101
115
101
102
113
101
101
104
105
107
101
101
115
102
115
101
107
101
101
101
106
108
106
101
101
105
111
101
101
101
101
106
106
101
101
101
101
106
120
108
106
112
101
122
123
112
101
111
101
106
101
106
103
102
101
101
103
117
116
115
101
102
101
102
101
101
101
101
101
101
127
101
104
102
101
103
101
101
123
105
117
107
105
103
121
103
119
122
103
101
101
105
101
112
101
102
110
109
123
107
115
119
109
113
104
101
110
101
106
106
