39
18
29
29
11
25
11
15
29
27
11
30
28
25
16
28
30
29
29
29
29
29
31
28
26
12
17
11
15
11
15
16
19
33
11
18
27
29
20
26
31
11
29
11
24
11
24
11
21
11
29
11
16
19
20
11
11
19
11
20
11
30
15
11
15
24
11
19
11
30
11
28
34
12
11
19
28
11
24
11
20
11
30
11
11
21
16
11
11
11
13
13
12
22
11
11
21
15
14
29
12
20
11
16
21
25
11
20
11
33
14
13
11
22
24
13
11
26
11
13
25
23
18
11
24
28
18
25
36
12
12
28
11
24
30
16
11
34
16
11
24
11
25
11
25
11
13
11
13
13
16
11
13
11
20
19
16
19
14
11
11
11
11
11
11
11
11
22
11
27
28
11
22
27
34
14
11
31
11
13
28
26
26
13
23
16
33
33
29
29
29
29
13
19
29
29
26
29
29
29
28
12
16
15
24
11
11
19
16
11
33
26
16
19
11
35
11
11
25
11
15
18
11
11
11
16
14
11
12
11
11
20
11
16
11
14
11
14
11
11
23
11
11
11
16
14
12
11
20
11
13
11
11
19
12
16
11
11
17
11
11
11
11
11
13
11
18
29
29
26
24
35
28
27
22
30
29
29
29
29
29
33
29
29
28
28
29
24
11
24
29
29
16
11
11
21
29
29
29
33
27
11
19
20
15
12
14
24
11
18
11
11
11
11
11
11
11
11
11
22
23
28
19
19
18
19
19
19
19
19
19
18
11
18
27
11
19
19
19
19
19
18
19
28
28
16
13
19
19
11
18
19
29
28
28
16
11
11
16
11
18
11
35
11
11
29
11
26
29
28
28
39
29
30
32
11
12
29
19
28
29
29
17
11
28
27
29
28
24
25
19
28
19
33
29
29
29
27
19
29
20
12
11
12
11
16
16
21
16
13
11
11
11
12
12
11
12
11
13
13
11
11
12
11
11
11
13
11
11
14
11
16
11
12
11
11
11
13
11
11
11
11
12
11
11
11
11
13
11
23
13
11
24
11
24
26
11
11
11
11
11
11
14
14
11
12
11
14
11
11
11
11
12
11
11
11
11
11
11
12
11
11
13
11
11
11
16
14
11
11
13
11
15
11
11
14
11
11
15
26
15
16
17
19
11
21
11
14
11
11
11
11
11
11
11
11
11
18
18
14
11
11
11
17
11
14
11
11
11
12
11
11
12
14
17
11
11
11
13
11
11
14
12
16
17
11
11
11
11
11
17
11
17
11
11
14
14
13
13
11
12
16
11
11
11
13
23
11
15
11
11
11
11
15
11
26
11
21
11
28
11
13
14
11
11
11
11
12
11
11
11
11
13
11
12
14
11
11
11
11
14
11
12
11
11
14
11
23
20
25
23
16
11
14
11
16
20
20
11
11
12
14
11
11
11
23
19
33
26
13
21
13
12
11
15
11
18
29
28
23
27
14
12
19
12
11
18
12
17
25
29
39
28
19
11
17
19
20
11
28
11
12
11
19
19
29
11
11
22
11
12
28
11
16
22
14
11
32
23
18
22
11
11
11
11
11
14
11
13
11
12
19
25
24
26
11
18
30
11
26
11
18
27
11
13
27
11
22
11
22
18
11
26
11
22
11
11
18
23
31
24
23
11
22
11
31
27
26
30
11
25
11
22
16
19
19
13
27
19
35
11
19
11
25
11
11
16
17
11
15
13
13
11
21
11
25
11
18
11
28
17
21
12
11
31
11
11
11
11
21
11
30
33
11
27
26
27
18
16
20
11
14
26
35
11
24
11
21
11
28
11
19
11
25
14
19
19
11
12
11
24
11
11
11
17
13
11
19
21
14
11
18
18
11
23
11
22
19
11
29
11
22
20
11
11
11
36
13
27
20
