112
101
101
104
101
120
103
120
101
118
106
120
106
106
123
105
114
101
102
101
105
106
116
113
119
119
119
101
103
120
101
101
109
112
101
116
101
102
108
101
102
103
102
101
101
101
125
101
113
101
101
114
101
101
104
108
101
101
103
108
109
113
101
108
111
101
105
101
101
115
101
101
116
102
101
102
101
101
104
115
104
108
101
103
101
105
105
101
101
121
101
101
112
121
104
102
101
119
119
119
104
101
101
118
109
101
115
119
101
101
125
111
107
101
105
101
101
102
102
101
107
109
102
101
101
103
108
101
101
103
101
101
101
101
103
106
108
