11
11
14
11
11
11
26
11
11
11
11
11
13
11
12
11
11
11
11
18
11
21
11
13
14
12
11
11
13
14
21
12
16
13
11
14
11
11
11
16
11
26
11
11
12
11
11
11
12
11
15
12
11
16
11
20
15
11
14
28
18
11
32
14
11
12
32
32
29
11
15
19
11
18
11
20
14
17
11
27
23
26
26
26
29
23
29
24
11
14
11
15
11
12
19
22
23
34
33
11
13
11
21
15
12
11
11
12
11
19
36
11
16
11
11
26
12
11
11
11
12
13
13
11
11
11
11
15
11
11
11
11
11
13
11
11
17
16
11
14
11
11
14
11
11
11
11
28
14
18
19
33
30
33
23
30
29
29
29
29
29
29
29
29
11
18
29
29
29
29
29
29
29
20
11
11
11
11
11
11
11
18
11
17
12
12
25
11
11
48
11
16
11
22
11
15
11
15
11
15
11
15
11
15
11
18
23
29
33
29
29
29
22
40
29
27
28
29
29
29
11
11
14
11
15
14
11
12
11
22
11
20
11
26
11
11
30
16
18
20
11
11
35
14
11
13
11
11
18
14
13
11
12
13
14
11
12
17
13
11
14
11
11
13
11
13
19
11
14
15
11
11
20
24
19
11
11
34
29
11
32
29
29
29
29
29
35
11
15
33
12
27
23
29
29
29
29
29
11
21
11
33
29
29
29
29
29
29
29
36
22
12
11
15
11
12
12
11
11
11
13
12
18
11
13
11
25
19
11
16
11
16
11
11
11
15
11
12
16
15
11
13
11
17
15
12
11
18
11
11
11
14
19
11
11
11
11
11
11
16
11
11
11
11
17
16
19
29
29
29
29
13
22
20
26
25
11
29
29
29
23
25
11
20
13
11
28
33
24
25
12
17
13
11
11
11
12
11
26
15
11
13
12
11
15
13
11
11
11
12
11
11
12
11
14
15
18
11
11
18
11
11
11
11
11
11
26
25
17
11
11
11
11
11
12
11
11
11
15
11
17
11
11
12
13
15
11
24
11
11
17
11
25
23
11
11
11
11
11
11
11
11
20
16
13
11
11
11
15
11
25
17
13
11
12
11
11
11
25
11
11
11
14
12
11
26
11
17
22
11
11
11
28
11
17
28
26
32
29
11
23
17
22
12
11
12
11
20
11
15
13
26
11
20
11
11
11
11
11
11
11
13
11
11
11
16
14
34
14
12
11
12
11
13
11
14
11
11
13
24
11
25
12
21
11
15
11
12
11
11
14
11
11
13
11
11
12
13
13
11
11
11
11
34
27
24
31
37
11
35
11
33
35
11
27
18
14
27
39
31
23
24
21
11
11
29
14
11
16
18
12
13
18
11
14
11
11
13
11
11
11
11
11
11
13
20
11
11
11
11
11
23
28
28
29
29
29
29
29
29
29
29
29
29
11
11
11
23
11
15
11
15
11
18
23
13
29
29
11
22
29
29
29
26
29
33
19
36
29
29
11
22
29
27
28
29
29
29
29
29
25
20
11
11
14
13
11
21
12
17
12
21
33
23
11
34
17
12
11
25
44
17
23
18
11
14
11
11
13
11
15
18
15
11
13
11
11
19
19
12
15
16
17
22
30
15
13
11
11
11
12
11
11
11
12
11
11
11
13
11
11
11
11
12
13
11
11
13
13
11
16
18
14
15
13
11
15
23
17
11
13
11
11
11
15
11
11
12
15
11
11
15
12
15
12
13
11
22
17
16
11
23
11
20
11
11
15
14
12
16
11
15
25
11
21
20
18
11
11
11
11
12
14
11
11
11
11
11
11
15
12
14
13
11
11
11
12
12
13
14
13
11
11
11
11
11
11
11
11
11
11
11
11
11
11
11
11
11
11
11
11
11
13
11
11
11
11
11
11
11
11
11
11
11
11
11
11
11
11
11
11
11
11
11
11
12
11
12
11
33
11
15
32
11
21
15
22
11
11
11
12
12
11
11
11
17
19
11
25
11
20
