11
13
16
16
11
14
13
13
11
19
12
11
11
12
11
11
11
11
11
11
11
11
11
11
11
11
12
14
20
11
11
12
11
13
11
11
11
11
11
11
11
14
11
15
11
14
20
16
11
11
15
11
11
11
13
13
11
12
15
12
22
14
18
15
11
11
11
11
11
13
11
11
20
20
12
14
17
11
11
11
11
11
11
14
16
11
11
28
26
11
13
12
11
11
11
11
11
11
11
12
11
11
11
11
11
11
11
13
11
15
11
16
16
11
17
33
27
11
11
11
11
11
11
11
11
11
11
11
16
11
22
14
11
11
11
12
11
17
21
21
11
13
11
22
13
11
13
11
15
28
11
11
18
28
11
21
18
11
11
21
11
15
11
15
19
29
29
26
33
33
11
22
11
18
11
15
19
32
11
20
29
29
29
29
29
29
29
31
28
29
29
29
29
29
29
26
30
29
11
15
11
15
11
11
14
11
15
11
22
19
33
11
15
11
22
11
15
11
15
11
15
11
15
11
15
36
13
29
11
22
29
29
29
33
29
29
25
11
20
29
29
28
15
11
15
11
11
22
11
14
31
16
15
16
11
11
15
11
30
30
11
22
11
16
11
11
11
17
14
12
13
11
19
17
13
11
12
12
11
15
17
13
17
12
12
11
12
11
11
12
14
11
15
19
14
12
11
11
21
31
19
29
21
28
29
29
29
23
11
15
11
15
11
18
11
22
29
29
29
29
29
33
19
23
29
29
29
29
29
29
29
33
26
11
15
11
15
11
15
11
15
22
11
23
11
15
13
15
18
12
13
13
11
15
11
11
27
11
15
11
11
17
11
11
17
16
11
15
11
12
21
11
14
11
11
14
11
22
11
11
17
16
11
15
11
42
29
29
29
26
19
11
32
26
11
22
29
29
29
23
19
11
16
11
11
12
29
33
33
11
15
11
22
11
15
11
15
17
11
21
11
15
11
15
29
13
11
15
11
22
23
11
22
29
29
20
11
18
11
15
11
15
29
29
27
28
36
33
21
18
33
11
15
11
15
11
15
11
15
11
18
29
25
11
28
32
12
11
29
16
16
11
28
11
28
12
13
17
12
27
20
16
11
29
14
11
33
11
11
19
19
14
17
11
12
11
27
17
11
22
13
15
11
12
11
12
11
11
14
11
11
14
11
11
11
16
11
36
23
13
15
12
21
14
33
12
22
22
40
11
12
11
22
11
14
12
11
16
16
13
11
18
11
25
15
39
11
11
23
11
31
12
23
11
25
11
32
24
15
16
11
34
24
28
11
19
11
27
33
15
11
24
11
24
19
39
30
18
11
11
11
11
11
13
21
11
11
27
11
11
19
11
13
12
28
11
11
12
17
15
12
20
29
36
29
29
29
29
29
29
29
29
29
29
21
11
11
16
11
15
11
15
11
15
11
14
11
37
29
33
29
29
29
26
29
33
19
36
29
29
33
29
29
26
29
29
29
29
29
29
11
21
11
11
11
11
17
11
11
13
11
11
12
15
12
14
11
11
12
11
11
11
11
12
11
13
11
12
17
11
18
26
11
28
33
11
11
11
19
11
12
11
12
11
11
11
11
11
11
11
11
11
11
11
11
11
11
12
11
11
11
12
11
11
12
11
11
11
15
13
11
14
11
16
12
11
11
13
13
11
11
13
11
11
11
11
11
11
11
11
13
11
11
13
11
11
11
11
11
11
11
11
11
12
11
13
11
12
11
12
11
14
11
11
14
11
14
11
13
13
11
13
12
11
11
11
12
17
11
11
11
11
12
11
11
11
11
11
11
11
11
18
29
11
26
11
18
11
11
11
27
29
29
28
28
29
23
12
11
28
28
11
29
29
29
16
11
15
11
15
11
18
36
19
29
33
11
15
11
12
11
11
11
16
11
11
21
11
15
11
15
11
15
11
15
11
15
11
15
11
15
11
15
11
15
11
