36
11
25
19
18
11
26
11
22
35
30
26
33
26
36
11
19
32
26
27
32
29
12
34
26
20
23
11
15
17
11
12
13
28
39
33
26
11
22
26
12
14
19
20
13
11
11
15
11
12
12
11
14
13
11
13
19
11
11
11
11
12
14
11
11
11
11
11
11
13
11
11
14
11
14
12
12
13
11
11
11
11
11
11
13
11
12
12
11
11
12
11
11
15
11
13
11
13
14
11
27
18
11
14
11
14
11
11
11
11
11
11
11
11
11
11
11
11
11
11
13
11
11
11
15
11
11
11
11
11
11
11
11
11
11
11
12
13
12
11
11
11
11
17
11
18
19
11
27
11
27
11
11
14
20
11
11
11
14
11
19
19
19
15
11
19
15
23
11
17
11
11
15
19
11
13
17
12
11
13
11
19
11
11
16
11
17
19
12
13
11
11
11
11
14
11
17
11
12
15
11
11
11
12
12
12
11
11
14
12
11
11
20
12
12
16
11
11
11
11
11
11
15
13
14
11
14
12
11
11
11
11
11
12
11
11
11
11
11
15
11
11
11
11
11
11
11
11
11
11
11
11
11
17
15
15
11
13
12
11
11
13
14
15
12
11
11
11
12
13
11
18
11
15
14
11
11
11
11
13
18
11
11
24
25
11
17
21
11
20
16
11
15
11
12
29
29
29
33
29
29
29
24
28
11
15
11
11
17
11
20
11
14
11
15
11
15
11
15
11
15
19
19
29
29
26
23
16
29
26
26
26
29
29
21
28
29
29
13
19
29
29
36
29
29
11
18
29
29
31
18
29
29
29
29
33
11
28
12
13
11
11
11
19
11
25
11
14
29
24
41
11
28
38
17
11
11
11
15
23
20
11
26
23
38
19
39
11
24
29
11
37
27
33
11
26
20
16
11
24
11
29
27
20
11
11
16
29
38
36
12
31
11
11
24
28
27
39
29
28
37
20
29
27
19
29
26
11
20
28
28
19
28
29
29
19
28
39
34
11
28
29
29
19
29
30
13
15
19
19
19
19
14
14
19
18
19
19
28
29
11
27
27
11
28
11
28
19
11
17
19
19
27
11
29
22
14
13
16
18
20
28
11
26
11
12
24
31
11
25
12
11
29
19
11
30
11
16
14
22
11
30
17
18
34
37
11
17
11
12
11
11
11
12
16
26
11
26
19
11
18
11
14
11
21
17
11
24
11
11
39
15
11
20
19
11
11
28
16
11
45
36
25
19
24
11
18
13
29
15
11
11
28
19
11
13
11
17
15
11
17
37
33
13
11
35
29
19
19
19
19
19
19
13
14
19
20
19
20
17
11
11
19
11
26
29
29
18
11
18
19
19
24
14
25
11
11
14
14
14
19
13
28
16
12
11
28
21
15
11
11
11
16
19
19
11
12
15
18
16
13
19
11
17
11
27
20
23
15
19
19
17
17
13
11
11
18
11
25
28
12
12
12
19
11
15
11
15
11
13
13
11
19
17
11
18
20
11
11
12
11
11
11
18
19
14
11
11
14
19
19
11
11
11
11
18
15
11
13
12
17
18
12
11
11
15
20
18
19
19
17
11
19
12
24
11
17
20
18
11
11
14
18
11
12
11
27
18
25
13
15
11
14
46
30
12
12
11
12
26
18
29
24
11
21
11
11
14
11
15
11
15
11
22
29
12
21
33
11
15
11
11
21
29
11
25
29
29
29
43
19
39
19
36
14
28
29
37
29
11
25
29
29
29
29
29
33
17
28
29
43
11
16
24
30
11
15
11
22
11
15
16
36
11
32
29
29
29
29
23
11
15
11
16
11
11
11
18
11
11
14
11
15
11
15
11
11
24
11
18
11
25
19
11
15
11
