20
15
17
27
28
26
13
19
18
11
28
11
26
26
33
26
34
11
24
18
38
28
16
33
23
33
19
26
22
24
11
11
21
11
11
11
29
19
26
33
11
22
29
19
29
16
11
17
11
25
12
13
14
12
11
11
11
11
11
11
12
11
13
18
11
11
14
11
12
11
14
11
11
14
11
16
11
11
13
11
18
13
11
11
11
11
11
11
11
11
11
11
11
20
12
26
30
11
20
15
11
13
20
24
11
14
13
24
31
11
27
11
12
30
19
13
14
19
11
25
11
26
16
13
13
32
14
11
28
19
14
11
11
11
11
20
11
27
11
11
13
11
25
11
16
11
11
11
11
11
13
11
11
12
11
13
13
12
15
11
11
21
11
11
11
13
12
11
11
12
11
12
11
11
14
11
12
11
11
16
11
11
11
14
12
11
11
11
11
17
15
23
12
15
18
17
11
14
11
11
12
13
13
11
11
13
14
11
11
22
11
17
11
16
12
12
11
11
11
11
21
11
24
16
11
27
17
14
21
11
11
16
16
11
24
19
11
21
17
13
13
11
20
16
17
11
26
11
21
11
11
11
11
31
19
11
20
11
25
11
22
11
22
11
14
11
11
31
11
13
12
16
20
17
11
11
23
19
11
28
30
11
30
35
11
13
11
24
29
11
16
21
11
34
11
23
17
13
11
14
11
12
15
11
11
19
15
11
12
12
11
11
11
11
13
14
11
16
22
14
12
27
12
13
13
11
11
24
20
11
22
11
13
11
16
11
11
18
11
18
26
30
19
18
11
25
11
11
11
11
11
11
26
17
18
22
29
20
11
11
11
11
12
12
14
13
12
12
11
14
12
13
12
11
16
11
18
12
11
11
11
11
12
12
15
11
11
11
17
11
18
11
15
11
13
12
19
11
14
14
19
16
16
11
11
16
16
14
13
17
13
17
11
11
11
11
13
11
11
11
11
11
11
11
11
11
11
11
11
11
11
11
11
11
11
11
11
14
16
11
18
11
29
26
11
13
21
24
29
27
29
11
35
11
11
29
27
29
28
19
28
28
25
11
21
28
27
11
28
27
11
27
11
11
24
11
11
11
25
28
29
29
19
28
29
20
11
17
19
18
19
19
11
17
19
19
19
19
28
24
18
25
19
28
29
28
14
14
19
19
28
28
29
22
12
13
19
19
29
17
11
20
19
19
19
19
19
20
14
14
19
19
19
20
15
11
11
11
20
39
17
11
11
12
19
11
27
18
38
19
23
11
23
15
19
11
40
11
28
29
27
29
18
11
11
18
19
20
19
28
27
11
19
19
19
19
19
18
19
28
28
34
19
18
14
14
24
20
28
24
19
27
13
15
11
14
35
17
18
20
11
35
30
16
11
18
19
14
19
11
28
20
35
16
15
11
11
13
11
24
11
19
11
33
11
11
21
13
11
12
11
11
11
12
11
15
28
11
11
18
11
11
11
17
11
23
11
12
11
17
25
11
26
11
22
11
25
13
11
11
11
22
11
25
11
22
11
22
11
28
11
24
11
25
11
18
23
17
11
11
13
16
11
17
19
12
11
15
13
11
13
15
11
11
11
15
11
13
11
14
27
11
32
33
11
11
11
16
11
38
29
29
29
11
15
11
15
11
22
11
15
11
15
11
12
23
11
15
13
29
29
11
22
11
15
11
15
11
12
11
15
11
15
11
15
29
23
11
15
11
15
11
15
29
29
26
23
12
11
11
16
17
13
11
12
14
12
11
11
13
11
11
11
12
13
12
14
12
11
11
15
11
12
11
11
12
13
14
11
13
11
11
19
19
11
18
19
19
19
19
14
23
29
29
19
28
27
11
20
30
27
29
29
29
27
11
28
29
11
24
11
19
27
11
14
14
19
19
19
18
11
28
27
20
19
14
14
19
19
19
28
28
29
19
19
13
15
19
19
20
19
19
19
19
19
19
11
17
19
19
