101
106
111
102
103
101
102
101
101
101
101
101
101
101
104
102
102
101
103
102
101
101
103
101
103
101
112
101
105
113
101
112
106
101
102
116
106
105
110
103
113
101
101
104
110
113
113
106
101
101
123
121
108
101
101
111
119
115
107
111
101
106
101
101
116
106
116
101
101
101
119
119
119
101
106
101
101
110
106
101
101
101
115
112
101
101
112
109
101
101
101
116
123
106
109
101
101
106
101
101
118
101
113
101
105
101
101
101
101
110
109
113
101
101
101
101
113
113
101
102
101
101
105
101
101
119
101
114
101
111
120
101
108
105
109
101
