11
13
11
12
12
13
11
25
12
13
25
31
36
19
11
11
24
34
25
29
29
43
11
22
26
29
11
18
11
15
11
15
11
22
29
27
11
29
13
15
24
11
33
23
33
17
13
12
11
15
14
22
32
11
13
33
16
33
29
28
28
29
26
29
30
29
29
29
24
28
29
29
11
25
29
29
19
19
39
19
33
16
29
29
29
11
20
28
36
33
29
19
39
11
25
29
36
15
11
11
11
23
20
11
11
17
31
32
17
35
11
25
13
33
29
33
19
30
29
29
29
11
18
11
28
16
29
29
24
28
23
26
11
15
29
29
29
23
11
14
11
20
29
16
19
11
12
11
11
19
11
12
11
17
11
11
11
11
12
11
12
14
13
19
11
20
15
12
11
11
14
11
12
15
12
11
11
16
12
20
14
23
13
12
14
12
11
12
11
11
12
12
13
11
11
11
11
41
11
12
13
11
11
11
11
20
11
11
16
13
11
12
11
12
15
27
17
12
15
11
16
11
12
12
11
11
12
20
14
16
16
11
11
13
12
12
11
14
12
11
14
11
11
11
13
23
13
16
14
13
11
15
12
14
26
11
11
12
11
11
22
11
15
24
11
11
11
15
11
16
19
14
11
25
13
16
24
11
20
14
11
11
11
19
19
11
11
21
17
14
11
20
12
18
11
15
14
11
11
13
12
13
11
11
20
11
13
18
14
11
11
19
26
11
11
11
11
26
11
23
18
11
11
15
12
25
15
15
11
17
14
13
11
11
11
11
20
13
11
12
16
11
11
21
11
11
15
14
12
11
13
11
13
14
11
11
17
13
11
20
11
16
11
11
14
11
11
11
11
11
11
11
11
11
11
11
11
11
11
11
11
11
11
11
11
11
11
11
11
18
11
13
27
11
11
12
11
11
16
27
20
11
11
13
11
11
13
11
11
11
11
12
18
12
27
12
11
24
11
17
11
11
14
12
11
20
24
24
11
14
24
19
18
23
18
11
18
11
11
24
11
26
25
29
29
26
29
16
33
19
39
22
11
11
11
28
11
11
17
12
32
29
17
14
14
16
12
11
11
11
11
23
12
19
19
11
11
11
27
17
14
13
22
11
11
17
21
14
19
11
11
11
11
28
11
26
11
11
11
12
11
14
31
17
15
11
11
11
11
11
28
13
43
12
16
21
11
26
11
11
11
11
11
12
11
25
15
15
20
13
21
16
14
11
11
12
12
11
11
15
14
13
11
11
26
11
11
11
11
14
13
12
11
11
14
14
13
11
18
26
36
27
15
22
11
28
16
11
27
11
31
24
11
15
13
23
18
11
25
24
13
35
17
17
25
25
11
11
12
11
11
15
11
13
11
11
13
11
12
11
13
24
23
11
13
11
23
29
16
29
29
29
29
29
29
29
29
29
29
26
11
16
22
15
34
22
11
12
11
25
11
12
12
11
11
11
11
12
14
14
11
12
11
11
12
11
11
20
29
11
42
11
25
29
33
29
29
26
29
29
29
29
29
29
31
11
16
14
12
12
11
14
12
11
12
11
12
14
16
11
12
12
12
11
13
11
13
11
11
13
11
11
11
11
11
11
11
11
12
13
11
11
11
13
11
11
11
11
12
11
11
12
11
11
36
33
24
38
26
19
33
29
24
28
29
30
32
29
22
27
11
22
23
11
28
11
11
21
33
20
19
11
13
11
14
11
11
11
13
11
32
11
11
17
23
11
13
21
17
11
12
21
11
12
11
12
11
12
11
14
13
11
14
23
19
29
29
23
