101
102
101
101
104
101
114
103
101
105
119
126
101
131
109
112
107
101
103
101
111
101
101
105
101
107
101
101
101
107
101
101
102
101
103
101
105
103
102
101
101
114
107
101
101
106
102
120
101
101
101
103
102
101
101
101
101
104
101
111
101
101
124
110
101
120
118
105
101
114
117
103
102
102
112
110
103
112
103
114
101
103
101
115
102
101
108
101
109
115
110
107
101
113
105
101
111
104
101
101
101
101
101
101
116
101
103
101
103
106
101
106
110
102
125
101
113
101
111
118
107
113
101
112
102
101
129
101
101
101
101
116
101
101
101
110
