15
33
26
11
18
27
26
29
18
13
27
19
11
23
11
15
11
20
31
30
11
30
11
21
18
11
16
21
24
11
25
11
17
20
11
38
11
33
11
11
14
11
21
11
29
11
16
23
27
11
28
11
11
17
11
26
17
20
29
11
28
17
17
11
25
11
22
11
25
11
20
19
11
17
29
13
16
11
30
11
22
11
29
11
14
11
17
11
28
22
16
27
11
20
25
13
12
20
26
11
33
24
15
11
28
13
14
14
30
16
15
16
11
11
11
26
19
14
11
17
29
11
20
11
27
11
17
11
32
19
14
11
25
16
13
15
14
19
11
13
23
11
22
13
22
15
11
11
14
11
11
12
11
13
11
11
11
15
11
12
11
11
11
11
11
14
12
12
11
11
12
13
12
11
14
11
11
12
14
11
11
15
13
14
11
14
11
11
11
11
11
11
11
11
11
11
11
11
13
11
11
15
11
11
11
11
17
11
12
14
12
13
11
13
11
12
11
11
11
16
11
11
13
11
12
11
22
11
11
11
20
11
12
23
11
15
11
15
11
11
17
11
12
13
11
18
20
17
12
11
11
11
11
12
15
12
21
12
11
11
12
12
11
11
40
13
26
24
11
11
11
11
29
14
14
19
17
11
12
12
11
14
13
12
11
20
11
14
29
11
11
13
14
17
14
15
12
11
14
12
11
11
15
14
29
11
28
11
22
29
11
28
29
29
29
11
15
11
15
11
18
11
15
11
28
29
29
29
29
33
39
11
22
29
29
29
29
29
29
29
19
33
11
15
11
15
11
15
11
12
11
15
11
22
11
11
11
11
11
11
11
11
11
14
11
14
15
11
22
11
15
12
11
16
13
11
11
20
11
11
11
11
11
15
11
15
13
23
11
22
16
19
19
11
15
19
29
29
29
29
49
23
26
19
29
29
29
29
11
11
11
16
11
12
33
29
11
22
13
23
11
22
11
15
11
15
11
11
27
11
15
11
15
11
22
36
11
15
11
18
11
25
21
28
29
26
11
15
11
15
11
22
29
29
26
26
29
11
32
11
28
11
15
11
15
11
15
11
15
11
15
11
25
29
19
11
27
11
24
15
13
24
11
25
11
35
18
11
11
11
28
11
17
11
33
11
13
34
24
18
11
11
15
11
25
11
19
11
11
11
22
19
11
26
11
27
11
15
12
13
11
13
12
14
11
15
27
32
19
11
13
12
11
11
12
11
19
11
11
11
12
11
11
13
11
12
12
11
11
15
14
13
11
13
15
11
11
11
11
11
16
12
15
22
11
37
16
11
18
11
11
11
11
11
11
11
11
11
11
11
11
11
11
11
13
11
11
11
11
11
11
11
11
11
11
11
11
11
11
11
11
11
11
12
11
11
11
11
11
11
11
11
11
11
11
11
11
11
11
11
11
19
11
11
13
12
13
13
11
24
11
11
13
11
11
18
12
11
24
11
11
11
11
12
15
11
11
12
11
12
14
11
12
11
11
12
13
11
11
11
11
13
14
14
11
22
11
11
11
11
14
11
13
12
13
11
11
11
11
16
12
18
11
24
17
14
11
11
11
11
11
11
13
15
11
11
13
12
11
12
13
11
11
14
11
11
11
14
11
12
12
11
13
13
14
11
11
11
11
11
11
11
14
12
11
12
11
11
11
11
11
11
11
11
11
11
11
11
14
13
11
11
11
12
11
16
11
19
13
11
11
11
11
19
18
26
17
11
31
11
11
12
19
11
11
36
12
11
14
19
18
11
12
26
11
11
11
14
11
22
11
14
18
11
11
11
11
11
11
11
11
11
11
11
11
14
11
11
11
12
12
11
11
11
16
11
16
11
11
15
11
11
13
14
11
11
11
11
11
11
13
11
12
11
15
11
12
17
11
17
11
11
12
11
11
11
11
11
13
11
13
11
13
11
11
11
11
18
13
11
11
12
11
15
11
14
14
11
12
11
11
11
11
12
11
11
19
11
11
11
11
14
32
11
11
14
11
15
11
11
11
11
15
16
16
11
18
11
11
14
11
11
11
11
12
11
11
11
11
15
11
14
25
11
16
13
11
11
21
11
11
11
11
11
11
11
11
11
11
12
11
11
11
11
11
11
11
11
11
11
11
11
11
11
11
11
11
11
11
11
11
11
11
12
11
11
11
11
11
11
11
11
11
11
14
11
14
11
11
11
11
11
11
11
11
14
11
11
11
11
11
