16
11
11
11
11
18
13
15
11
11
15
12
13
11
13
11
35
11
11
16
11
11
13
11
13
11
15
11
11
11
11
11
21
11
14
11
11
16
11
11
16
17
11
21
13
16
11
18
12
11
22
11
11
16
11
11
11
12
11
11
20
33
26
29
29
29
23
29
29
29
29
29
29
36
19
19
16
26
26
26
36
29
29
16
11
15
11
13
11
11
23
14
38
26
17
32
11
23
22
11
11
11
11
11
11
11
11
11
11
11
18
19
11
11
17
11
12
11
22
15
11
13
11
23
11
11
36
11
18
11
15
11
12
29
29
28
22
28
24
13
17
19
12
22
11
21
21
18
12
11
12
11
16
20
11
13
12
12
11
11
11
11
11
11
11
13
19
12
11
11
11
11
18
11
43
11
20
11
12
15
11
11
11
12
29
23
13
11
23
11
11
11
15
11
20
11
11
11
11
11
14
12
11
25
12
11
15
12
11
22
11
11
11
11
11
12
11
11
11
15
12
12
11
14
13
12
11
17
11
18
15
12
15
15
13
18
11
12
12
11
11
12
13
12
11
12
13
14
13
11
11
13
11
12
12
11
11
11
11
12
13
15
12
13
18
19
39
26
23
11
13
13
11
11
12
11
11
12
11
23
29
29
29
11
22
29
29
29
27
11
11
11
12
11
11
13
11
11
11
13
11
11
11
11
12
11
11
11
13
13
11
11
15
11
14
11
11
12
12
11
11
11
12
11
12
13
13
16
11
11
11
11
13
12
13
11
11
15
14
15
11
11
11
11
12
11
11
12
12
12
11
12
16
11
11
11
17
11
11
11
11
11
15
11
11
15
11
11
11
11
18
11
12
13
11
11
17
19
11
11
12
12
17
15
14
11
16
11
11
12
13
18
11
11
11
17
31
26
33
23
17
15
26
11
29
45
11
25
13
16
11
15
11
11
11
11
12
28
11
11
23
21
13
26
18
11
26
26
11
17
22
11
17
11
12
11
11
17
11
13
11
29
14
11
16
12
11
11
14
33
29
21
11
16
19
33
36
29
11
32
19
39
33
29
26
19
29
29
29
29
29
29
29
29
29
29
29
29
22
11
19
23
11
15
11
12
29
29
29
11
28
33
26
11
12
11
12
11
18
29
27
28
29
24
25
33
29
24
15
16
33
16
33
16
11
13
11
14
11
15
33
29
30
29
29
29
29
29
19
30
11
28
29
29
29
29
29
29
29
14
11
11
11
13
11
11
11
11
11
11
13
13
11
14
11
27
11
20
12
11
11
14
21
11
12
12
11
13
11
11
13
11
15
13
11
18
11
23
11
21
11
11
11
20
11
11
13
11
23
11
23
11
24
16
11
14
11
11
12
12
11
11
12
19
15
11
13
14
20
11
11
29
17
11
11
11
15
11
11
11
11
11
18
11
25
33
11
25
11
20
23
11
25
28
16
26
12
11
14
14
23
23
19
11
16
28
30
30
13
14
31
17
11
27
34
26
26
12
12
12
11
11
11
11
11
11
11
11
11
11
11
11
12
11
11
17
16
14
11
11
11
11
11
11
11
11
11
11
12
11
11
11
11
11
13
11
11
11
11
11
11
13
12
11
11
11
11
11
11
12
11
11
11
11
11
11
15
15
11
12
11
11
11
11
11
11
11
11
11
11
11
17
28
15
13
17
11
14
11
11
13
15
11
11
11
11
11
11
11
11
11
11
13
11
13
11
12
11
11
12
11
11
11
11
11
11
16
12
11
14
11
18
11
11
11
17
16
11
11
12
14
11
17
36
13
19
11
19
11
12
11
13
21
11
13
11
11
12
12
11
14
11
11
13
15
15
11
11
11
11
12
17
15
13
11
12
12
11
11
12
12
16
13
15
23
14
15
16
11
11
11
20
19
17
15
11
26
13
16
17
19
11
28
11
28
11
22
11
30
14
11
18
16
16
26
33
11
38
11
35
12
13
16
19
13
26
18
14
17
11
11
11
21
11
11
11
16
23
11
11
12
18
11
21
13
12
17
13
15
16
15
11
11
11
11
12
18
11
11
11
12
11
11
24
11
20
21
11
24
11
11
11
15
15
16
