101
101
102
105
101
102
101
102
101
104
103
109
108
104
104
101
102
102
101
101
110
101
101
101
101
101
101
102
104
101
102
103
101
103
102
106
101
102
101
101
101
103
101
112
101
101
101
101
101
101
107
101
101
101
116
101
101
113
130
103
110
101
108
109
111
108
103
101
101
101
105
101
103
101
103
104
102
101
114
101
110
101
112
109
105
101
103
102
101
101
102
106
102
101
102
107
103
112
101
101
102
101
102
101
101
101
101
113
101
124
109
109
110
108
102
112
101
113
101
101
103
114
126
106
102
109
111
104
109
101
116
114
101
106
109
101
110
101
101
