32
15
11
13
11
15
20
11
13
12
11
13
11
13
11
16
11
11
17
11
15
16
11
12
11
11
11
12
11
12
13
13
11
14
13
23
27
28
49
13
21
11
30
29
29
23
23
11
15
11
18
11
33
29
29
29
29
23
29
29
29
29
29
29
31
35
23
26
26
26
11
26
12
11
15
22
39
19
11
37
23
17
27
20
20
11
11
21
14
11
11
11
11
12
16
19
11
26
16
11
18
13
11
11
15
11
11
13
11
11
13
11
11
11
14
14
12
13
12
11
11
11
11
11
18
11
24
11
11
11
21
11
20
14
11
11
17
11
14
23
12
11
14
15
14
11
11
17
14
11
23
18
11
11
11
11
15
11
16
11
11
11
11
13
15
11
12
11
11
18
14
32
11
11
30
11
12
11
11
11
11
11
13
15
16
11
17
11
14
11
11
11
14
11
11
19
16
12
11
11
14
12
11
11
11
11
11
16
18
11
20
11
20
25
16
11
12
33
12
11
15
32
11
25
14
11
22
12
24
16
16
11
27
13
12
21
12
11
20
14
11
11
11
11
16
26
13
12
18
14
17
12
11
11
11
11
22
11
11
11
11
12
11
13
11
16
12
19
14
11
11
25
11
11
16
16
14
11
14
11
12
11
30
31
21
35
13
11
11
11
22
17
11
33
11
12
11
15
11
22
11
13
11
24
11
17
24
11
12
11
32
14
11
12
11
13
12
12
11
13
13
11
11
11
14
16
11
11
11
12
11
11
11
12
12
14
19
11
21
11
13
11
11
12
11
11
11
11
12
12
11
12
18
12
11
11
11
11
11
11
11
11
11
12
11
11
12
11
11
11
12
14
14
11
12
11
11
14
13
12
11
11
11
16
11
12
11
12
13
12
11
15
18
11
13
24
11
12
13
12
15
19
14
42
24
17
11
18
11
13
11
11
11
14
16
12
12
30
11
26
11
30
24
11
32
12
12
23
33
17
11
11
11
17
29
38
19
29
24
44
21
28
13
11
11
20
11
27
14
11
26
12
11
30
17
21
29
11
28
29
11
11
25
11
22
11
20
15
22
12
11
11
19
22
11
14
11
13
26
11
24
28
12
12
17
11
30
11
11
11
11
14
11
11
11
12
11
16
11
21
11
12
15
19
14
24
15
11
19
14
11
15
13
11
11
22
13
11
21
27
11
28
15
36
19
16
11
16
19
11
38
11
11
11
11
11
11
11
17
21
11
11
16
11
11
30
19
26
33
19
14
11
23
11
19
12
11
11
15
13
11
11
13
21
18
13
11
11
15
14
11
13
13
12
11
13
11
24
14
12
11
14
11
29
37
25
16
11
23
11
23
11
41
18
12
22
18
11
26
35
11
16
11
26
11
17
23
11
11
11
20
11
22
18
11
26
12
14
23
11
11
22
11
35
11
17
11
20
20
11
20
13
11
11
11
11
11
11
11
13
11
17
11
11
12
11
11
11
11
17
14
12
13
14
11
12
11
11
12
11
12
11
11
11
13
11
11
11
16
16
11
12
11
12
16
11
21
11
11
18
29
33
29
29
29
32
11
11
11
14
11
11
11
11
12
11
13
13
11
11
11
11
11
11
12
11
11
11
11
11
11
11
11
12
11
12
11
13
13
11
11
12
14
11
11
11
12
14
13
11
18
11
11
14
11
13
11
13
11
25
34
11
31
11
28
32
13
37
12
27
34
25
28
15
28
29
22
28
35
13
26
26
29
25
11
25
11
26
36
18
33
11
24
30
11
14
17
12
22
29
17
25
13
20
11
26
26
11
11
11
26
11
11
17
35
14
11
25
12
23
14
21
11
11
11
21
11
11
11
13
23
23
23
11
11
17
11
38
19
11
28
26
11
15
11
20
11
24
11
19
11
31
11
20
11
17
11
11
12
11
19
11
23
11
11
24
11
11
26
11
20
33
11
11
20
11
13
11
14
11
15
23
11
14
11
20
11
19
19
11
22
23
11
15
11
11
11
26
11
17
11
17
11
