109
118
101
101
117
103
101
123
113
101
101
102
101
101
101
101
105
101
107
101
109
101
101
104
101
101
101
103
101
101
102
101
103
103
109
110
109
104
101
101
107
101
101
101
101
118
101
101
101
102
101
106
106
101
105
101
101
101
110
101
101
101
103
101
101
102
107
101
101
107
106
115
101
106
113
101
101
101
101
101
109
101
101
101
102
107
115
101
121
101
103
101
101
125
111
101
106
116
101
101
101
104
106
102
103
101
102
101
102
101
101
101
116
101
105
113
109
101
108
103
106
113
108
101
101
101
101
101
101
118
117
101
101
101
106
115
101
101
101
