104
102
104
109
101
102
101
112
101
101
102
111
101
108
115
101
101
119
107
101
103
110
105
106
101
103
101
103
103
101
101
109
101
102
113
101
103
101
112
125
107
108
102
103
101
109
103
101
112
101
118
103
119
113
103
101
101
101
101
101
101
117
101
108
103
101
110
103
101
112
109
101
101
110
119
109
121
108
104
116
106
101
112
103
101
101
102
101
105
101
101
104
101
101
101
105
103
101
104
101
101
101
102
101
101
101
101
102
101
101
102
101
101
102
108
102
102
101
106
104
101
111
101
104
101
105
101
101
101
103
101
101
101
104
101
104
102
101
101
