11
11
11
14
12
11
11
11
18
11
31
26
26
13
11
12
20
11
22
19
11
28
29
29
23
11
15
11
25
29
19
11
15
11
12
11
21
26
23
29
26
33
26
13
11
11
11
11
11
11
11
11
11
11
16
29
16
25
11
16
23
11
15
11
15
24
29
29
26
29
26
29
11
28
29
29
29
24
18
29
29
24
22
29
29
19
40
13
11
35
23
11
25
29
29
33
26
23
13
22
40
21
28
36
29
29
31
25
11
15
11
11
11
30
11
22
11
22
15
21
11
32
22
37
17
28
12
25
15
29
29
21
18
21
25
14
26
28
29
29
12
11
29
13
21
11
21
29
29
29
11
17
31
29
20
11
18
12
11
26
11
22
26
25
11
23
29
11
28
27
23
13
25
14
24
35
29
11
22
29
28
11
20
11
25
11
15
19
11
15
11
15
11
12
29
24
38
29
16
36
26
26
13
20
33
29
28
11
26
27
11
35
16
12
14
26
16
19
13
14
11
18
25
16
14
15
11
25
26
13
19
23
11
12
11
12
29
11
26
30
22
11
16
11
17
11
22
29
11
32
33
29
16
16
13
33
16
11
25
39
29
16
14
11
13
15
22
11
12
26
11
11
11
23
14
25
11
11
27
11
18
11
15
29
28
31
20
13
29
27
27
11
25
17
13
11
14
13
11
19
11
13
14
20
11
24
11
16
11
13
13
11
24
26
11
17
18
20
11
21
14
13
34
11
23
14
11
23
11
11
28
17
12
42
19
11
22
11
11
11
18
14
11
27
13
17
13
35
12
12
18
11
12
15
28
21
14
20
11
14
13
19
17
11
26
11
17
21
20
11
40
14
11
11
11
11
11
12
33
11
19
19
13
11
11
11
26
15
17
11
11
17
11
11
28
12
21
11
26
11
24
11
28
11
15
14
11
29
11
11
11
11
11
12
17
21
11
11
13
21
12
11
12
23
11
11
11
11
13
15
11
11
14
12
11
11
11
11
11
11
11
17
11
12
11
28
22
11
22
11
11
35
16
23
12
26
19
16
35
14
13
24
18
16
11
21
11
33
25
11
24
11
41
19
27
11
19
19
19
19
20
19
19
28
28
27
29
17
12
11
21
28
32
11
22
11
19
22
13
14
11
28
19
25
17
11
24
11
15
11
11
32
25
11
19
14
11
11
22
25
14
21
11
27
12
11
11
16
12
11
26
11
21
16
12
47
11
18
18
14
14
24
18
19
11
16
22
12
21
11
11
18
11
25
11
11
16
12
11
12
14
13
11
11
14
18
11
18
11
18
11
11
11
25
11
11
11
21
18
11
24
11
11
11
21
13
19
13
11
11
11
28
11
11
11
11
23
11
25
11
23
11
22
14
19
11
22
11
23
23
15
12
21
18
13
22
11
11
28
11
19
12
19
11
13
14
11
12
11
11
12
11
33
19
29
11
15
19
11
25
19
29
29
29
23
11
15
11
22
11
15
11
15
11
15
16
11
18
11
35
29
33
23
11
15
11
15
23
11
15
11
15
11
12
29
11
15
11
15
11
15
11
22
29
26
19
23
11
15
11
15
11
15
29
29
13
29
11
15
11
15
16
11
12
36
29
29
29
11
29
11
22
29
29
29
23
11
15
11
11
14
11
29
36
29
29
29
30
29
29
13
26
11
28
29
23
11
15
11
18
11
42
30
23
26
11
15
11
18
11
12
36
29
33
23
11
15
19
