11
14
12
14
16
11
12
11
11
14
11
11
12
12
11
11
16
13
11
11
14
11
17
17
14
13
12
22
11
11
12
13
12
11
11
11
13
11
11
11
11
11
11
11
13
11
13
14
11
12
12
11
11
11
11
12
11
11
11
11
11
11
11
12
12
11
11
11
11
11
11
11
11
11
11
11
11
18
11
12
11
13
13
27
11
11
11
15
12
12
11
11
15
23
11
11
11
19
11
24
18
19
11
11
11
11
14
11
15
11
11
11
11
18
12
11
11
11
15
11
11
15
11
14
11
13
17
11
11
14
11
14
11
12
13
12
12
12
13
11
11
11
13
11
11
11
14
12
11
11
12
11
23
13
27
11
34
27
12
26
29
21
11
13
11
12
12
11
11
11
11
12
11
12
11
14
11
12
12
18
15
14
11
11
14
16
13
19
11
17
12
14
11
11
12
11
12
11
13
14
11
11
11
11
11
12
12
13
14
11
12
11
13
11
11
12
11
11
13
11
11
11
12
11
11
11
11
11
11
11
16
13
13
15
12
14
11
11
11
12
11
12
13
11
17
11
11
12
12
12
11
11
11
11
11
11
11
11
17
11
11
11
11
14
12
11
12
11
12
13
14
11
12
15
13
11
11
11
11
14
11
11
11
11
11
14
11
11
13
17
11
11
11
11
12
11
11
14
12
12
11
11
11
13
11
12
21
12
16
11
11
11
12
11
11
12
26
19
36
26
19
11
12
11
15
11
11
11
13
11
15
29
29
29
33
29
29
29
29
13
11
22
11
25
11
22
11
15
11
15
11
15
11
15
11
15
11
11
11
30
29
26
30
19
30
26
28
25
29
29
29
11
28
29
22
11
30
29
29
16
29
29
31
28
29
25
11
33
29
29
29
29
11
25
16
25
24
22
11
24
11
18
13
50
26
26
11
14
12
11
11
11
11
12
16
11
27
20
11
24
30
14
11
11
16
14
11
16
11
11
27
14
18
19
15
13
22
11
36
11
16
15
16
14
28
17
15
16
23
11
20
13
17
11
11
11
11
11
12
25
11
12
11
11
11
13
15
11
11
12
13
11
11
11
11
16
11
12
11
21
11
13
11
11
14
11
19
18
28
17
11
13
23
11
11
11
11
11
11
13
11
11
13
11
11
11
11
11
11
11
11
11
12
11
13
11
11
15
16
11
11
14
11
13
14
11
13
26
11
11
11
11
18
27
15
11
18
23
23
14
11
11
26
27
20
13
11
23
11
15
11
11
11
11
18
15
14
21
15
27
11
11
14
11
18
14
14
23
11
23
24
11
14
11
23
34
14
13
17
11
11
11
14
11
13
11
17
11
11
23
11
11
13
11
12
15
11
14
11
11
11
11
12
15
13
11
12
11
11
11
11
11
13
30
12
16
14
11
29
23
19
12
32
13
35
21
13
13
11
12
11
16
11
17
12
11
11
13
11
11
11
11
11
12
16
11
11
11
12
11
11
15
11
20
13
11
11
11
11
15
11
12
11
11
14
11
15
11
11
11
11
13
14
12
12
11
11
15
16
11
11
13
11
17
11
11
26
11
20
20
14
24
11
12
19
11
11
11
11
11
11
11
11
11
11
11
14
12
11
11
11
11
12
11
11
11
11
11
20
19
11
11
11
22
17
22
24
11
11
11
11
11
13
14
15
11
11
11
11
11
11
12
11
11
11
11
11
11
11
17
11
12
13
11
14
19
13
27
38
21
15
12
11
11
11
13
11
26
19
33
24
12
25
26
22
11
11
17
11
22
11
25
19
11
20
16
11
32
11
24
27
11
33
11
11
30
11
17
20
11
27
11
28
11
23
11
11
11
11
22
17
27
29
29
28
11
28
25
17
11
18
11
24
11
18
11
11
11
19
11
25
11
27
11
16
24
11
24
18
11
24
11
21
11
19
27
11
25
11
26
11
22
11
24
20
34
11
25
11
16
23
11
22
11
24
12
17
16
11
16
11
24
11
20
11
25
11
24
19
17
18
11
11
30
11
18
11
32
11
16
22
11
27
28
26
11
22
11
26
17
25
28
36
17
18
11
23
11
26
11
23
11
11
14
17
11
13
11
19
11
20
19
11
11
27
11
11
11
11
14
11
12
11
15
11
29
11
11
31
11
29
11
11
31
12
13
28
18
13
11
11
