129
101
101
120
101
101
101
101
114
106
101
116
101
101
101
126
103
119
101
105
101
101
102
101
103
117
113
116
101
101
108
103
101
118
126
104
102
101
102
109
113
109
109
119
106
113
101
101
101
101
119
101
101
113
115
107
101
122
101
113
106
101
112
119
102
101
116
119
101
101
101
120
107
128
101
101
101
111
101
101
127
101
101
101
103
101
110
103
118
120
109
101
106
106
101
101
103
105
101
102
107
101
110
107
112
101
103
106
103
101
108
110
102
101
104
101
101
101
102
103
103
102
101
102
101
101
103
103
101
