101
101
118
101
101
101
121
110
102
102
101
108
101
101
102
101
106
103
101
101
101
101
115
101
101
101
104
101
110
101
101
101
101
104
101
101
104
101
101
102
102
102
101
101
101
101
101
101
101
101
104
105
106
104
108
102
101
110
107
101
101
101
128
112
105
103
101
123
121
101
115
102
109
105
107
101
101
101
103
101
101
113
109
109
101
114
105
112
104
101
119
106
101
101
101
101
101
101
101
101
101
123
105
101
108
105
108
114
107
104
101
101
104
110
105
103
110
113
101
105
101
105
108
103
102
101
101
106
114
111
105
101
105
101
104
101
101
101
