15
11
33
29
39
11
18
11
22
29
19
20
33
19
21
25
29
29
29
29
24
18
11
15
11
12
26
33
19
17
29
11
12
29
11
15
11
15
11
18
11
11
18
26
23
29
36
13
29
11
32
19
29
29
23
16
11
28
27
20
11
26
29
29
36
11
22
29
39
11
22
29
29
29
29
29
25
11
29
23
29
20
29
29
29
30
29
29
23
28
16
11
11
29
11
21
14
16
19
11
15
29
23
16
36
29
11
22
21
11
36
33
11
32
23
29
29
29
30
19
40
26
13
36
29
29
20
11
22
31
25
28
29
29
26
11
32
29
23
22
11
11
16
11
11
26
27
32
13
11
22
23
33
13
11
15
11
22
11
15
11
18
27
29
33
29
22
37
36
26
23
29
24
12
26
29
33
11
25
11
15
11
18
11
18
11
16
11
15
11
15
29
11
35
11
22
11
18
11
15
11
18
27
29
11
15
11
15
11
15
11
18
11
15
11
15
11
15
11
22
11
15
28
31
26
11
15
11
15
11
15
26
11
18
29
26
11
11
11
13
21
11
15
11
38
34
12
18
26
11
11
17
23
11
25
26
36
11
11
15
11
14
16
11
42
11
15
19
26
19
19
22
11
19
31
11
21
29
33
25
24
25
30
29
29
30
23
11
15
11
15
11
18
11
11
11
16
19
11
22
11
18
11
11
11
26
11
18
11
11
11
11
13
12
11
17
11
16
11
11
11
11
19
23
11
22
11
15
23
11
22
13
13
33
23
11
15
14
11
11
23
35
27
11
22
19
17
33
11
21
37
29
30
11
28
26
11
22
19
29
29
23
36
26
13
23
36
29
29
11
22
11
11
15
20
11
14
19
11
22
29
13
16
33
16
29
29
11
11
11
13
11
22
11
13
11
34
11
28
23
11
18
11
18
11
22
19
11
11
11
13
11
22
29
36
11
18
11
15
11
18
11
15
39
22
11
20
11
20
11
14
11
13
25
25
11
20
33
39
11
22
29
29
16
29
29
32
27
29
33
29
19
11
18
11
25
11
11
14
11
11
23
11
18
19
19
30
11
18
11
14
11
11
15
11
35
29
29
29
29
28
30
29
29
29
29
11
15
11
15
11
15
11
15
11
15
39
16
23
11
15
23
11
21
16
11
31
18
11
18
11
11
18
11
11
13
11
13
31
11
24
20
11
11
12
12
11
11
11
11
11
14
23
25
17
12
13
13
11
12
11
11
11
11
11
11
11
11
11
16
11
11
14
12
12
11
12
11
13
11
24
16
11
11
13
11
13
11
11
13
11
11
11
21
11
11
17
20
11
13
13
11
13
11
11
11
12
18
28
32
33
11
22
11
25
11
12
26
33
36
33
24
23
12
11
35
23
11
25
11
32
29
13
19
11
14
11
16
13
22
25
32
12
11
25
26
34
11
24
35
31
11
19
39
23
26
11
11
16
11
11
12
11
11
13
11
13
14
11
12
14
11
11
13
11
11
11
11
20
11
18
11
12
29
13
14
11
36
12
11
11
11
11
11
12
11
13
15
12
11
14
11
11
11
15
11
11
11
12
11
11
11
12
11
11
11
11
11
14
14
13
13
11
11
11
11
11
21
11
11
13
13
17
11
12
11
12
11
11
11
11
11
11
11
11
11
11
12
11
12
12
11
12
11
12
23
12
11
19
11
11
12
14
18
14
11
16
12
12
15
11
11
