11
13
11
11
11
11
11
43
11
11
11
18
11
14
26
25
31
16
23
12
11
11
32
11
11
13
15
11
11
12
11
19
11
16
14
11
11
18
14
11
11
14
17
16
22
15
19
13
11
16
25
11
17
12
38
15
11
17
45
18
14
12
11
23
47
11
16
11
26
23
26
19
19
36
26
29
29
29
29
29
29
13
36
26
26
20
35
26
23
15
16
15
26
26
19
26
13
33
15
20
11
21
34
11
11
12
11
17
11
13
11
11
27
12
11
22
11
19
11
11
15
11
11
11
11
15
13
22
11
15
15
16
11
11
12
11
20
11
23
11
11
11
12
13
18
11
11
11
15
21
11
11
17
11
13
11
12
17
13
11
11
13
23
14
24
11
11
11
12
18
11
22
18
13
11
24
11
12
16
16
16
13
11
20
11
21
18
31
13
13
33
43
16
11
29
36
11
25
21
27
17
18
18
36
15
36
34
21
11
29
12
11
12
12
32
14
15
16
24
32
39
15
11
15
11
36
22
11
22
11
17
12
12
16
11
22
11
32
11
11
11
12
11
23
31
13
21
11
30
12
18
14
11
24
11
11
11
30
28
11
14
12
19
17
19
19
19
18
18
26
11
31
11
17
34
24
23
11
32
26
11
12
11
11
35
26
33
17
18
14
11
21
12
31
12
11
13
11
13
11
13
11
29
12
11
31
15
13
11
31
14
11
24
11
21
13
25
16
16
12
13
15
13
22
11
11
11
14
12
23
17
11
31
11
23
27
19
11
15
22
23
11
13
24
15
11
24
15
24
11
16
13
14
11
20
11
30
32
12
24
24
16
11
19
26
11
17
11
25
13
11
18
17
11
11
21
12
11
20
11
19
13
16
11
34
44
11
28
11
14
13
14
14
13
11
11
16
11
12
11
25
19
29
13
19
21
31
33
11
15
17
34
42
11
38
16
36
23
29
26
33
23
29
11
28
30
29
15
11
12
11
13
11
11
29
13
11
18
14
13
11
15
11
18
11
11
11
25
11
12
25
11
23
30
33
29
26
29
36
29
43
26
29
26
26
26
26
26
26
35
11
18
13
22
12
11
11
27
23
23
19
26
26
33
26
29
36
29
26
26
26
26
26
26
26
26
26
26
26
23
26
26
29
26
26
26
26
26
26
26
26
26
26
19
24
19
26
29
26
26
23
26
19
19
26
11
21
11
12
11
11
11
19
33
26
26
33
33
33
39
33
29
27
11
24
26
26
28
11
29
25
11
18
28
23
11
11
11
11
13
11
15
13
11
11
26
33
27
28
29
11
22
29
29
29
29
33
14
15
33
16
29
29
29
29
29
29
36
29
11
19
33
36
26
13
33
29
27
28
27
28
29
24
42
29
16
33
33
33
35
15
11
33
15
33
36
33
29
36
33
33
29
33
33
33
33
29
31
32
29
33
33
33
29
11
11
16
11
38
22
11
11
11
17
12
12
13
11
11
11
13
11
17
11
11
11
15
11
12
11
15
12
11
12
11
13
14
11
12
17
14
18
11
11
13
12
14
11
18
11
11
11
15
13
13
14
11
16
11
11
11
11
12
12
12
17
12
11
14
13
13
11
12
14
11
13
17
16
11
17
13
18
11
11
11
11
11
11
19
15
16
11
14
11
11
12
11
12
12
11
11
11
11
11
12
11
11
12
11
14
16
11
11
17
13
11
11
16
11
11
11
11
14
11
11
11
11
12
12
11
11
11
11
11
11
11
11
11
11
11
11
11
11
11
11
11
11
11
11
11
11
12
11
11
11
11
11
11
