15
15
20
11
45
34
19
16
13
16
19
19
18
11
22
11
11
28
11
15
11
14
11
33
11
22
11
27
26
19
15
14
25
13
23
21
30
41
45
19
11
19
17
18
13
12
45
15
16
12
30
11
24
14
11
11
13
35
33
15
11
22
14
23
11
28
13
26
11
17
12
11
23
19
26
26
26
33
39
36
23
29
13
29
23
24
28
23
14
15
11
11
14
11
14
11
11
11
11
13
11
11
13
13
11
11
13
15
17
11
11
15
14
31
27
26
29
26
26
26
29
26
26
33
33
43
33
46
24
48
26
26
19
16
18
21
13
21
11
26
11
15
11
11
16
11
11
16
24
33
33
20
29
26
23
26
36
29
29
26
11
12
26
29
19
26
26
33
26
26
26
13
29
26
26
19
26
26
26
26
29
33
26
33
36
29
26
33
33
30
29
40
36
26
26
19
26
26
26
26
26
26
26
26
26
26
26
26
26
11
25
36
43
26
26
13
26
33
23
29
29
19
26
29
26
26
26
26
26
26
29
16
11
18
26
26
26
14
18
29
19
29
19
26
29
26
26
26
26
23
26
26
26
19
17
19
26
24
38
26
26
19
26
16
19
26
24
45
11
25
11
15
11
11
24
11
19
17
11
22
14
11
26
18
34
24
12
11
35
19
22
11
26
11
32
28
13
19
11
27
16
13
11
11
11
14
11
11
13
11
15
11
12
11
11
11
11
15
11
20
12
14
13
17
11
15
11
17
12
17
13
12
12
12
12
11
12
11
17
15
21
13
12
11
11
11
12
15
12
29
33
33
13
19
26
26
23
11
35
29
11
32
26
26
26
26
23
29
26
26
26
26
23
29
23
29
17
45
19
16
14
35
25
34
26
36
13
36
29
23
33
26
26
22
11
19
29
23
17
15
27
11
23
11
17
11
32
13
21
11
11
27
12
11
29
16
14
20
11
26
27
16
36
23
18
28
20
12
21
15
15
15
11
37
14
22
21
20
20
11
11
30
12
11
11
26
12
11
13
11
11
12
12
11
11
11
13
11
12
11
11
11
11
12
12
11
12
13
11
12
17
11
11
11
11
11
11
17
13
11
12
20
11
11
15
13
12
14
15
17
19
26
13
24
41
26
26
16
26
33
19
36
26
33
33
26
24
42
11
27
25
29
33
33
33
33
11
25
26
33
33
33
16
24
48
20
26
24
38
26
26
26
26
26
21
35
33
26
30
36
26
23
29
23
19
26
26
26
26
11
25
29
26
26
13
19
11
25
33
19
33
19
33
26
29
19
33
19
39
29
29
29
33
33
33
36
33
26
33
33
29
29
33
43
33
33
33
29
29
34
29
20
32
26
15
49
11
24
29
26
29
24
28
26
29
36
29
29
29
29
29
29
29
27
29
29
29
16
29
29
29
29
29
