101
117
107
107
101
102
102
101
101
109
106
107
120
109
109
101
103
101
101
108
101
101
101
110
101
111
115
101
116
109
113
101
113
109
109
123
116
113
116
106
123
103
116
109
109
101
130
101
104
112
103
109
119
106
109
101
101
103
113
103
101
123
119
101
101
122
103
103
101
101
101
106
102
107
106
106
101
101
118
116
106
101
110
109
103
109
114
125
106
113
109
113
116
106
106
117
101
110
119
113
109
109
116
119
103
109
102
101
101
116
109
103
119
123
101
101
108
113
101
101
101
116
101
101
101
102
108
108
