114
109
106
102
110
105
101
101
114
104
107
106
101
104
115
129
106
108
107
102
120
101
117
124
101
113
118
113
106
109
125
101
101
101
109
102
101
105
105
110
110
101
104
102
101
110
104
107
107
102
101
117
119
113
133
105
114
123
129
101
111
101
116
106
106
101
126
115
115
101
103
112
103
106
103
104
103
105
103
101
110
107
124
101
101
103
102
101
101
102
102
101
102
102
101
101
101
101
101
110
121
104
101
101
102
104
104
101
106
102
101
102
107
106
101
104
101
103
101
101
103
102
101
103
101
101
101
103
101
101
101
