104
114
101
101
113
103
107
112
109
123
113
119
106
109
103
106
109
106
123
106
109
102
113
109
116
101
104
101
104
104
119
106
126
126
109
103
126
102
111
101
105
101
106
101
109
101
106
114
132
119
103
106
106
110
101
104
101
105
103
136
101
115
101
101
108
106
101
110
105
104
108
105
102
105
101
103
101
101
102
101
101
107
105
102
113
114
115
109
103
116
102
104
103
103
101
101
102
113
101
103
102
102
101
102
112
104
111
101
101
102
128
104
106
112
111
101
101
101
103
103
103
102
101
104
101
103
124
102
102
101
102
101
101
101
101
101
101
123
