103
114
101
103
101
116
105
101
109
101
126
110
119
129
103
103
107
101
103
101
110
101
122
113
106
102
101
101
106
107
112
109
103
113
123
119
113
109
123
106
106
106
109
113
123
109
106
116
101
101
106
101
101
110
101
101
101
104
108
102
103
102
101
103
101
101
104
105
101
101
117
107
106
101
106
106
101
101
103
116
101
133
101
118
101
101
114
129
119
103
109
119
113
113
106
116
101
102
103
123
105
101
116
119
103
106
113
109
106
103
109
123
106
101
101
124
102
101
103
113
103
116
111
102
103
106
102
101
101
104
101
101
101
103
101
101
