124
104
101
103
101
105
107
103
132
128
115
103
119
109
109
101
101
101
101
110
102
105
116
101
101
114
103
102
101
103
103
103
101
107
108
101
111
101
102
108
102
108
106
104
101
124
117
109
117
105
113
121
103
101
112
101
101
103
101
110
102
104
109
106
101
101
104
101
127
106
113
101
115
101
102
123
123
101
108
115
102
118
116
119
106
106
103
109
106
101
103
101
106
117
101
102
116
101
105
101
106
101
123
109
119
101
101
104
115
101
101
101
111
101
101
101
122
106
101
101
101
101
102
101
101
102
109
113
101
101
102
103
101
102
101
101
101
101
