22
11
15
14
30
28
43
13
21
36
35
24
24
28
38
37
11
11
11
19
29
26
11
28
38
34
23
16
12
37
29
28
34
11
11
37
19
19
36
36
11
33
13
11
11
23
14
11
28
32
11
23
34
14
15
23
11
11
11
25
14
13
19
23
15
14
12
11
11
27
13
18
14
19
11
36
31
29
13
12
13
12
12
16
13
12
12
11
13
11
13
11
31
23
11
18
11
16
12
20
32
31
11
38
11
13
11
18
31
16
39
11
15
19
11
20
21
26
11
31
22
11
18
13
16
28
15
12
18
11
11
11
16
14
14
19
19
16
11
15
31
11
23
20
17
24
33
13
11
13
25
34
12
11
13
12
11
11
28
19
29
27
16
11
25
19
18
20
11
11
18
19
36
11
14
15
11
37
11
17
19
41
39
39
26
11
25
33
39
36
39
26
29
26
26
26
26
26
26
29
19
22
30
29
26
26
33
19
29
19
26
26
21
48
26
11
45
26
36
29
19
26
26
29
26
26
26
36
15
35
42
21
34
26
26
23
11
28
16
26
26
26
11
25
29
26
26
26
26
26
26
26
26
26
26
26
26
16
26
29
26
16
19
26
26
21
28
26
26
29
23
29
26
26
26
26
26
11
25
26
26
26
26
26
26
33
26
19
19
26
20
26
26
26
26
26
26
26
26
23
21
28
26
28
32
11
22
11
25
18
17
18
13
22
11
25
11
16
15
27
11
19
12
29
15
14
11
42
19
20
11
28
24
16
11
24
21
11
14
12
16
16
27
12
12
14
22
14
22
18
12
14
18
13
11
12
12
16
11
11
11
11
14
11
12
11
15
11
12
13
13
15
14
14
12
11
15
11
15
11
11
11
14
14
11
20
17
11
37
11
12
16
11
11
12
11
12
11
11
11
11
11
11
12
11
14
19
12
12
17
18
24
11
11
26
16
12
15
17
14
11
13
15
16
16
13
16
13
16
13
11
12
11
12
11
11
13
13
13
18
18
13
13
13
23
16
11
12
24
42
13
11
15
11
11
18
21
11
12
47
11
44
16
23
11
23
11
38
22
18
13
11
46
13
31
28
28
11
19
14
11
11
32
23
13
11
14
11
25
16
11
41
11
27
16
14
11
38
22
14
22
22
11
33
21
11
43
21
11
17
16
13
30
33
11
11
29
11
27
13
11
27
11
29
35
31
11
29
45
13
14
11
16
11
40
20
18
11
24
18
16
11
29
11
25
15
13
13
13
13
25
28
11
17
17
11
11
21
11
11
33
27
13
12
11
14
11
19
11
11
20
18
19
20
15
11
26
11
11
12
11
27
11
34
11
12
15
11
39
29
16
31
16
14
14
11
32
22
11
22
11
15
16
19
21
18
11
37
24
14
11
29
14
11
33
27
13
25
19
13
16
11
33
31
11
23
17
11
21
20
22
13
11
27
11
12
15
31
18
19
11
11
14
48
17
11
15
13
11
12
12
11
13
12
11
11
11
12
11
11
11
11
16
12
11
13
11
12
11
12
13
11
12
12
13
16
12
11
11
11
12
21
15
11
11
11
12
14
11
17
14
21
11
13
14
21
14
16
11
27
11
27
12
11
11
16
11
20
11
20
11
13
17
11
26
40
11
11
15
14
15
11
30
13
12
19
23
13
27
11
11
13
13
17
20
13
11
11
11
12
11
11
11
14
11
15
16
12
19
11
11
13
11
13
19
17
30
11
14
11
11
11
15
18
11
17
20
18
11
19
11
21
15
11
11
