14
12
21
20
18
40
24
11
26
17
19
33
11
16
24
11
12
16
24
34
24
47
11
31
27
11
25
26
35
11
42
21
12
39
15
20
11
32
11
26
15
27
17
12
35
14
38
21
14
12
25
15
12
11
11
12
11
11
11
14
13
11
11
11
15
11
16
11
12
11
11
15
16
18
18
15
11
12
11
11
11
15
13
11
11
15
13
11
11
15
17
15
14
11
14
12
11
16
13
12
11
14
11
26
11
12
11
20
21
11
27
11
11
11
12
11
22
11
12
11
12
11
11
12
11
22
17
13
13
13
19
13
11
24
12
11
16
20
23
19
11
14
11
13
11
11
12
11
29
30
35
32
25
11
13
13
11
11
15
11
22
25
42
13
19
26
11
25
20
33
33
26
16
19
26
23
26
16
29
26
29
27
29
29
19
26
26
33
26
26
26
33
29
26
26
26
26
26
26
29
33
27
32
36
29
19
26
33
33
26
26
29
23
29
33
26
26
26
26
13
23
33
23
26
29
26
26
29
26
24
28
26
29
24
32
26
26
26
26
36
19
26
26
26
29
26
26
26
13
14
28
24
42
21
42
26
19
26
23
13
26
21
37
11
12
25
34
26
26
26
11
18
26
23
26
22
27
29
26
29
19
29
26
26
26
26
26
26
26
11
19
26
26
26
26
29
26
26
24
28
26
26
33
23
26
33
19
33
27
28
22
41
33
33
39
27
11
34
19
26
26
29
26
26
26
29
26
23
26
29
26
26
33
23
29
29
36
26
26
26
14
48
26
23
33
33
26
26
26
26
26
26
26
26
26
26
11
25
36
29
27
20
29
29
26
26
26
26
26
33
19
27
42
24
11
28
26
23
29
11
25
26
23
26
22
16
26
23
40
29
12
11
25
29
11
22
29
20
11
17
29
22
35
35
26
26
21
48
11
42
21
35
29
26
33
19
13
19
13
43
39
39
39
26
26
24
34
34
43
13
26
29
29
13
26
26
19
29
26
26
26
26
26
26
27
11
26
26
26
26
26
33
24
32
33
19
36
19
29
25
28
26
26
33
33
19
22
11
22
28
17
32
15
16
11
11
21
11
16
13
14
18
12
32
29
11
29
11
12
16
28
11
28
11
11
17
11
27
23
12
25
33
11
32
29
11
22
29
26
29
36
29
29
13
19
30
35
33
33
33
23
36
29
33
29
11
12
29
16
29
26
29
29
26
11
11
14
19
11
13
11
11
16
11
11
11
11
11
23
11
20
14
12
16
20
11
31
19
36
11
22
33
11
24
17
13
26
19
11
11
17
19
29
29
11
15
11
15
11
32
11
18
26
26
29
29
36
26
30
29
29
29
26
29
24
28
29
29
29
19
33
26
13
24
28
26
33
30
29
26
34
11
50
33
29
23
29
29
29
29
29
29
29
29
26
23
11
14
11
11
11
11
11
11
11
11
11
11
11
11
11
11
11
11
11
11
11
11
16
11
13
14
11
11
17
12
