101
118
101
118
119
119
101
102
106
103
109
113
106
110
116
101
102
111
132
123
101
101
116
101
101
102
103
110
107
105
103
116
101
122
102
104
106
109
101
101
101
110
126
109
119
119
113
109
109
119
101
112
116
103
109
103
106
106
101
112
106
101
116
106
109
123
105
104
101
107
106
101
102
107
101
102
109
110
101
101
103
103
105
101
101
132
125
107
105
106
111
101
116
102
101
112
136
104
112
120
101
120
105
111
114
103
101
110
101
101
108
101
108
101
101
106
107
107
104
102
101
103
101
101
101
106
101
110
101
