110
102
101
105
101
101
101
101
106
101
102
103
109
119
109
113
133
116
101
101
108
109
101
101
119
123
102
108
111
101
101
106
102
101
102
112
123
103
103
119
101
101
101
101
115
103
109
109
103
109
121
115
109
101
101
106
109
101
115
126
107
101
126
113
116
103
119
113
111
115
113
113
106
101
101
106
103
101
105
116
101
108
123
101
101
101
101
118
119
116
113
119
109
101
112
113
109
101
125
101
113
115
114
109
101
101
101
122
119
101
102
101
101
104
101
125
101
101
111
103
101
101
120
101
101
118
