116
117
101
118
101
108
101
101
103
116
101
118
123
101
110
101
118
123
101
104
101
101
101
123
123
101
104
101
101
105
109
106
106
101
112
108
101
101
107
113
101
101
102
111
101
122
102
103
101
103
109
113
101
111
106
104
101
101
103
101
107
103
111
101
101
112
101
101
102
101
101
113
101
119
108
106
101
106
101
134
108
105
101
104
102
122
101
115
117
117
101
101
116
101
101
130
122
106
127
126
106
102
103
111
121
101
116
101
101
137
110
119
101
121
143
108
105
110
112
101
103
112
101
116
103
101
111
101
101
111
116
101
101
101
104
101
