11
12
28
26
18
11
11
16
11
22
11
31
30
21
25
30
35
25
11
29
14
23
12
25
15
26
26
11
29
20
18
11
28
11
30
18
24
11
27
30
19
11
30
14
11
34
15
11
11
12
24
11
12
11
11
11
17
12
11
20
14
16
16
11
11
11
12
11
11
14
11
13
11
16
11
12
13
11
28
19
26
26
29
26
26
29
29
29
39
26
33
29
29
29
39
26
23
33
29
23
23
32
29
33
20
16
11
33
11
12
13
11
12
19
11
30
23
12
19
11
31
12
26
13
14
13
11
17
11
34
15
13
11
24
18
26
13
12
11
46
24
12
11
11
11
20
13
11
16
11
12
14
11
11
11
16
16
11
28
47
25
19
12
39
31
42
11
15
31
11
30
41
13
13
13
11
16
23
15
22
20
11
11
11
11
21
12
18
13
18
11
16
31
26
13
13
11
11
11
11
11
17
11
19
11
14
11
13
11
11
13
11
14
19
11
16
17
14
11
11
11
25
11
21
13
11
11
11
11
13
11
13
11
11
15
11
16
12
12
15
14
13
11
11
17
16
14
11
14
17
16
15
11
16
16
13
16
16
12
21
22
13
22
20
11
11
26
31
11
21
14
14
14
15
14
14
13
11
12
16
11
13
11
11
11
14
15
11
13
12
12
11
11
15
11
13
11
26
11
13
13
15
11
15
22
11
13
17
46
18
44
39
39
34
11
24
12
18
14
16
11
20
11
12
15
13
22
11
13
11
12
11
11
11
11
17
11
19
25
18
12
29
14
13
11
38
33
30
21
11
26
40
43
16
41
32
19
48
14
29
13
11
12
14
11
20
23
26
13
11
16
13
11
24
11
12
22
24
39
22
40
20
11
30
13
26
11
26
11
11
21
21
15
19
29
14
11
11
37
14
23
26
22
41
11
28
22
17
29
22
17
13
23
18
17
15
11
21
11
13
11
14
11
12
12
13
12
13
17
11
11
11
21
19
11
11
12
14
18
11
11
11
12
15
17
11
12
17
30
18
12
26
17
17
11
18
13
11
11
14
11
12
19
11
13
14
18
11
12
11
11
24
26
23
17
15
21
11
11
11
11
11
13
23
19
29
14
12
15
13
13
17
16
12
11
11
14
13
12
13
12
14
19
15
11
11
11
11
11
16
13
11
14
11
20
11
12
11
12
11
13
13
13
13
11
11
11
11
11
22
14
11
12
19
11
11
11
15
11
25
16
23
12
27
11
16
20
11
29
11
14
11
22
27
23
13
31
24
11
14
11
11
14
11
27
27
12
11
14
18
11
11
17
20
17
11
11
15
14
11
13
12
11
17
20
12
16
11
16
11
13
12
15
14
15
11
11
11
19
13
11
16
12
11
16
13
15
15
18
16
12
11
21
11
12
11
11
15
16
11
11
15
14
13
11
18
13
15
13
11
12
11
11
17
13
11
11
16
13
11
11
13
11
11
17
13
11
11
11
11
13
18
11
18
11
11
18
11
11
12
11
19
11
13
22
11
11
11
15
11
16
13
12
13
11
13
11
14
11
13
11
11
12
11
11
17
11
11
16
11
11
11
11
11
16
24
14
17
12
13
14
11
15
12
12
18
11
11
14
11
11
14
18
11
15
12
12
11
17
11
11
11
12
11
11
11
11
11
11
15
12
14
12
11
12
15
13
11
18
16
18
21
11
11
14
15
12
11
11
12
19
14
12
13
11
11
11
14
12
12
11
11
13
11
11
11
18
24
18
26
22
33
21
13
36
20
26
23
19
11
22
13
11
11
21
14
19
28
12
11
17
11
11
17
11
22
11
19
11
27
11
22
15
11
11
22
35
11
13
18
11
30
11
25
11
16
20
19
11
11
16
12
17
33
31
11
14
14
16
13
13
12
12
17
20
39
19
28
19
17
15
14
11
11
14
11
11
11
11
11
11
11
13
11
13
17
12
15
21
24
11
11
11
19
19
11
22
14
11
26
19
12
14
11
11
19
13
15
13
15
11
11
21
