104
101
101
109
103
116
101
122
118
104
104
101
101
113
105
101
105
101
101
120
101
106
102
101
122
104
101
101
101
101
101
118
110
101
101
105
102
101
103
104
107
104
101
114
102
110
101
118
116
113
116
101
125
119
116
110
101
104
106
109
101
101
101
105
103
123
101
123
104
122
113
106
103
103
109
115
101
119
113
111
101
101
106
109
106
106
119
106
106
109
106
102
101
101
101
104
116
111
112
113
106
117
101
113
109
116
103
113
113
101
108
106
119
106
101
101
101
108
133
106
120
105
102
101
101
101
126
123
116
114
118
119
106
105
104
101
