109
112
108
101
112
126
106
103
109
101
101
107
109
115
113
106
116
101
123
106
123
103
116
119
103
101
109
111
101
101
115
114
115
109
101
102
109
109
107
102
103
101
101
103
109
119
111
101
104
104
101
106
103
101
122
109
103
106
101
105
106
103
109
106
113
106
119
113
101
110
126
101
103
116
106
101
103
101
108
101
116
106
107
101
101
101
101
102
101
103
102
101
101
102
105
101
103
101
103
102
106
101
101
102
101
104
109
104
101
101
112
103
106
102
117
110
101
105
113
112
101
101
114
101
107
106
101
103
101
104
113
107
