101
107
108
106
103
115
120
104
101
105
101
102
114
101
104
102
118
101
101
120
120
101
117
106
101
103
103
102
107
101
105
104
101
104
104
107
116
101
108
102
108
101
118
108
101
101
103
106
108
101
101
116
122
104
113
109
128
103
101
110
103
136
101
109
106
104
110
123
101
110
117
101
130
111
130
101
101
103
101
102
109
133
118
101
103
101
101
109
121
101
116
119
114
107
118
106
117
116
104
101
109
125
101
114
121
118
103
123
101
102
101
101
106
102
112
101
109
101
101
107
101
101
101
101
102
107
104
101
112
101
114
120
104
101
112
101
101
