11
11
11
20
26
11
17
17
23
22
14
13
12
11
20
41
26
11
16
26
11
30
21
23
11
44
11
22
25
19
16
19
15
17
19
11
28
30
12
12
14
20
26
25
11
25
11
16
34
11
34
13
11
21
40
19
11
14
12
14
11
11
11
16
16
13
18
15
18
37
22
25
13
14
19
11
14
11
11
13
12
11
15
11
11
11
13
11
13
11
18
17
13
11
14
13
12
12
11
11
11
16
13
11
14
11
11
14
20
12
35
11
19
11
16
29
15
13
11
22
24
34
16
11
32
15
15
25
21
14
22
19
11
30
17
29
17
11
14
47
16
14
28
39
34
40
12
11
15
18
11
12
11
11
11
22
11
13
25
13
11
15
11
11
15
12
13
22
11
11
11
18
11
14
25
11
29
37
23
21
13
38
11
12
15
20
11
24
11
27
12
30
11
11
14
11
11
17
12
15
13
11
20
15
11
11
22
26
12
11
11
11
13
22
20
39
26
33
29
29
26
26
33
26
26
26
29
26
36
26
26
33
26
26
26
26
26
26
26
26
26
26
26
26
22
27
29
29
19
26
26
33
26
26
11
28
27
35
26
29
26
26
26
26
26
26
36
11
42
26
26
26
20
28
11
16
29
26
29
26
26
26
26
19
29
26
26
19
29
26
26
33
29
26
26
26
29
19
26
26
19
33
25
19
18
16
11
18
28
13
39
22
40
23
11
21
11
11
14
11
28
11
22
11
27
11
37
11
13
11
28
16
11
11
11
12
16
12
16
11
11
15
19
12
12
12
11
17
16
13
12
11
14
11
11
11
11
16
12
14
11
11
11
11
12
12
15
13
15
11
11
11
12
11
13
11
11
14
12
15
18
11
17
26
33
33
26
26
23
26
23
16
24
15
19
26
26
26
26
26
11
15
26
26
26
24
38
29
23
29
26
19
39
29
19
26
18
41
29
17
32
26
30
17
11
19
26
26
33
26
27
14
13
11
13
14
17
14
11
17
31
19
13
11
11
11
16
11
23
15
21
15
11
11
11
24
23
11
23
16
11
24
18
20
36
11
17
17
15
16
24
11
11
12
11
16
20
14
21
19
20
17
13
12
26
16
11
22
23
40
39
39
31
19
13
14
12
11
11
11
11
11
12
11
11
19
22
11
11
11
15
12
16
11
11
11
19
18
31
24
28
26
26
26
20
16
26
33
19
29
33
26
33
26
26
33
33
29
33
33
23
33
33
27
28
26
33
33
33
36
26
19
26
26
21
42
26
26
26
26
26
26
11
18
26
26
29
24
32
26
23
29
23
17
28
26
26
23
26
29
19
26
11
28
23
26
33
19
33
19
13
19
26
49
33
39
36
31
32
16
33
33
33
36
33
33
33
29
33
16
33
29
33
33
33
26
29
29
36
20
23
29
25
14
19
43
21
14
11
28
29
33
27
28
26
30
29
29
29
29
29
29
29
26
29
29
26
29
29
29
27
11
21
23
11
15
