112
114
101
110
125
102
104
103
118
101
112
101
121
101
113
113
101
102
104
101
111
109
115
113
113
106
101
106
119
103
109
116
101
114
116
123
103
102
114
101
103
101
101
111
105
112
106
123
101
101
111
101
101
106
107
106
105
108
105
101
101
101
101
101
105
101
102
115
112
119
102
101
103
101
102
109
107
101
107
102
103
101
101
101
103
103
101
105
104
101
101
101
102
101
101
106
105
101
101
101
107
102
107
101
107
101
104
104
103
102
102
101
101
102
103
108
103
101
102
104
101
104
101
102
101
102
119
103
122
109
110
103
103
101
101
101
101
105
101
104
