108
101
103
101
107
102
131
101
105
111
101
113
108
101
101
102
106
101
103
104
101
109
109
109
104
102
111
105
103
109
116
106
103
113
101
106
123
126
133
109
106
106
106
101
101
113
106
106
101
101
101
101
103
101
110
101
116
110
106
104
101
108
101
101
103
101
101
101
101
101
101
115
106
106
106
116
112
101
122
106
113
107
101
101
104
102
117
101
114
101
101
102
101
102
101
120
101
125
101
118
101
122
123
109
106
116
119
101
116
101
123
109
113
123
103
126
136
101
101
101
101
110
122
119
117
105
119
