122
115
116
105
126
101
108
101
103
101
106
101
110
101
104
101
106
104
112
105
116
101
101
101
101
101
119
101
101
111
101
101
128
106
103
103
109
109
103
106
103
101
108
103
109
129
109
106
119
106
106
106
101
101
106
109
116
106
106
119
106
101
113
106
102
103
113
103
101
109
101
101
101
103
102
124
101
101
101
101
105
102
104
101
103
110
127
125
112
102
104
101
107
101
111
104
104
101
104
118
106
109
106
101
102
101
101
103
106
119
103
101
124
103
102
101
110
104
101
103
101
101
102
105
101
101
101
101
108
101
101
103
101
103
101
101
105
101
