127
101
101
112
118
101
115
116
108
101
102
102
106
104
101
101
102
106
107
103
103
106
101
104
101
101
130
101
101
101
114
105
113
116
106
117
101
111
106
116
123
106
107
109
112
109
109
109
129
101
101
113
107
106
106
106
109
106
107
115
103
112
107
113
103
109
106
109
101
138
116
106
106
126
106
109
106
101
112
113
131
108
106
123
123
109
109
129
106
119
113
101
110
107
118
116
109
109
113
103
106
119
109
101
101
106
119
101
119
126
101
115
103
103
109
106
123
106
119
101
108
101
116
113
113
119
101
101
112
119
116
101
101
103
101
