20
32
29
27
11
27
43
30
42
33
33
33
33
33
33
26
26
26
33
33
26
33
26
26
26
26
26
26
29
19
26
26
26
30
22
27
19
29
36
16
19
26
11
25
26
26
27
38
26
19
24
35
26
26
26
29
26
26
29
26
26
26
26
23
19
26
19
26
19
26
23
26
23
26
26
19
19
29
11
15
19
29
29
26
26
11
23
35
26
29
19
26
25
33
26
29
26
19
19
26
26
19
29
26
26
26
23
19
24
28
26
30
13
11
27
14
11
14
11
18
12
28
26
28
33
11
40
17
11
26
35
31
36
11
34
25
13
11
11
24
15
11
48
39
39
33
36
16
13
11
22
36
36
39
26
29
26
26
26
26
26
26
29
26
26
26
27
28
11
14
48
29
19
26
26
23
19
26
24
28
36
24
38
11
18
26
26
29
26
26
24
31
26
11
18
36
26
29
26
26
28
38
33
26
26
23
26
29
26
26
26
24
42
26
26
26
26
26
26
26
23
26
29
23
19
26
26
26
11
32
26
26
33
19
27
35
26
26
19
29
26
26
26
26
26
26
26
19
26
33
19
26
26
26
26
26
26
26
26
26
23
19
29
26
33
20
12
27
32
13
12
32
33
11
23
33
18
17
11
25
11
22
19
16
11
38
23
11
28
30
19
13
11
30
15
23
11
22
13
17
24
11
14
11
21
12
16
14
15
32
26
11
14
16
11
15
15
14
14
15
15
14
13
11
25
11
13
30
22
26
11
11
30
26
29
27
29
11
18
16
12
37
36
11
28
11
18
29
19
28
29
32
34
11
28
26
49
28
38
19
29
17
11
28
20
26
12
22
14
11
26
11
29
26
11
11
11
11
11
13
18
13
21
14
19
12
14
14
17
12
12
11
11
12
11
11
11
17
11
15
11
12
11
13
11
13
13
11
11
11
13
12
12
15
13
15
11
11
11
13
11
13
14
15
11
11
12
11
12
11
11
11
11
14
11
12
14
12
11
11
11
12
11
12
11
12
17
11
22
18
12
19
12
17
11
12
12
12
12
18
12
11
14
13
16
12
16
13
16
13
11
18
21
16
15
11
11
11
12
17
22
11
13
13
11
12
12
11
14
11
22
11
24
11
11
13
11
18
16
11
18
11
13
11
18
11
12
12
11
12
13
16
17
11
12
12
11
16
13
17
11
12
14
13
11
11
13
12
11
15
12
12
11
15
11
13
19
12
11
13
11
15
11
16
16
18
15
12
11
11
13
17
13
11
11
11
16
11
11
13
11
12
14
18
14
17
11
13
11
11
20
13
11
15
13
15
17
13
20
11
11
13
14
14
11
16
11
11
11
25
15
14
11
15
14
13
15
23
19
17
15
11
11
11
19
11
14
22
12
12
11
11
14
19
13
12
17
19
14
11
16
11
11
14
12
17
11
11
13
15
16
16
23
12
21
19
21
23
11
11
34
12
37
29
11
11
27
11
27
33
11
14
30
11
16
24
11
11
11
11
11
15
19
18
11
24
12
19
11
11
11
11
13
27
11
12
16
18
11
14
12
11
11
11
11
11
13
14
11
11
11
13
11
17
14
18
18
11
11
37
24
13
11
24
11
12
11
18
22
11
21
27
20
