16
11
19
11
11
13
12
14
13
11
11
12
11
15
11
11
11
11
11
11
18
13
16
11
11
11
16
16
27
16
13
19
12
13
15
14
11
11
11
11
11
12
12
11
18
11
13
11
11
14
11
14
17
11
11
12
11
27
24
30
11
17
12
25
30
11
13
11
12
13
15
19
27
13
36
24
28
21
27
29
29
29
29
29
29
39
11
32
26
26
29
26
29
29
29
29
43
25
31
29
29
29
36
29
22
33
27
11
24
17
28
29
28
20
13
11
22
30
11
22
33
33
11
19
21
11
28
32
23
20
15
11
29
11
22
29
29
29
33
29
13
29
13
15
11
29
11
31
11
14
11
11
11
27
19
11
19
32
11
22
12
12
11
13
14
11
12
16
14
16
11
11
13
12
17
14
13
14
11
11
27
11
13
11
11
13
11
14
12
20
11
24
11
15
15
15
19
12
12
29
49
33
13
33
36
39
36
33
33
26
26
29
19
33
33
26
26
19
21
11
37
11
43
32
19
26
26
43
26
13
33
26
36
14
35
26
26
26
23
33
19
26
26
26
28
27
26
24
18
13
26
26
19
26
29
26
33
26
23
33
33
11
15
27
24
37
26
26
26
29
26
26
16
26
29
26
29
26
43
11
25
26
26
26
26
26
26
29
26
19
26
26
21
42
26
26
13
26
26
26
33
23
26
33
24
28
43
26
11
25
33
33
33
33
39
39
33
21
35
26
26
29
19
26
29
26
36
26
29
24
29
29
33
26
26
24
45
19
26
23
33
23
11
18
26
31
28
26
26
26
26
26
26
29
29
13
26
11
25
26
16
26
11
25
26
26
26
26
26
19
29
33
19
26
19
40
38
26
11
11
24
26
16
26
17
48
33
39
23
19
26
23
29
13
26
29
19
29
23
26
11
18
26
26
24
25
19
33
19
26
11
18
29
19
21
11
37
33
46
39
39
39
26
26
29
11
22
11
18
29
26
27
29
20
42
26
26
29
26
26
19
26
26
26
26
33
26
26
26
26
26
33
29
33
11
35
23
19
29
26
13
26
26
26
33
32
34
29
13
29
26
29
26
29
11
25
26
22
27
29
29
26
29
24
28
26
20
26
26
26
43
26
26
19
16
26
29
26
30
29
24
38
26
13
26
26
26
26
26
16
26
26
26
33
19
29
23
20
26
33
33
33
39
33
33
33
29
33
32
34
33
29
33
33
29
28
11
23
36
25
11
20
29
29
29
26
19
11
15
16
19
29
33
11
28
29
29
26
29
29
29
29
13
30
26
29
11
11
21
37
28
22
11
33
23
29
29
13
