101
101
108
109
101
102
116
105
115
119
110
123
110
101
122
101
101
112
101
109
103
113
106
101
103
102
102
105
106
120
101
105
105
102
103
101
106
104
101
110
101
103
103
106
101
101
116
101
116
126
108
114
101
115
109
106
103
109
109
101
108
110
103
104
101
101
101
101
108
119
113
101
108
114
101
101
113
101
101
106
103
111
110
107
101
104
102
101
101
101
101
112
101
101
118
116
103
101
101
101
101
120
113
101
112
119
115
101
106
116
113
113
101
101
119
109
101
102
101
126
110
101
103
101
104
101
105
101
103
104
113
102
118
106
101
103
101
102
102
