111
126
101
101
119
122
101
104
104
113
101
102
110
101
106
106
102
102
102
113
109
109
116
146
101
102
121
106
103
101
101
101
108
109
106
119
113
101
105
106
106
106
109
106
101
103
106
109
101
120
103
109
103
103
129
113
101
101
107
101
103
101
102
101
102
105
110
101
120
109
101
106
107
112
101
116
113
116
107
107
111
101
106
101
101
109
104
101
116
102
101
103
109
106
123
123
106
106
119
116
103
101
106
109
109
101
118
113
109
123
117
118
101
107
106
101
117
116
106
103
101
103
119
119
123
101
101
101
101
101
101
106
106
103
106
