113
121
101
128
101
125
102
128
122
104
101
105
101
114
105
101
106
101
116
106
116
101
108
109
101
101
107
111
105
102
128
105
101
101
102
116
106
103
101
116
103
101
104
109
101
105
106
109
109
106
107
102
113
109
101
106
109
104
101
106
106
101
110
111
111
101
101
101
104
101
101
104
104
101
114
117
101
114
101
106
125
104
101
101
107
101
101
103
104
106
117
101
121
110
110
124
119
105
108
114
101
101
101
110
102
101
113
103
105
109
101
122
117
101
101
105
119
130
102
101
101
115
103
106
101
101
103
101
109
101
113
114
