11
11
11
12
11
50
26
20
42
28
35
13
15
37
19
20
20
11
21
16
11
33
11
41
11
19
29
16
13
26
11
18
30
28
11
19
23
34
28
16
19
17
31
27
39
11
11
27
26
28
19
16
11
11
18
15
11
12
13
13
12
16
13
14
12
22
11
12
17
14
11
11
16
17
11
11
12
11
12
13
11
19
16
13
11
12
11
15
11
15
11
11
15
14
12
15
14
23
14
11
12
11
24
11
25
11
11
13
17
28
15
16
20
11
11
11
11
11
17
11
11
11
11
13
23
11
33
16
18
14
14
14
15
26
23
16
14
12
18
22
14
12
11
11
15
11
16
11
11
11
12
27
35
12
11
14
11
17
14
18
11
22
13
33
19
33
26
29
17
42
33
26
29
26
26
16
24
18
29
26
29
36
26
29
26
26
24
28
26
26
25
31
26
26
33
26
26
26
26
36
33
33
36
29
34
26
33
33
26
26
29
23
16
33
18
11
14
18
11
13
13
11
11
14
11
11
11
11
11
11
27
11
11
11
14
11
17
25
15
17
25
11
11
13
11
14
25
11
11
18
19
11
12
16
14
11
11
11
11
11
11
11
11
11
11
11
13
22
12
22
12
12
11
11
14
11
17
12
13
13
16
11
12
17
13
13
18
13
11
15
11
19
15
12
19
31
13
11
25
24
11
25
11
15
11
12
13
20
30
39
39
39
26
26
26
29
19
33
26
13
19
26
26
29
26
26
26
29
23
26
26
26
24
42
26
29
11
32
21
32
11
11
15
11
11
11
13
14
11
16
11
12
11
11
17
11
12
11
25
11
11
14
11
11
16
11
11
11
12
27
19
17
11
19
11
11
11
16
11
11
32
16
15
16
11
35
31
18
20
14
40
11
27
11
25
25
24
15
20
35
11
35
26
22
24
14
17
11
18
14
37
11
27
22
11
11
16
15
11
34
11
33
33
27
30
18
11
11
12
11
18
17
22
25
31
17
16
18
27
16
19
11
16
11
11
11
11
14
11
14
13
12
11
16
11
11
12
11
11
16
14
15
19
11
11
11
15
11
13
12
11
11
12
11
14
11
11
11
11
17
13
11
11
11
11
13
21
12
11
13
12
15
11
16
12
11
13
11
11
14
11
11
12
14
13
11
15
15
11
22
16
12
11
13
15
11
16
13
11
12
11
13
11
11
16
11
12
11
11
11
14
12
11
11
11
11
29
24
14
11
24
11
11
14
20
28
24
21
11
16
31
21
11
20
14
13
11
30
11
12
11
12
11
12
17
13
11
29
11
11
16
12
11
34
11
11
11
11
11
11
11
11
11
11
11
11
11
20
25
15
11
18
18
11
19
11
13
12
15
13
12
13
11
16
15
11
18
11
14
16
11
11
11
21
16
16
24
17
11
15
26
33
11
28
29
33
29
19
29
29
29
13
31
28
11
28
29
29
29
29
29
29
16
30
33
16
11
28
33
20
11
11
11
11
18
11
11
34
11
11
18
15
11
26
15
42
29
43
33
33
33
27
28
29
11
22
27
25
28
28
17
29
29
28
14
11
11
17
11
11
11
11
13
13
14
11
12
11
15
14
12
12
12
11
11
11
12
15
15
12
15
19
11
17
15
11
11
24
33
30
