101
112
107
102
117
114
101
109
105
111
102
102
101
106
109
116
101
128
113
109
114
121
101
102
110
127
104
101
132
101
101
101
112
107
115
104
101
102
101
101
101
101
101
106
105
101
101
102
102
111
108
109
114
104
103
101
101
110
129
102
101
103
101
113
126
102
102
101
103
103
101
101
101
103
104
102
105
101
101
108
101
120
103
102
105
101
101
101
117
109
120
101
101
102
102
105
101
102
101
101
102
106
101
104
101
108
101
102
109
101
102
101
103
101
101
101
101
101
106
108
114
101
117
101
101
103
107
105
105
104
113
101
104
103
101
109
106
102
101
