26
35
13
15
11
44
22
11
17
22
14
11
22
20
15
23
11
28
11
21
11
23
17
12
23
20
16
33
11
27
11
21
16
14
22
26
12
11
30
22
11
12
19
14
21
11
15
22
19
18
14
18
15
12
23
13
11
14
11
13
14
15
11
26
15
11
29
12
23
11
11
11
12
11
11
15
15
12
40
26
26
21
35
23
23
26
36
33
26
11
25
16
18
11
14
25
12
20
15
16
11
29
11
17
12
11
11
21
11
11
17
20
11
12
11
13
11
14
13
14
18
27
14
14
32
11
12
11
18
11
12
16
16
13
18
19
12
12
39
46
29
11
11
11
11
11
11
17
11
12
11
19
11
11
24
26
33
23
35
22
27
39
33
33
21
35
26
29
22
30
26
29
21
35
26
43
26
26
13
26
26
26
33
29
26
24
28
26
26
26
29
19
33
33
36
33
23
26
33
33
26
26
26
29
19
33
33
26
26
26
26
23
33
23
13
29
18
34
29
19
26
32
27
29
19
36
26
26
26
26
23
33
19
26
26
26
11
18
26
26
19
36
26
26
19
26
16
19
24
35
24
38
26
11
15
19
36
26
13
26
26
26
29
26
26
29
26
11
25
29
26
29
19
29
26
26
26
26
26
26
21
32
42
26
26
29
19
26
26
33
26
26
26
11
38
26
13
19
33
29
13
26
29
33
33
33
39
21
24
24
48
26
11
18
26
26
26
36
26
29
29
19
26
26
29
23
29
29
19
26
26
26
19
11
18
26
26
23
11
42
19
26
19
26
26
26
26
26
26
26
22
27
23
26
29
26
23
26
29
26
26
26
26
26
19
19
29
19
19
26
36
17
32
26
11
22
26
26
29
26
33
11
42
22
30
23
26
29
19
11
25
26
30
26
27
21
11
22
26
26
26
29
19
33
19
26
29
22
27
26
37
35
49
39
39
39
26
26
21
34
30
29
19
33
26
29
27
29
26
33
29
26
26
26
26
26
26
25
27
26
26
26
26
33
30
11
27
33
24
31
29
19
33
26
26
26
33
33
11
25
24
28
30
19
11
25
29
23
26
26
29
26
29
29
29
26
33
26
19
13
26
26
29
19
26
26
26
29
26
11
25
29
26
11
18
29
26
23
43
26
26
13
26
36
24
28
33
19
29
26
36
33
33
33
28
18
40
26
33
31
31
33
33
33
29
33
33
21
45
26
26
16
19
33
29
29
26
26
20
16
11
11
27
29
29
11
32
29
30
26
29
29
29
29
33
29
26
21
32
26
13
16
29
33
11
22
23
29
23
23
11
14
11
16
11
12
11
18
11
16
11
14
17
11
21
11
21
11
16
11
11
