105
118
101
123
101
130
108
101
101
111
116
121
110
103
110
133
101
102
102
101
101
103
101
112
126
106
101
116
101
116
101
101
116
123
103
126
101
104
103
101
101
115
101
103
101
101
101
119
123
129
102
101
101
102
101
102
104
101
101
101
107
120
101
103
104
101
101
114
101
101
106
102
111
102
102
116
116
101
116
101
101
101
101
101
101
101
101
101
101
101
106
101
102
103
101
115
103
103
104
102
101
101
102
103
101
101
104
101
103
109
102
101
107
102
107
103
101
106
113
102
113
113
106
113
113
119
109
113
101
102
109
109
119
119
101
105
101
101
