11
19
11
19
86
29
36
12
38
19
27
11
25
11
12
19
33
14
37
48
36
23
19
30
11
30
23
46
11
18
11
38
38
19
35
19
36
20
11
21
34
39
30
32
11
30
14
17
14
12
11
11
32
15
20
19
20
11
25
15
12
27
19
11
12
23
12
29
20
24
23
14
23
13
19
18
12
15
18
11
11
11
12
12
12
11
13
11
21
11
11
16
19
11
31
30
20
13
19
11
30
11
19
18
11
25
18
11
20
26
11
11
31
11
24
23
24
19
28
36
13
11
11
30
13
16
11
11
19
16
11
19
19
22
14
17
12
27
17
11
26
11
13
24
22
13
12
13
20
20
23
11
17
24
14
11
12
33
12
25
38
43
24
28
18
34
16
43
12
28
31
11
11
37
11
13
16
13
21
14
17
13
45
11
11
11
11
11
11
11
11
11
11
11
14
12
11
11
11
31
11
43
29
24
22
17
13
23
11
12
11
11
23
13
11
20
11
25
13
11
14
13
20
14
16
12
14
12
33
17
15
14
23
18
11
27
14
11
11
13
11
18
11
36
32
15
28
19
13
30
14
19
29
23
14
15
11
21
27
11
19
11
18
20
19
18
11
39
45
11
28
11
29
14
11
25
15
20
11
18
15
13
11
11
23
11
14
11
13
23
11
24
19
16
12
29
30
22
36
12
13
19
11
34
12
19
19
12
35
38
25
13
11
45
11
25
13
18
11
11
16
22
21
11
16
11
30
12
19
21
26
15
12
24
24
11
39
11
34
18
11
21
14
24
14
18
14
15
19
21
15
11
28
11
25
13
11
17
17
12
13
14
20
11
11
11
13
12
11
12
13
13
15
13
22
11
11
11
11
11
14
11
13
11
11
11
12
22
11
14
14
20
11
12
17
13
11
11
23
23
19
11
11
11
13
13
13
40
13
11
11
11
11
11
15
11
11
20
19
14
12
17
11
11
14
14
13
32
17
14
22
29
29
34
12
29
16
11
15
35
12
37
30
19
11
27
35
12
15
14
11
11
12
12
15
27
11
35
11
12
27
19
30
11
22
11
13
11
16
11
11
13
14
13
15
19
14
14
19
11
15
14
23
14
15
11
22
37
20
12
16
16
11
12
11
21
17
24
21
13
11
17
37
26
14
15
33
31
34
24
15
29
11
22
30
26
26
24
32
11
21
26
23
14
26
15
33
23
16
11
27
19
16
17
11
28
11
13
45
13
11
48
18
11
17
25
11
25
12
21
11
22
11
12
11
11
30
13
17
25
31
11
24
34
14
18
11
26
19
11
31
11
34
16
11
38
21
17
17
11
32
49
12
23
15
16
15
12
11
23
23
11
11
11
19
31
11
11
22
21
14
11
40
15
11
11
39
11
35
19
20
11
28
12
20
18
15
13
11
49
11
33
19
17
20
11
30
14
19
11
25
11
36
11
29
14
14
11
44
15
13
46
17
37
11
11
24
12
23
17
26
14
16
14
23
11
35
14
46
12
15
44
20
