11
28
11
18
36
36
19
28
33
11
26
11
24
28
23
11
25
17
11
35
11
11
17
11
42
23
13
37
11
24
43
30
29
11
21
14
26
11
29
27
19
36
11
15
11
21
22
11
29
11
15
11
11
20
19
16
19
16
13
30
29
11
15
28
36
31
19
11
12
11
25
16
12
19
19
11
25
11
35
26
36
16
11
32
32
40
31
19
11
18
18
11
13
11
16
18
11
31
23
11
32
20
13
21
14
19
13
19
11
11
33
11
35
11
19
17
25
23
13
23
13
16
19
19
26
30
11
11
18
30
12
29
14
36
13
26
35
31
32
20
23
13
19
36
11
20
11
29
33
11
30
38
28
11
23
32
13
23
11
35
27
11
24
37
35
31
11
18
19
16
23
16
21
11
26
11
25
43
11
32
23
11
15
16
11
24
13
19
38
14
39
13
26
43
16
35
34
35
31
15
11
27
18
18
21
11
12
37
17
11
35
23
13
24
11
18
18
17
25
11
23
37
12
19
11
35
11
16
33
15
13
23
23
26
11
32
19
36
11
16
23
11
24
23
19
29
13
11
45
16
13
24
11
23
34
21
17
17
36
35
11
30
11
15
14
16
11
18
14
12
11
14
11
17
11
12
12
22
12
15
14
19
12
11
12
13
22
11
11
12
11
21
11
11
11
11
19
17
19
11
15
11
11
11
13
19
11
11
13
32
11
13
13
11
18
16
16
11
11
12
12
15
23
12
11
11
17
11
11
15
13
25
11
11
33
18
14
16
11
15
16
30
16
12
24
16
16
11
19
22
12
26
11
13
11
12
11
11
26
33
19
11
26
18
18
25
16
20
23
12
16
11
11
25
29
25
23
11
11
17
11
11
12
11
12
12
11
12
13
13
11
13
11
13
11
11
11
12
11
12
15
12
13
11
11
12
11
17
11
15
19
14
11
13
11
11
11
17
11
23
11
24
12
19
12
13
11
11
11
11
20
13
12
11
15
13
12
18
32
17
11
27
14
44
20
11
25
12
19
11
11
11
24
24
11
13
29
16
29
11
11
11
11
12
12
11
11
11
11
13
11
11
11
12
12
11
19
15
15
11
11
11
11
11
11
14
11
11
11
11
19
13
11
11
11
13
12
14
12
11
12
16
16
11
19
11
11
11
11
11
11
11
15
13
11
16
17
16
11
13
14
11
22
13
15
13
11
11
12
11
11
11
11
11
11
11
20
11
14
16
11
13
11
11
11
13
16
12
18
12
16
11
28
12
18
11
17
16
13
13
14
12
14
11
11
11
11
11
22
11
11
11
12
26
13
13
11
11
16
27
12
12
47
11
39
13
11
13
13
15
11
11
15
11
14
11
11
12
11
20
14
11
18
14
11
18
15
13
23
11
11
16
11
13
15
11
14
11
14
11
11
24
11
11
11
13
12
11
14
11
12
12
11
11
12
15
12
23
14
13
11
12
13
13
17
11
11
12
11
19
19
14
14
16
13
17
19
12
16
16
13
11
11
18
11
11
11
20
11
13
13
11
15
23
12
13
13
11
11
11
13
16
16
16
12
19
11
12
13
12
11
11
11
11
11
12
12
17
11
11
13
11
11
13
17
14
18
11
11
11
13
11
25
20
11
15
11
11
11
16
15
11
11
11
11
14
12
12
29
22
11
16
14
11
16
11
13
12
20
11
11
11
11
14
18
15
14
26
31
26
11
17
33
39
33
19
34
26
11
15
12
11
33
29
33
11
15
11
15
19
33
26
26
26
29
26
30
26
29
29
29
29
16
29
33
29
29
23
29
29
29
11
28
23
33
16
33
26
27
28
16
36
19
33
33
23
29
29
29
29
29
29
30
29
27
27
12
15
11
11
11
12
11
11
11
19
11
13
11
11
13
11
11
17
24
11
11
11
11
11
11
11
11
11
11
11
15
