29
22
52
11
23
16
30
33
33
33
33
11
28
33
28
31
33
26
26
26
33
32
37
29
26
26
24
35
26
29
19
26
26
26
29
26
13
43
39
21
41
22
27
26
26
24
42
24
35
26
19
26
26
26
29
26
26
29
19
26
26
26
26
16
19
22
24
26
26
26
29
23
19
26
26
19
29
26
19
29
29
26
26
29
26
26
26
29
19
26
26
33
26
36
26
19
26
26
33
29
26
26
26
23
17
35
19
30
16
11
26
11
24
11
14
13
19
16
32
19
19
16
16
19
11
39
17
16
12
33
36
36
29
22
11
15
13
13
27
49
11
37
13
39
39
33
26
17
15
17
32
24
11
28
26
13
26
24
38
36
26
29
19
21
12
11
44
11
37
38
27
14
18
21
33
15
36
43
35
20
11
17
14
16
13
16
25
11
49
34
21
26
16
15
33
16
11
33
29
23
13
21
18
11
22
11
22
13
64
36
34
11
20
16
11
38
21
19
35
42
13
52
37
29
26
11
27
11
16
22
36
11
19
23
25
31
18
11
23
11
19
43
11
25
17
39
16
32
17
11
27
11
26
16
18
18
26
28
52
21
12
17
36
16
11
42
16
12
33
28
19
17
35
29
33
23
11
35
26
11
35
19
23
11
25
11
28
16
23
28
28
25
11
21
19
11
16
36
33
14
36
16
26
20
27
32
11
20
13
26
11
16
16
34
30
28
12
11
25
37
18
19
11
17
14
13
14
21
13
11
21
11
18
13
17
11
21
17
12
19
11
18
13
26
11
24
11
16
21
14
16
37
13
16
19
12
21
11
20
11
11
20
13
14
11
18
13
20
11
20
11
21
11
15
13
12
11
11
43
27
13
38
11
19
25
18
18
32
29
14
23
14
31
11
14
14
11
24
15
11
17
19
22
14
19
19
12
24
11
25
26
12
21
19
29
13
12
11
11
22
11
15
18
11
16
34
11
37
11
32
29
14
11
11
11
16
13
15
15
11
11
11
14
11
15
11
11
11
13
13
17
14
11
11
11
11
11
11
11
16
28
14
13
11
14
13
13
11
11
11
11
11
11
12
11
11
12
13
12
13
13
11
15
11
12
16
11
11
16
11
15
11
12
17
15
11
15
22
17
11
15
13
14
16
23
14
12
11
20
11
35
11
11
18
11
18
14
11
11
13
11
12
20
11
16
12
11
12
11
12
15
17
12
11
11
11
17
12
21
11
13
16
17
19
15
14
11
11
18
13
13
11
13
11
12
18
17
12
18
15
18
19
12
12
11
12
11
11
16
13
14
16
11
12
16
11
15
13
14
12
14
14
17
30
23
11
31
33
17
24
28
19
45
17
23
28
26
22
19
15
38
28
14
11
20
36
30
34
11
11
30
25
21
24
11
23
12
13
11
14
16
11
12
12
16
11
12
13
19
12
22
13
11
11
17
11
11
13
12
11
11
13
11
11
12
13
11
14
18
11
11
11
21
12
19
11
11
11
11
11
12
17
11
11
28
11
11
26
16
11
16
15
13
15
17
19
11
12
11
11
13
11
11
11
17
12
30
11
11
11
28
11
14
11
14
11
11
12
11
12
12
12
12
11
15
12
11
11
11
12
13
11
11
12
11
11
12
12
12
11
11
11
11
11
11
11
11
12
11
14
11
11
11
14
11
11
11
11
11
11
11
11
11
11
11
11
11
11
11
11
11
11
11
11
11
11
11
11
11
11
11
14
34
11
25
16
25
16
19
15
26
24
11
25
29
12
