11
11
11
14
28
25
11
14
11
11
11
15
11
12
11
31
11
24
11
13
11
11
11
11
11
11
11
13
11
14
13
20
11
11
12
11
20
28
11
11
11
26
30
11
21
11
18
11
18
11
27
18
33
17
19
11
11
23
14
11
29
25
13
12
15
14
25
11
13
12
24
11
14
11
11
11
14
21
13
26
20
11
20
25
30
11
11
22
11
18
11
27
11
24
41
11
23
12
11
30
11
27
12
24
11
22
11
15
14
11
30
13
13
35
11
28
18
15
11
25
11
22
13
36
21
18
11
29
22
16
14
35
19
23
20
18
18
18
16
14
30
33
12
27
11
11
14
11
12
12
17
16
11
12
11
11
16
13
11
11
11
13
17
11
11
17
13
19
13
11
14
14
19
11
14
11
11
11
33
12
39
11
26
23
13
11
44
12
11
11
11
11
12
11
14
11
12
12
12
11
11
13
12
13
11
12
15
13
11
12
14
16
33
13
29
16
11
11
12
11
11
11
23
13
12
25
25
29
29
36
15
13
13
11
27
15
11
36
31
33
15
11
16
11
12
11
15
11
17
12
20
12
12
17
12
11
20
18
11
32
11
16
12
13
11
11
11
12
24
12
11
41
13
17
11
11
22
14
12
11
13
11
12
11
11
11
11
11
11
17
16
19
12
12
15
11
14
12
11
24
11
11
11
12
13
12
18
19
11
13
11
26
34
11
43
11
16
17
16
15
16
11
11
11
43
19
11
11
11
11
11
11
11
12
12
20
22
11
19
17
13
19
11
14
23
13
11
13
11
13
12
14
11
14
14
16
12
11
11
11
11
11
11
11
25
19
12
13
14
19
13
11
12
12
11
12
17
17
21
12
18
23
21
11
14
11
21
11
11
12
12
11
13
23
11
15
12
12
11
19
11
13
11
20
15
33
17
11
16
13
36
11
23
11
21
26
12
28
21
13
17
11
14
21
11
15
26
19
29
15
11
20
13
11
20
11
14
15
13
12
11
11
31
39
33
11
11
15
17
12
11
11
12
12
11
11
11
12
11
11
13
15
12
11
18
11
12
13
11
13
11
21
15
29
12
20
11
11
11
16
21
12
11
21
33
11
11
11
11
16
11
14
11
15
11
11
14
12
32
36
11
20
11
33
33
11
35
26
11
16
33
11
27
20
11
11
14
19
11
15
16
29
13
14
11
11
11
11
11
13
11
11
12
12
12
11
11
11
14
15
17
11
11
23
12
11
13
12
12
11
11
11
11
13
12
16
14
12
11
16
13
13
12
13
11
15
11
17
11
11
14
11
11
12
12
11
12
12
11
11
11
12
11
14
11
12
11
11
13
11
12
17
11
11
12
17
12
13
11
11
12
15
11
14
11
11
14
16
12
11
11
12
11
16
11
15
12
11
21
11
13
18
13
11
11
11
11
16
11
18
11
15
17
11
12
21
14
11
11
19
16
16
12
11
11
23
11
34
11
32
28
11
37
11
16
37
11
11
31
28
19
15
27
11
11
44
33
13
11
35
36
13
11
14
31
13
19
16
11
29
11
26
11
26
21
28
11
27
11
21
11
15
38
12
29
16
16
24
11
13
36
29
35
24
29
46
11
32
17
26
25
31
24
27
23
11
18
30
31
14
45
11
11
11
37
26
11
24
18
11
13
31
11
18
31
17
38
20
16
19
11
29
13
22
11
25
13
16
23
26
23
14
35
11
17
36
11
17
19
11
26
12
11
11
15
11
38
30
11
23
34
11
12
11
11
23
19
11
22
22
11
15
11
11
24
31
11
11
22
17
16
11
11
22
13
11
14
11
34
23
38
18
11
15
23
12
23
11
34
19
28
17
11
18
17
11
21
13
16
15
11
11
11
24
13
11
26
11
25
17
11
11
16
11
19
11
11
15
11
11
14
13
14
11
12
11
11
12
11
11
12
