11
13
36
36
15
11
11
16
16
11
11
13
11
19
23
11
13
11
11
14
11
17
12
14
25
16
13
22
16
11
11
17
11
11
31
16
11
11
19
21
13
12
14
13
11
11
16
11
11
11
18
11
28
11
11
27
11
33
11
24
14
11
21
11
32
17
11
13
17
22
11
11
18
12
13
17
22
23
22
31
11
11
16
12
12
11
11
13
11
12
13
16
15
14
11
12
16
11
20
11
11
15
15
27
34
42
15
31
23
13
28
15
13
23
12
12
30
13
21
45
16
13
12
11
35
26
25
28
36
36
28
24
35
17
11
25
42
19
11
11
35
23
14
11
26
11
35
13
32
12
20
16
13
28
11
24
40
38
30
23
23
13
23
21
34
13
23
20
33
26
35
34
33
13
31
38
33
22
17
16
11
11
11
27
18
11
13
11
18
24
11
11
21
18
11
22
15
17
22
17
11
19
11
13
18
38
35
11
41
29
25
33
11
28
15
11
23
13
13
23
16
11
22
32
19
34
42
16
18
19
12
27
35
18
34
11
25
38
32
29
23
11
14
27
13
11
37
26
11
21
19
18
11
25
11
30
39
14
11
11
11
11
11
45
36
36
15
17
13
19
29
14
18
28
11
27
35
27
11
16
16
14
11
12
11
13
12
11
14
19
12
15
16
24
11
13
17
12
20
14
14
15
14
14
11
12
14
13
31
20
11
16
11
12
17
11
22
11
14
11
18
23
11
11
11
15
11
15
24
12
14
19
11
21
15
13
17
12
13
11
11
19
14
11
17
18
13
12
16
11
19
16
11
14
19
11
12
28
12
22
27
18
15
11
11
13
11
11
13
12
24
11
30
26
26
16
17
15
16
11
19
17
11
20
13
11
11
21
26
11
24
11
11
11
19
11
11
11
11
12
11
12
11
11
12
18
15
11
17
23
13
13
11
11
14
17
11
13
13
22
13
11
15
21
11
11
11
14
17
40
11
14
15
16
11
13
24
11
20
11
15
12
20
11
27
12
15
25
16
22
15
11
28
31
21
32
11
21
13
11
18
14
21
14
12
23
11
11
15
19
12
14
11
11
12
36
12
14
23
29
16
14
28
26
26
19
26
46
26
29
26
26
26
26
26
26
26
26
26
26
29
19
26
26
29
26
26
26
26
26
26
26
26
26
26
23
19
20
29
26
26
26
16
26
26
19
28
11
18
22
12
14
11
13
11
11
12
12
11
37
26
33
36
19
20
21
15
15
15
24
11
11
12
11
11
11
11
11
11
11
11
13
11
11
15
16
11
18
12
12
20
11
14
14
15
11
11
11
16
11
12
11
11
11
11
11
11
18
11
26
12
12
11
15
11
14
11
26
12
20
21
13
11
12
36
15
11
11
11
14
12
11
21
11
30
16
11
34
28
11
11
18
11
25
11
12
11
11
11
11
11
11
11
15
14
16
14
42
14
11
15
11
39
11
25
13
11
11
11
11
11
11
13
11
11
11
11
11
11
11
11
11
11
11
14
28
16
16
11
17
11
11
11
11
11
11
11
11
11
11
11
11
11
11
11
11
11
12
11
11
17
11
11
11
11
13
14
11
12
14
13
15
11
24
11
13
13
17
16
22
12
11
11
15
12
11
29
24
11
11
19
26
33
13
11
13
11
21
29
26
26
