13
11
11
11
11
11
12
12
11
14
11
12
13
13
14
12
12
14
13
17
11
11
12
14
12
13
11
14
15
11
11
11
22
15
11
13
25
11
28
11
19
14
23
11
11
11
11
13
11
15
11
13
15
11
12
11
17
13
13
22
21
17
17
32
34
21
11
11
21
12
12
12
37
18
31
23
39
19
26
11
15
20
11
16
26
25
11
15
15
16
11
17
18
32
11
21
11
11
42
35
33
17
40
14
20
11
24
16
12
11
26
14
11
23
11
28
12
12
11
11
11
11
25
11
12
11
16
11
19
12
16
13
13
23
26
11
11
16
33
29
33
11
25
21
12
19
19
15
35
19
14
30
30
33
29
16
13
29
29
11
22
11
32
27
12
12
17
11
11
17
28
11
11
22
18
25
30
18
11
29
17
17
11
23
11
19
12
26
11
11
11
11
36
12
30
18
11
28
11
11
11
13
18
17
13
16
14
18
18
18
12
16
24
11
11
17
12
11
21
13
18
11
11
36
11
12
12
11
20
11
15
11
12
11
14
11
11
11
13
16
11
14
17
11
11
11
14
11
12
12
12
12
14
18
13
20
27
11
18
14
11
11
12
11
16
13
17
11
11
11
13
20
14
21
17
11
22
11
11
11
15
13
11
12
15
13
11
12
13
17
19
24
11
17
30
29
49
31
19
26
36
26
26
26
29
23
11
25
26
29
30
26
26
23
33
26
29
33
33
33
39
27
13
11
17
23
23
16
11
16
25
11
28
11
11
15
14
11
11
11
11
11
11
11
11
11
11
11
11
11
11
11
11
11
11
11
11
11
16
11
11
11
11
11
11
12
12
16
23
15
14
11
11
11
11
12
15
15
14
18
11
16
13
11
12
11
11
16
11
29
18
23
11
23
39
20
11
26
12
29
15
21
22
31
18
36
24
30
34
23
34
27
11
13
29
29
23
19
23
11
48
11
11
12
15
11
14
39
13
12
33
29
12
11
11
13
16
14
20
11
11
11
18
11
11
15
20
17
11
28
29
11
18
13
12
17
12
11
11
11
12
11
13
14
13
13
11
12
22
11
13
15
11
18
13
11
13
11
11
11
20
13
19
29
26
26
26
26
26
11
18
11
27
11
11
11
11
11
11
12
11
13
16
11
11
11
19
21
12
17
11
11
11
12
12
20
11
14
13
17
11
14
11
13
12
11
15
15
11
11
11
12
11
14
20
13
11
11
16
20
25
11
11
11
13
11
12
13
16
11
13
19
14
11
11
25
12
19
16
17
16
15
16
20
13
12
12
13
16
12
14
49
17
12
36
23
16
14
13
14
11
31
20
20
27
11
42
25
12
11
16
11
13
22
18
18
18
18
11
47
35
37
34
13
14
16
13
11
16
11
14
11
11
11
20
23
13
12
15
13
11
14
12
11
11
14
13
11
11
15
11
11
11
13
11
11
15
12
19
19
11
18
12
16
16
11
15
11
11
11
24
14
16
20
14
16
14
11
17
11
13
13
11
11
11
12
12
11
11
12
11
11
15
11
11
14
14
14
18
11
15
11
11
14
13
23
25
19
11
14
11
15
21
14
14
11
11
15
17
15
19
25
11
11
11
12
11
11
15
11
13
18
17
13
12
11
11
11
22
11
11
12
11
11
11
13
17
14
11
19
11
11
11
21
11
20
13
18
11
21
11
14
12
14
19
15
11
12
18
11
16
11
11
14
11
11
14
13
11
12
18
14
11
11
17
13
11
11
11
11
11
11
12
17
18
17
22
11
12
11
11
12
17
15
14
15
11
11
13
11
14
11
13
11
15
13
11
11
15
11
11
11
16
12
11
11
11
13
14
14
21
11
21
21
11
11
14
13
13
13
15
15
15
11
16
11
13
11
11
11
11
11
11
11
11
11
11
12
11
12
16
13
11
15
11
11
11
11
11
13
11
11
11
11
11
11
11
11
13
11
11
11
12
11
13
11
11
11
11
11
11
11
11
12
11
11
14
14
11
11
11
11
11
12
11
11
11
11
11
11
11
11
11
11
11
11
11
11
11
11
11
11
11
11
11
11
11
11
11
11
11
11
11
11
11
11
12
18
19
13
17
22
36
16
23
33
11
22
11
32
