19
19
15
11
20
28
15
14
11
14
15
16
21
11
11
27
11
15
11
21
11
21
11
22
11
25
28
11
19
15
36
31
14
11
26
14
16
15
11
11
23
22
11
11
17
12
12
13
11
19
12
12
15
11
47
23
26
29
26
20
11
11
14
22
16
28
11
25
34
11
24
31
13
25
27
16
29
34
19
11
11
41
28
11
33
29
28
19
12
39
24
11
41
29
13
29
11
16
21
15
22
32
16
19
15
19
23
17
11
14
12
13
41
26
11
27
29
19
15
32
36
30
17
36
43
43
36
11
20
23
20
25
27
46
13
26
20
45
11
40
23
11
29
30
18
11
18
36
26
13
16
18
18
20
11
24
37
27
28
31
34
34
27
18
11
12
13
11
18
14
24
11
25
29
13
11
11
12
11
17
13
11
11
13
16
15
33
21
14
16
11
27
11
17
15
16
11
34
11
21
14
12
11
12
12
20
13
14
21
24
11
25
11
22
14
13
12
18
12
11
13
12
15
14
11
14
27
12
15
12
13
13
11
12
12
12
15
11
12
11
11
14
11
11
11
11
11
14
11
11
20
13
14
19
13
11
21
12
11
19
15
11
11
11
12
11
11
12
11
11
11
11
16
13
18
12
27
11
35
32
47
12
13
12
11
18
17
16
15
11
13
11
11
11
11
40
11
30
11
25
12
36
34
11
32
29
23
16
25
11
26
11
16
42
33
13
23
35
38
11
42
23
13
31
31
11
35
33
43
14
38
21
26
42
11
42
11
31
26
21
22
17
11
23
11
33
16
24
11
30
29
11
28
36
37
22
13
33
11
25
17
11
21
13
16
36
27
19
34
19
47
12
35
46
39
28
35
12
32
17
12
11
20
18
23
12
11
11
29
12
29
11
26
11
16
14
24
14
22
15
14
16
18
11
18
11
11
31
17
11
15
13
12
14
25
25
29
11
11
43
11
19
11
32
16
11
11
11
11
11
20
11
12
11
19
16
11
11
33
12
11
11
14
28
11
12
27
11
26
19
38
13
24
11
11
17
14
36
44
16
20
17
33
11
16
12
13
16
11
22
12
18
11
20
11
30
12
13
26
30
11
16
11
14
15
16
12
14
19
46
12
11
14
11
11
14
12
18
13
16
11
11
15
13
11
16
12
16
11
13
14
13
16
13
11
11
12
16
16
11
20
11
11
11
11
11
12
11
12
15
11
11
11
11
16
15
11
11
11
12
11
15
11
11
12
12
12
11
11
11
11
11
11
11
13
12
14
13
13
11
20
20
13
13
13
11
14
11
22
14
18
15
11
11
11
12
11
11
15
24
11
17
18
34
40
14
11
15
11
20
11
11
11
11
11
14
11
36
11
11
12
15
13
11
11
14
16
15
11
17
15
16
12
12
11
14
13
14
12
11
14
14
12
18
15
13
11
16
14
19
14
13
15
16
11
11
14
11
11
13
11
17
13
20
14
16
13
12
14
11
24
11
11
14
11
22
15
11
14
11
14
11
12
11
11
11
20
11
11
16
12
11
11
11
12
11
11
17
11
11
17
12
12
15
11
11
11
18
16
13
16
11
15
11
16
11
11
16
12
11
11
13
11
16
13
14
14
11
11
15
13
16
12
12
11
11
13
11
11
13
19
11
17
12
11
11
22
11
11
11
13
13
11
11
11
11
11
12
11
17
12
15
11
11
11
12
11
12
15
13
11
11
11
17
11
11
11
14
11
11
11
11
12
12
19
17
16
23
11
17
11
22
20
18
12
11
14
14
11
16
20
37
11
38
16
11
11
12
11
11
11
11
11
11
17
14
11
11
11
14
11
11
12
15
18
11
14
13
11
11
