12
22
17
43
16
45
43
33
26
33
33
33
33
33
33
26
26
26
26
33
33
36
11
25
26
26
26
26
26
29
20
26
26
26
11
18
21
28
29
23
19
29
26
29
26
26
26
11
18
16
19
33
26
26
26
20
26
26
11
18
26
26
29
26
26
26
26
29
19
20
26
26
26
26
11
23
25
26
26
19
26
49
22
27
11
18
26
23
26
26
26
26
29
19
26
32
27
29
19
24
42
26
24
29
35
26
26
21
48
11
35
30
20
13
29
23
13
13
12
24
14
27
49
16
22
23
29
33
15
35
19
15
23
18
43
42
35
11
26
11
20
11
24
41
39
33
32
11
25
17
22
29
17
35
11
29
31
20
12
11
24
17
11
39
12
13
27
20
19
11
11
12
11
25
22
12
19
17
19
14
15
11
29
11
22
13
11
11
11
35
12
24
11
14
11
11
11
11
11
16
18
18
14
11
13
11
11
11
11
11
11
17
11
13
14
11
15
21
11
11
13
11
13
11
38
43
25
17
23
16
26
26
29
33
26
39
19
33
26
26
26
29
29
29
33
40
39
33
26
26
26
29
26
26
22
44
26
26
11
25
26
26
29
24
25
26
26
26
13
19
23
36
32
30
33
11
11
11
23
11
15
11
19
29
29
35
11
19
11
11
26
26
12
15
11
13
11
11
11
11
11
11
11
11
16
11
24
13
21
11
11
11
30
16
14
17
11
22
31
22
13
20
11
35
20
11
11
11
18
17
11
14
13
11
24
31
16
15
19
15
12
44
11
13
42
12
39
12
13
11
14
11
11
21
13
11
11
16
11
11
19
19
11
12
17
12
30
11
13
15
14
17
13
11
11
12
20
11
16
15
13
11
28
29
16
29
46
26
29
26
26
26
26
26
26
29
36
11
23
11
13
17
23
11
16
11
20
19
26
24
35
29
23
19
29
26
26
26
26
26
26
26
26
26
26
25
38
26
26
29
26
26
26
26
26
26
26
26
26
26
14
48
26
29
26
26
27
39
35
19
11
19
11
14
26
11
18
29
26
26
33
11
28
36
26
11
22
29
39
11
18
30
20
35
29
29
26
36
26
16
11
11
19
11
12
22
35
26
31
21
13
12
11
21
15
14
11
22
11
16
11
11
11
13
16
29
18
14
25
11
20
22
13
36
11
22
15
12
23
11
22
11
29
12
11
20
22
35
22
11
32
14
14
11
24
30
11
14
11
21
16
15
15
11
33
33
33
33
33
31
17
28
11
28
13
13
36
26
33
33
33
33
33
33
33
33
29
33
33
33
29
33
33
43
26
11
46
11
11
19
26
