18
29
24
19
20
12
47
33
27
32
33
33
11
28
31
20
44
19
19
11
11
37
36
11
18
11
11
37
37
36
11
17
11
14
15
26
11
11
38
18
17
36
12
37
16
13
26
11
13
13
11
11
11
11
25
11
26
41
18
27
11
12
21
17
30
11
11
29
17
17
11
26
11
29
38
29
11
27
11
18
11
14
13
11
16
16
12
11
22
12
11
17
11
27
18
11
26
20
30
15
19
11
18
19
25
11
42
26
22
16
12
12
25
27
16
11
11
36
14
11
12
41
22
13
23
11
25
11
27
33
11
26
11
22
11
11
16
14
39
12
29
35
12
12
14
12
11
12
19
11
11
33
11
23
11
27
33
13
20
18
21
27
35
11
29
18
30
38
14
23
20
11
14
12
12
13
12
26
12
14
11
21
12
11
31
11
11
17
20
17
34
16
33
33
29
26
26
26
26
26
26
26
36
29
11
24
11
33
26
19
19
21
48
26
26
29
19
26
26
23
19
29
12
21
29
26
26
29
26
26
26
23
19
21
14
19
14
21
26
11
18
26
26
36
16
26
26
26
26
29
26
29
26
26
26
24
28
26
25
34
26
21
25
26
23
26
29
29
26
26
26
29
26
26
26
39
29
13
19
26
25
34
29
26
26
26
26
26
26
24
28
24
48
26
26
26
26
26
26
26
26
26
23
19
29
26
30
12
11
30
12
26
36
35
36
11
19
11
33
13
16
11
23
13
12
12
11
13
12
13
11
11
11
11
11
13
13
15
15
12
15
12
11
13
16
11
15
12
16
11
11
13
11
11
11
11
11
11
11
11
11
11
11
11
11
11
14
11
11
11
15
22
12
12
14
14
14
12
14
11
14
18
23
13
11
11
11
11
34
29
37
20
28
27
11
28
35
11
11
34
13
36
30
23
24
28
30
26
11
19
35
12
28
29
19
29
37
39
29
38
36
13
28
24
11
22
19
19
20
18
15
11
11
15
21
20
13
20
36
12
13
11
11
11
12
11
11
15
16
16
17
14
15
11
15
12
12
12
16
13
11
11
12
13
12
13
14
11
11
11
12
12
13
12
13
12
11
11
15
11
11
11
22
22
19
17
18
11
12
12
37
32
11
28
11
24
12
11
32
18
11
22
11
25
11
29
11
11
29
35
37
11
20
13
11
24
11
27
15
11
42
16
20
15
18
20
11
23
19
18
11
28
24
31
14
15
22
11
25
11
14
14
35
11
14
12
14
11
11
30
26
13
11
20
11
16
11
31
20
13
16
18
16
16
15
11
36
16
11
25
12
15
11
35
29
20
28
14
16
12
31
14
11
25
18
18
17
11
11
13
36
11
19
12
23
14
27
14
17
11
11
32
11
25
11
24
12
11
32
15
11
34
26
14
11
28
11
11
12
18
12
15
30
11
21
13
16
12
11
13
19
19
11
29
12
11
34
25
14
19
23
11
36
18
18
25
11
12
19
13
17
30
36
31
35
13
23
33
29
26
26
26
29
16
29
14
11
21
29
29
29
36
29
13
29
29
39
36
17
25
16
13
19
13
11
11
11
11
11
11
11
11
19
18
14
11
12
11
30
11
11
11
11
11
11
11
11
16
41
25
39
24
17
11
20
29
