13
11
12
18
22
15
15
11
20
17
11
12
31
11
43
12
15
11
19
13
11
12
13
13
11
11
11
28
11
11
13
36
22
11
23
11
12
11
29
14
13
38
29
15
14
24
34
22
11
20
11
11
27
11
12
19
14
16
14
16
11
25
11
16
11
16
13
11
11
11
11
11
11
28
24
11
15
26
14
13
11
11
17
15
26
30
11
24
11
19
18
11
14
11
25
14
14
13
25
16
16
33
26
11
19
23
13
11
35
12
20
17
16
11
11
12
14
16
12
13
26
15
11
20
26
29
26
26
26
26
29
26
26
33
33
43
25
26
35
11
13
41
11
11
11
11
13
12
15
12
13
11
36
13
19
33
26
29
33
26
33
36
26
26
26
26
26
16
26
26
19
21
42
26
26
29
19
26
26
26
26
11
18
33
20
26
26
26
43
39
39
33
29
29
26
33
26
26
26
33
36
33
11
32
33
26
26
33
15
24
25
30
43
43
19
29
19
26
33
19
26
29
26
11
18
26
26
24
45
11
42
26
26
21
35
26
26
22
34
26
26
26
23
19
26
19
26
26
14
32
13
29
20
35
11
15
26
26
26
21
35
26
23
26
29
26
29
26
29
22
27
26
26
26
26
26
26
29
26
19
26
26
26
11
18
26
26
33
26
26
26
33
29
24
42
13
29
26
26
36
33
33
31
34
33
30
11
25
26
29
26
26
26
29
26
26
11
25
29
26
26
30
26
27
32
25
34
26
23
40
19
26
39
26
26
26
26
26
26
26
26
26
26
19
11
22
23
26
43
19
30
26
32
27
20
18
19
29
23
19
19
29
23
32
26
26
26
11
28
29
11
14
21
11
11
18
11
27
18
20
13
11
19
12
12
18
12
20
16
15
14
23
25
11
11
29
20
11
19
21
45
21
11
17
11
11
15
11
27
15
30
11
13
11
17
11
18
11
15
22
11
18
24
16
12
19
11
11
12
12
11
11
11
12
11
11
15
12
12
11
11
11
18
12
21
16
11
13
11
11
16
11
14
11
11
12
19
11
11
11
13
12
13
11
17
13
11
24
33
26
19
26
26
26
23
26
11
42
36
39
33
26
26
20
27
32
23
31
26
32
33
33
29
26
26
33
33
29
33
26
19
26
11
22
33
29
26
26
26
26
26
29
26
19
26
29
26
29
22
27
29
40
35
26
26
29
27
35
20
30
38
26
11
42
33
33
19
29
19
29
11
18
39
43
29
29
33
33
33
36
33
33
33
30
32
36
29
33
33
33
36
