16
14
31
38
18
31
35
33
33
33
33
33
33
26
26
26
26
33
33
36
29
26
26
26
19
26
26
49
26
26
21
34
20
11
18
29
29
23
19
26
29
26
26
23
33
36
19
26
26
26
26
11
22
21
35
26
26
36
26
26
26
21
48
19
24
35
26
29
22
34
24
32
23
24
11
41
11
21
34
26
29
26
19
26
26
43
26
19
13
26
29
26
33
26
26
26
19
11
18
26
25
27
23
17
35
26
20
11
24
11
16
11
31
11
13
32
14
11
28
23
36
19
27
34
33
11
26
11
24
11
25
15
16
35
11
31
38
24
11
23
39
39
13
33
36
36
36
29
11
29
33
29
26
26
26
26
26
26
26
29
26
11
28
29
13
19
33
19
26
11
18
26
26
26
16
20
25
41
23
26
26
11
20
42
26
26
29
26
26
36
26
29
23
13
26
29
26
26
25
34
26
26
26
26
29
26
29
26
26
26
26
13
26
26
26
19
26
26
11
22
22
11
22
30
21
42
26
26
29
19
26
26
29
36
43
26
26
26
23
26
25
27
26
26
26
26
26
26
26
19
26
26
26
26
26
26
26
26
26
21
41
11
25
28
11
25
14
11
26
11
25
12
16
16
23
11
35
27
19
16
13
11
25
19
11
43
21
18
15
30
19
20
11
21
12
24
14
30
12
24
11
11
29
11
26
18
11
16
16
11
16
11
11
17
11
11
12
11
15
11
12
11
14
11
11
13
11
12
16
11
20
18
22
16
11
14
11
11
14
13
11
25
18
11
16
21
11
18
17
13
11
12
16
11
11
13
11
11
13
20
11
17
12
11
12
13
15
18
14
11
11
16
11
14
11
18
13
12
14
13
11
15
18
11
11
16
11
11
22
11
11
19
13
11
11
15
11
11
12
11
11
20
11
15
11
11
25
16
11
20
11
18
11
11
11
11
11
11
11
12
33
43
26
30
11
17
11
28
25
36
11
34
12
12
40
11
29
25
30
27
22
16
19
34
11
29
37
30
33
19
12
18
24
11
30
11
11
25
15
11
24
18
15
19
14
15
11
15
15
17
18
17
11
31
28
14
21
14
11
46
18
18
17
18
12
19
13
25
34
11
11
16
15
22
11
13
16
41
11
32
34
19
14
18
20
11
29
31
11
15
31
11
15
11
11
16
12
11
17
33
17
11
11
28
16
12
34
14
11
11
28
11
19
11
27
11
19
11
26
16
16
13
26
15
23
11
22
19
31
14
11
28
19
33
16
12
30
11
19
16
18
11
25
14
20
17
34
19
13
20
12
25
16
18
11
27
37
23
30
33
15
17
11
25
11
26
35
15
11
11
14
11
11
15
17
11
29
13
11
22
19
11
39
11
14
12
13
14
11
14
11
11
11
11
11
11
14
11
16
11
17
11
17
13
11
11
11
11
14
11
12
12
14
15
11
11
11
11
15
12
14
11
13
14
14
16
12
13
16
14
11
13
12
11
12
14
11
13
11
11
11
11
11
11
12
15
14
11
11
14
19
11
37
19
11
11
13
13
19
15
11
17
