101
101
101
113
108
104
103
105
103
106
101
102
107
116
102
114
115
101
106
118
115
125
110
101
116
110
101
104
109
108
110
129
113
101
105
101
105
108
101
101
101
108
101
101
101
123
101
118
116
139
117
121
101
116
101
105
101
101
126
132
127
101
101
102
101
108
112
101
128
101
111
101
109
102
103
125
118
112
135
110
119
101
102
101
107
102
102
102
104
101
101
106
109
112
106
101
109
106
106
101
128
104
101
110
108
108
106
108
101
106
120
101
103
101
111
112
107
110
103
106
101
101
105
101
106
101
101
111
106
101
111
101
107
101
107
101
