17
29
11
19
27
16
13
11
17
16
11
11
21
11
11
17
11
17
25
20
15
30
16
11
21
12
18
29
11
20
11
23
13
12
11
11
15
21
17
17
15
16
11
12
11
22
11
17
12
13
11
13
26
26
39
11
18
11
26
16
30
18
13
19
26
37
27
12
23
11
22
20
30
18
16
25
26
29
45
16
11
28
22
33
29
28
51
33
29
39
11
28
21
25
11
22
16
30
15
11
11
30
17
28
30
13
12
23
35
31
13
26
11
11
31
11
25
16
20
35
12
19
22
19
24
18
25
11
37
11
31
11
25
11
30
32
18
14
11
23
20
11
11
11
22
34
11
22
20
19
34
35
40
32
11
11
12
41
25
11
16
16
11
35
12
19
13
36
19
22
11
24
36
22
11
20
11
18
16
16
11
28
11
29
11
11
31
11
11
32
15
11
33
12
34
30
24
32
20
29
25
15
26
38
25
35
17
25
11
11
21
22
33
13
13
36
11
34
11
23
12
19
29
25
11
29
16
12
31
28
19
31
19
11
24
33
11
42
11
15
28
11
28
34
11
11
22
16
11
15
29
13
43
11
18
29
30
13
16
26
52
11
33
43
30
21
15
23
29
31
33
11
20
13
23
38
11
19
11
11
24
11
21
33
33
19
16
19
11
28
11
22
14
17
11
29
27
12
11
28
19
28
16
46
11
53
36
35
16
43
29
35
12
14
36
32
42
22
31
19
39
11
19
19
18
11
22
13
37
23
13
19
17
12
29
27
11
28
16
22
11
23
20
18
11
11
14
11
25
24
26
13
20
16
11
28
36
19
17
17
26
11
11
13
20
15
27
15
16
20
21
12
14
15
11
30
11
11
26
19
13
26
17
11
13
13
13
14
12
11
11
11
22
13
27
11
11
34
11
11
11
11
31
11
29
11
32
18
11
13
11
11
28
17
11
11
16
12
11
11
46
16
11
24
34
24
25
24
20
11
14
23
41
36
11
11
12
11
21
14
15
11
11
13
15
11
15
11
12
11
11
13
12
16
11
14
12
11
17
19
11
11
11
14
11
12
11
15
13
13
16
17
11
11
13
11
12
13
17
12
13
11
11
11
21
24
16
15
12
11
11
15
13
12
14
11
11
13
11
19
15
18
11
11
12
20
11
12
11
20
16
31
16
24
12
11
11
11
11
30
28
31
11
23
19
11
11
30
36
27
11
11
14
15
21
11
11
35
14
11
12
39
11
31
11
28
11
20
11
22
11
28
12
11
33
17
26
11
34
16
39
11
22
34
11
24
11
24
13
15
11
23
11
16
11
37
18
22
11
25
11
24
11
24
31
13
23
11
28
15
11
25
14
11
28
19
36
11
12
29
12
11
27
15
15
12
36
29
21
25
26
25
24
18
24
12
26
15
11
35
15
11
26
18
16
14
12
18
29
13
17
11
27
11
23
15
11
20
11
14
28
28
11
24
34
11
28
23
11
21
13
13
23
37
24
17
20
12
15
13
19
37
12
12
24
35
11
15
20
16
12
37
18
28
11
17
11
31
18
24
29
26
11
32
24
11
28
12
31
13
16
17
20
21
11
23
13
22
12
20
20
11
27
11
19
16
11
25
16
24
11
17
15
20
11
26
12
11
12
11
12
26
29
29
28
11
23
11
15
11
15
11
15
11
15
11
15
11
15
11
16
11
14
11
18
11
25
11
11
14
11
15
11
15
11
15
11
13
11
11
11
11
11
11
11
11
11
11
