101
103
101
113
101
101
101
101
101
107
101
101
104
111
111
105
103
101
111
106
101
104
117
109
107
101
102
101
103
131
104
101
106
107
106
106
101
108
107
111
105
101
101
102
102
109
102
109
117
103
140
102
104
104
107
103
101
101
117
101
101
105
101
103
102
117
109
101
118
101
101
101
101
101
101
103
107
110
103
103
119
101
101
102
104
103
102
101
102
101
104
101
103
101
101
114
101
108
113
102
109
129
102
103
116
101
111
101
101
105
106
101
116
106
110
102
106
103
115
101
109
101
101
105
101
107
106
104
101
101
122
101
101
