109
103
101
101
115
104
123
111
101
120
101
103
101
101
102
101
101
118
104
109
116
120
136
101
101
101
101
101
102
102
113
106
109
101
103
102
119
113
116
123
106
106
106
109
106
120
118
106
116
101
112
109
103
103
116
103
106
110
105
104
102
111
102
102
108
101
110
106
119
119
114
115
106
116
109
109
116
106
103
102
101
101
101
108
128
103
101
110
114
111
106
101
103
114
101
101
117
119
101
101
126
109
116
106
109
112
101
103
116
103
113
123
101
115
103
101
101
118
109
133
106
116
120
119
113
117
