11
16
17
12
19
47
14
24
28
46
19
16
19
11
37
28
13
28
44
29
11
40
38
35
12
11
36
11
36
28
19
37
39
19
38
11
21
25
28
40
34
19
37
33
11
24
12
26
11
24
11
16
20
11
18
11
29
16
11
16
11
12
27
15
11
22
14
11
34
16
15
12
27
33
15
18
24
13
12
12
11
12
15
14
11
13
14
11
11
11
13
13
17
13
16
34
11
28
29
21
21
15
11
24
20
31
21
34
11
11
11
17
18
13
25
28
12
15
16
20
11
18
23
14
16
18
11
18
11
27
15
21
16
21
11
29
35
18
11
12
17
20
14
43
11
11
19
23
11
21
16
31
15
14
18
15
11
11
24
14
19
11
23
18
16
17
25
12
20
27
23
16
20
14
38
13
28
21
16
20
18
24
12
19
11
18
18
19
30
26
15
11
11
11
13
11
11
11
14
11
11
17
11
20
11
14
11
28
31
11
24
15
20
11
17
41
24
14
13
20
17
11
11
11
11
17
15
19
11
12
13
11
16
21
15
11
24
12
16
11
24
14
25
25
11
38
11
11
11
27
11
27
33
15
11
24
11
11
29
12
28
11
22
11
18
12
28
11
24
11
22
15
11
28
11
18
28
35
13
29
19
23
12
11
11
13
18
20
12
11
34
21
19
13
19
23
13
18
29
15
11
20
26
15
15
19
11
36
11
19
11
29
30
20
11
24
11
25
36
15
13
11
14
16
11
27
18
21
17
38
19
17
12
24
16
22
12
22
16
29
19
34
11
39
26
17
24
11
27
17
11
14
25
11
38
24
16
23
17
11
27
13
15
11
11
29
12
11
11
11
11
11
12
12
17
11
11
13
11
11
11
17
12
11
11
12
11
11
11
13
13
16
13
13
17
11
11
13
11
15
12
13
11
11
18
11
32
17
16
14
16
19
11
15
16
11
11
11
11
11
11
16
21
24
13
13
11
14
11
11
11
12
24
24
12
20
13
19
26
11
11
11
11
17
17
28
20
32
25
28
37
15
31
36
11
11
11
25
11
28
29
28
35
12
28
14
13
16
11
21
29
34
11
18
11
30
34
11
12
26
11
11
11
16
11
18
19
24
11
28
20
11
18
13
13
11
45
14
11
11
15
11
11
18
41
11
34
22
11
14
34
11
23
35
11
28
22
20
23
11
25
25
11
12
20
18
11
11
17
11
12
13
12
13
15
12
11
11
11
17
25
13
11
11
11
15
12
11
14
11
12
11
14
17
12
13
14
11
16
11
13
11
11
11
18
15
13
13
13
17
20
14
12
13
11
11
11
11
15
16
17
13
14
15
15
12
18
15
11
13
11
14
11
13
11
11
19
19
13
11
11
16
22
11
11
13
12
15
11
13
14
12
13
11
14
11
13
17
13
11
11
19
16
12
11
11
11
11
15
14
12
11
12
11
11
11
11
13
11
13
19
13
11
12
18
11
11
13
16
16
13
16
18
17
11
18
11
12
13
14
12
20
12
14
13
11
11
17
12
19
11
18
18
13
11
20
13
16
11
16
14
13
17
11
11
12
11
11
11
11
15
17
11
14
11
21
11
16
31
24
16
11
11
16
11
21
11
17
12
17
11
12
11
14
13
15
12
11
22
11
11
15
16
11
14
14
13
