12
15
11
58
14
25
33
13
11
30
32
34
12
18
11
28
11
24
13
25
11
27
11
27
31
33
32
15
20
23
14
16
11
11
15
23
11
25
43
25
14
11
11
19
11
25
11
11
29
14
21
12
13
26
16
17
11
27
19
16
18
40
18
11
13
11
16
25
12
31
19
26
26
26
11
32
33
19
26
13
22
30
46
29
18
11
16
13
16
11
11
15
14
17
11
11
11
11
19
11
11
11
11
11
15
11
14
13
13
12
11
18
33
26
29
26
26
26
21
35
26
26
33
29
40
26
46
53
11
22
26
30
22
14
38
17
11
13
11
13
19
12
16
16
16
19
11
35
13
26
26
26
25
27
26
23
26
26
33
29
19
26
26
21
42
26
26
26
21
41
25
20
26
26
29
19
39
33
33
56
28
11
16
11
30
11
21
11
20
17
11
15
31
11
11
35
11
14
11
14
11
12
12
11
25
12
15
12
42
11
11
11
12
11
19
22
16
19
14
24
14
13
11
11
21
39
11
11
11
15
29
35
19
11
11
33
12
29
15
19
12
39
15
11
29
16
14
34
18
11
28
15
23
15
19
18
11
19
16
11
13
35
11
11
27
11
11
13
35
17
11
23
18
17
11
19
11
11
14
12
11
13
13
13
11
22
11
16
24
11
13
21
27
12
27
34
11
14
11
14
11
13
14
21
14
11
28
12
11
32
15
35
13
11
11
16
18
18
14
15
29
19
11
12
11
11
35
13
19
26
11
20
18
12
16
13
12
18
31
12
16
38
17
11
11
17
23
25
11
25
14
12
11
12
13
11
16
18
11
16
12
11
11
11
12
15
11
13
19
13
18
11
17
11
33
11
19
11
28
36
36
13
14
11
33
11
36
11
11
29
11
22
15
13
27
20
34
15
11
12
15
13
13
17
13
11
22
15
12
14
11
12
11
11
18
11
16
18
12
12
11
11
13
12
11
15
13
19
16
13
17
26
13
14
12
11
11
11
11
12
12
11
12
12
11
11
12
13
14
18
12
14
17
13
12
13
12
17
16
11
12
11
11
13
11
11
16
14
11
14
18
11
29
16
12
29
18
30
26
12
32
14
18
16
14
11
11
12
18
11
12
11
11
18
11
11
11
11
18
11
12
17
13
13
11
11
13
17
11
13
11
12
11
11
11
11
12
14
11
11
15
13
12
11
11
11
14
12
12
11
11
11
13
13
13
12
11
16
12
13
17
11
11
21
13
11
13
11
11
12
12
11
11
11
11
13
11
14
11
11
11
16
15
11
15
13
11
11
12
14
13
16
12
15
11
13
12
13
12
14
11
13
11
15
15
11
14
11
11
16
11
11
11
13
12
11
11
16
13
19
11
11
11
15
11
11
11
11
23
20
13
11
11
16
20
11
13
11
13
11
17
20
14
16
20
12
11
14
12
11
17
13
11
11
14
13
11
12
18
11
11
13
15
17
13
16
12
14
12
13
11
15
16
16
11
13
16
11
17
13
14
15
11
16
17
13
19
13
12
13
16
17
15
20
15
11
11
14
16
11
11
11
11
11
16
18
12
11
12
13
11
11
19
11
15
11
17
17
11
23
15
13
18
17
11
12
11
12
13
24
11
15
15
16
12
12
11
11
21
13
11
13
18
13
11
11
11
18
14
12
13
11
15
17
11
11
11
17
11
11
12
11
13
14
12
11
11
11
17
12
21
19
11
11
22
11
17
38
11
25
12
27
26
11
19
11
20
18
11
11
27
19
11
21
15
11
21
11
31
11
33
24
11
24
11
26
13
14
26
11
21
11
30
16
12
16
19
18
11
14
11
11
14
11
25
11
14
11
19
45
27
11
13
15
11
16
14
11
12
12
11
12
11
12
11
12
11
11
13
12
12
11
11
11
16
12
11
20
11
11
11
13
12
11
11
11
11
11
11
12
12
11
11
34
12
19
18
32
14
32
11
35
23
24
11
24
19
22
