21
34
19
19
19
12
28
28
19
28
11
27
26
11
18
19
11
15
11
15
25
39
25
33
39
36
38
25
11
11
11
12
11
11
16
11
11
11
11
11
11
11
11
11
15
11
11
11
11
11
11
16
12
11
12
12
26
13
49
29
33
19
16
29
29
29
29
29
29
29
33
20
26
26
26
11
18
26
33
29
29
29
13
26
33
26
29
29
29
36
24
32
29
43
23
13
29
29
23
21
24
11
26
33
28
11
27
33
13
39
23
13
19
19
11
29
19
29
33
26
33
29
33
23
13
11
25
24
12
19
11
11
21
13
22
27
11
11
17
11
20
11
11
14
11
11
12
13
15
20
11
24
11
30
11
22
11
24
11
21
17
15
11
11
23
33
11
15
13
11
22
15
16
11
12
12
12
18
21
23
15
13
11
23
19
11
11
11
18
11
13
11
17
11
11
11
11
15
11
11
11
11
12
11
13
13
11
11
14
11
11
11
11
12
11
13
25
14
19
11
11
11
24
11
11
11
33
11
11
11
16
11
11
11
14
11
11
11
11
11
22
16
16
30
11
12
11
14
18
11
12
13
11
11
11
53
11
19
13
16
11
33
26
11
17
11
11
11
11
16
12
11
11
18
13
11
11
11
11
11
13
17
12
16
12
11
13
11
11
11
15
11
11
16
16
11
24
11
27
14
20
11
11
28
23
11
27
36
11
11
11
11
11
32
11
11
11
23
11
11
14
18
14
12
15
15
32
15
11
13
11
12
33
11
11
39
26
15
11
12
11
11
27
11
11
11
11
11
17
13
17
11
17
20
12
16
42
11
39
11
44
14
29
11
13
11
21
11
13
16
13
11
11
23
12
14
11
22
23
19
13
11
11
11
11
28
13
22
30
26
26
32
18
22
16
11
12
18
28
11
15
18
11
17
11
11
23
36
11
11
11
11
11
17
11
12
12
11
12
13
12
19
16
13
12
11
22
16
22
11
30
16
15
11
13
18
11
11
12
11
11
11
11
11
11
11
13
25
12
16
12
11
12
11
12
19
19
12
11
11
11
12
11
17
11
36
12
13
22
18
11
31
11
11
11
29
12
19
11
12
21
19
13
11
25
18
12
11
47
11
43
11
28
14
17
56
34
11
15
13
11
11
11
22
35
27
11
16
19
12
28
13
27
20
11
22
12
11
12
17
35
11
22
11
32
20
11
11
22
11
25
11
25
34
32
17
11
21
24
11
30
11
19
21
34
29
21
13
13
19
17
11
11
20
11
21
11
40
19
23
11
18
11
14
13
11
11
11
16
12
30
38
12
13
26
12
20
11
35
28
11
22
25
35
29
20
33
15
11
28
34
14
12
33
26
14
23
26
35
30
11
25
38
20
27
51
11
38
23
33
11
39
24
11
24
11
11
14
17
27
11
28
17
11
27
11
32
26
11
26
11
17
24
11
22
17
11
29
11
23
14
19
11
30
21
11
11
29
13
49
35
14
16
27
16
13
12
20
19
21
31
12
11
31
11
13
11
20
21
42
11
34
30
11
29
11
11
49
19
29
28
31
20
11
26
11
21
14
16
11
12
11
11
11
11
25
13
19
16
23
19
19
16
12
11
23
11
12
11
12
17
24
20
17
16
11
30
14
20
15
20
23
12
39
11
11
25
32
13
16
23
11
18
39
21
21
20
14
11
40
11
24
13
12
13
11
22
11
27
13
11
32
32
11
13
12
17
11
25
17
15
11
21
11
11
13
11
19
17
38
29
29
11
11
21
11
18
11
15
11
11
24
11
15
11
15
11
22
11
15
11
18
11
11
11
13
11
12
11
15
11
11
11
16
11
12
12
11
15
11
11
14
11
18
11
