13
11
11
29
21
11
26
11
16
19
12
19
31
11
15
11
11
18
11
11
17
15
17
12
25
32
13
20
15
17
11
11
16
11
19
19
13
13
13
15
26
13
33
11
12
20
11
12
11
11
12
24
15
22
16
22
24
12
30
26
26
11
12
17
11
11
31
16
15
34
11
26
35
33
11
15
29
20
11
25
26
23
20
35
20
33
33
21
11
17
11
40
30
34
30
19
16
11
33
15
34
13
20
15
11
39
19
17
12
36
25
20
16
15
11
29
11
33
16
24
11
26
11
12
37
30
15
11
28
14
11
11
11
11
13
11
11
12
12
12
16
14
11
11
12
19
11
12
11
18
16
11
23
11
11
11
11
11
14
14
11
15
21
12
11
24
12
11
35
15
37
39
28
26
20
13
22
13
11
30
21
12
20
11
19
17
11
11
13
19
12
16
18
11
14
11
26
12
24
18
18
20
19
11
26
20
12
11
35
18
12
16
11
12
12
13
13
15
11
13
13
11
11
11
14
16
12
11
16
11
13
11
11
12
16
15
28
19
21
11
16
11
19
14
11
12
11
14
11
11
15
14
11
11
17
11
11
14
13
11
19
15
16
11
11
11
15
11
12
12
12
11
16
14
12
13
11
16
25
33
11
13
23
13
21
24
16
19
13
29
19
28
14
23
29
26
26
43
26
25
11
16
16
12
17
26
26
23
19
19
11
11
37
11
11
11
11
11
11
29
39
26
26
26
29
19
26
26
33
19
26
26
29
26
26
26
11
18
29
26
26
26
33
23
14
11
13
14
13
14
17
11
12
12
11
11
14
11
11
11
11
11
11
12
29
30
11
11
11
11
11
11
11
11
11
11
12
13
18
11
17
16
11
13
11
14
13
11
17
33
17
32
19
26
19
11
32
23
13
29
26
29
33
19
16
19
26
19
36
16
29
13
26
26
11
25
23
24
15
11
28
29
19
11
17
11
12
18
15
11
45
11
11
11
19
11
18
12
11
27
14
22
23
11
11
24
33
13
29
26
29
43
12
12
26
16
13
11
11
11
14
12
12
11
11
17
15
12
11
16
15
11
13
14
13
16
11
12
11
11
12
11
12
18
22
31
39
13
14
18
19
14
15
12
14
17
16
21
11
11
13
16
13
14
22
11
14
13
18
11
11
11
11
23
14
11
11
11
11
11
13
19
14
13
15
11
11
12
11
11
11
17
12
11
19
16
18
24
11
11
15
15
11
13
14
17
20
25
11
23
34
20
19
16
11
11
11
15
11
17
11
18
13
16
16
11
29
11
27
30
26
26
33
33
33
36
33
29
29
19
33
26
26
13
16
20
29
29
26
16
29
11
14
11
17
11
22
11
13
11
23
26
22
11
16
29
33
28
11
30
29
29
23
26
33
28
11
29
29
29
29
29
25
11
20
33
31
12
36
36
33
29
29
26
29
16
29
29
36
33
21
25
33
33
33
26
16
29
33
29
23
29
36
36
29
29
19
11
19
14
14
11
16
11
11
14
11
11
14
13
19
11
28
11
11
11
30
29
16
39
16
33
36
33
33
19
23
11
11
17
12
16
11
18
15
11
16
11
11
11
17
11
23
13
11
18
16
11
11
11
17
11
11
15
11
11
11
11
11
11
11
11
13
13
11
11
12
11
11
13
11
24
20
11
11
14
11
11
11
11
11
11
12
13
14
11
11
16
21
16
22
13
11
12
27
33
30
11
11
11
16
36
11
11
29
14
31
32
11
11
30
17
11
35
11
11
11
14
16
15
11
11
11
11
12
11
11
12
11
12
12
11
12
11
11
19
11
19
11
14
11
14
11
11
11
12
11
11
11
11
12
11
11
11
12
11
11
11
11
