15
33
29
26
16
33
19
13
12
26
14
25
38
19
33
33
26
19
16
16
26
13
13
16
28
28
11
15
33
11
15
19
19
12
12
11
24
36
26
33
11
14
36
25
29
18
26
19
29
11
11
19
11
15
13
12
11
12
13
23
26
29
16
11
11
22
15
23
11
18
11
11
11
17
11
11
20
11
13
15
18
11
11
13
11
25
13
11
11
11
11
11
11
11
11
11
11
29
11
13
15
11
34
36
14
21
14
34
32
20
18
36
44
19
35
29
15
11
21
13
14
11
14
13
11
12
38
11
22
14
12
35
15
19
17
27
11
11
16
27
30
11
20
11
11
25
11
13
11
16
23
11
24
13
12
22
12
14
11
11
11
14
17
15
11
12
14
11
11
11
11
12
11
13
11
13
11
12
13
15
16
11
11
13
27
11
12
20
11
22
18
16
14
16
11
12
20
11
11
11
17
19
18
11
11
12
11
13
11
16
16
22
11
13
11
11
11
11
11
11
14
16
11
11
13
13
11
11
14
12
16
11
11
11
11
11
11
11
14
11
16
12
11
11
11
18
11
18
12
11
11
11
11
11
11
11
11
15
11
22
11
14
12
13
11
11
14
13
13
12
13
11
12
21
11
18
15
14
12
11
15
11
12
19
23
12
13
12
11
11
11
11
11
26
12
15
13
23
17
18
13
11
11
11
11
11
11
19
26
29
26
23
26
13
26
26
29
23
29
29
19
39
29
26
20
22
27
29
29
63
33
39
26
26
26
26
43
19
26
33
26
26
23
26
26
26
21
34
16
26
26
26
33
19
26
16
33
19
29
11
11
13
11
19
11
15
11
18
11
22
29
23
11
12
12
11
12
12
11
14
11
13
11
12
11
15
11
14
13
11
12
28
13
11
11
21
11
38
11
27
35
26
32
33
33
36
29
11
15
29
24
25
27
26
28
19
16
26
29
24
29
31
28
29
24
12
13
13
13
11
18
11
48
13
11
11
13
11
11
13
11
11
11
11
11
11
12
11
11
18
19
26
29
29
28
14
12
11
14
11
29
29
13
26
29
26
26
26
26
33
26
26
29
11
16
16
16
12
15
11
25
23
23
19
26
26
19
26
29
23
26
29
26
26
26
26
26
26
26
26
26
26
26
34
28
29
26
26
26
26
26
26
26
26
26
26
23
12
19
26
29
26
26
23
26
19
33
22
11
22
11
26
14
32
26
26
33
33
33
33
20
11
12
28
26
33
23
33
29
23
11
18
27
42
36
33
26
26
26
33
26
16
29
33
29
33
26
27
38
11
22
26
11
25
29
29
26
29
33
26
19
33
26
26
29
26
26
25
24
26
29
26
29
21
35
19
11
25
33
13
26
26
39
23
19
26
26
26
11
42
29
29
26
33
33
33
39
26
39
33
29
33
33
33
33
29
32
33
44
36
26
36
18
11
39
20
12
19
11
12
29
29
26
11
24
28
16
11
25
26
26
26
30
11
18
11
12
18
11
11
13
11
19
11
14
11
12
11
20
26
21
11
11
15
11
11
17
11
28
25
30
39
23
26
39
33
29
26
26
33
26
33
29
24
28
29
29
29
29
29
29
29
29
26
11
15
11
12
23
36
11
16
11
17
12
12
13
11
18
11
11
23
17
11
11
13
11
14
