106
103
101
103
114
110
101
104
125
108
101
110
101
101
101
121
106
121
101
106
101
103
101
105
116
110
106
101
116
103
105
101
101
105
103
114
101
107
101
105
111
109
108
101
101
104
104
108
115
109
116
106
123
106
101
109
101
101
106
109
101
106
118
116
102
101
126
109
103
103
101
102
101
101
105
105
105
101
106
109
101
101
101
101
103
106
101
102
104
101
103
139
106
104
101
112
133
107
101
101
101
101
109
102
108
101
105
104
101
101
101
101
103
109
101
102
104
107
102
101
103
101
104
101
101
107
105
101
101
101
101
102
101
105
101
101
102
101
101
111
109
