15
11
21
13
19
31
28
28
11
19
39
33
31
29
11
13
45
40
15
30
13
25
35
19
34
16
20
30
21
35
29
12
14
40
11
11
26
14
15
14
23
20
11
19
22
13
11
11
11
11
17
11
16
13
12
11
11
16
13
19
11
12
16
11
21
15
11
11
11
14
19
11
14
11
16
11
11
12
11
15
11
15
11
11
11
11
11
12
12
11
11
13
19
26
22
11
14
14
13
17
16
11
11
13
17
11
11
11
11
11
12
11
17
11
17
21
11
11
15
15
29
19
26
29
26
26
26
26
11
18
26
26
33
33
11
38
26
53
13
53
26
26
16
23
16
13
11
16
11
12
11
13
12
11
13
13
11
14
16
12
30
23
27
29
26
26
26
26
23
26
26
26
19
16
19
26
26
26
11
18
26
26
26
26
27
28
26
26
26
26
29
33
39
33
36
20
11
25
26
33
26
26
26
33
36
29
33
26
26
19
26
26
26
26
26
26
26
26
26
26
26
26
29
29
19
29
26
26
25
27
26
23
29
19
11
18
26
26
29
26
26
26
26
26
29
19
33
19
26
26
23
16
27
35
28
27
23
26
26
26
26
26
29
26
24
37
41
26
26
23
26
24
35
21
48
26
26
19
39
19
20
11
12
13
18
11
47
11
30
14
11
26
11
25
14
11
12
14
16
17
11
26
32
11
25
11
25
29
20
11
14
13
11
11
12
17
12
11
11
11
13
11
11
13
16
11
16
11
11
11
13
15
11
13
11
20
11
13
12
11
11
12
14
14
11
14
11
11
16
11
14
12
15
11
11
11
11
12
17
15
11
32
13
33
33
26
26
23
33
33
19
20
26
26
26
26
26
26
26
26
26
26
27
38
23
29
19
26
29
17
22
19
26
26
13
19
30
19
36
26
29
23
11
28
26
26
33
26
31
15
11
13
11
12
12
13
17
15
15
18
34
18
24
13
11
31
11
12
12
23
11
12
13
16
27
26
26
29
11
18
11
11
25
17
12
13
14
15
11
16
11
11
11
16
11
20
13
22
17
11
22
17
11
15
29
21
11
11
37
39
39
31
11
11
11
20
13
11
11
17
14
14
25
11
15
11
18
11
14
11
11
14
13
11
11
20
19
26
33
26
19
26
26
22
13
26
33
19
23
31
15
33
26
26
26
26
33
43
29
19
33
33
33
29
26
26
33
33
11
32
26
19
26
26
26
11
11
14
26
26
26
26
26
26
29
25
27
23
26
16
11
22
16
11
22
46
26
19
26
26
29
26
29
26
24
31
26
23
11
19
29
39
43
29
19
24
42
37
39
29
36
33
33
33
11
31
41
33
31
31
36
31
18
33
33
33
23
29
29
33
26
23
29
26
29
19
23
29
11
25
29
29
13
29
26
29
16
29
29
29
29
29
29
29
29
26
29
29
36
29
29
29
11
18
20
11
15
11
11
11
11
11
11
11
11
11
11
11
11
11
11
22
11
22
11
22
11
12
11
11
11
11
11
11
11
11
11
11
11
11
11
11
11
11
11
11
18
11
15
11
15
11
15
11
15
11
15
11
15
11
15
11
15
11
18
11
15
11
11
24
11
15
11
15
11
15
11
15
11
