23
11
31
19
31
11
31
11
24
19
30
13
11
33
24
11
32
13
25
14
11
28
28
20
29
44
19
22
33
32
11
19
24
16
31
11
25
20
12
26
30
31
34
19
22
11
16
16
33
22
18
15
12
14
16
11
15
11
13
19
13
26
29
24
26
11
13
14
17
13
11
11
15
16
16
11
17
12
16
14
18
13
12
14
14
22
29
11
31
25
48
18
11
11
11
17
20
18
15
20
11
28
11
19
13
11
38
33
11
13
16
45
14
17
13
22
11
22
23
13
21
21
37
12
15
18
19
15
11
12
11
11
11
14
12
17
12
11
21
23
14
12
12
11
14
11
13
16
11
11
12
15
11
15
18
15
11
15
13
12
13
11
16
41
13
12
17
11
12
14
11
11
37
19
28
11
11
11
11
11
11
11
13
11
11
13
11
12
11
11
11
11
11
18
11
11
15
13
12
22
26
29
26
14
16
11
11
20
11
11
11
18
24
11
29
32
11
22
19
18
16
11
11
46
11
42
17
11
22
13
12
11
12
11
16
11
12
22
11
14
12
24
11
15
13
11
18
20
14
13
15
11
29
15
23
50
18
14
12
12
13
12
11
20
11
15
11
24
13
11
21
11
11
11
15
15
12
11
17
11
16
17
12
12
15
11
11
11
13
14
17
11
11
13
11
13
11
11
11
12
11
11
11
11
11
11
12
23
12
18
12
16
11
14
15
25
27
15
43
35
11
26
16
36
13
25
18
32
11
25
20
34
31
23
11
28
34
11
11
31
28
23
21
11
19
11
28
29
28
15
11
23
13
26
35
14
13
12
35
34
39
45
11
39
11
11
18
45
13
13
31
37
36
14
11
26
11
34
11
33
36
32
11
32
28
11
27
37
35
11
38
11
28
11
19
30
11
11
24
16
29
26
11
11
32
37
24
38
23
36
19
13
15
28
54
23
11
11
26
12
27
14
11
35
12
11
46
11
11
14
11
13
11
15
13
14
14
13
30
19
19
11
19
29
30
13
11
71
11
11
42
11
37
24
21
11
25
15
20
12
31
21
24
42
23
12
12
12
12
11
11
22
17
12
11
11
32
16
21
29
11
16
16
11
11
11
17
11
11
11
13
11
27
21
18
18
12
16
20
11
20
27
15
13
11
24
34
11
26
16
12
23
19
23
16
11
25
13
15
24
25
18
15
12
17
18
11
25
14
11
27
27
11
22
22
11
29
13
12
16
12
11
34
23
37
35
11
17
42
15
20
11
19
16
33
11
18
33
11
15
26
24
22
27
18
13
11
26
19
28
13
25
18
21
11
34
25
11
21
19
11
36
28
12
13
11
25
25
39
14
40
19
26
11
36
11
36
15
33
11
27
11
19
22
37
16
16
11
18
31
30
11
31
11
11
12
31
27
11
14
15
12
13
27
15
13
27
11
21
18
17
17
11
11
14
11
14
13
16
11
11
13
13
11
14
16
12
11
13
15
14
12
11
11
26
14
11
14
19
18
12
12
11
12
16
15
11
11
26
20
11
16
32
26
11
24
16
13
18
42
11
13
11
11
11
11
13
11
11
11
11
11
16
19
13
11
11
24
12
11
21
11
14
11
19
22
30
18
14
25
12
12
11
25
11
12
14
11
11
11
11
11
14
11
18
15
15
12
12
16
11
22
16
12
17
13
14
12
11
11
11
11
11
12
11
11
21
18
11
14
18
11
16
11
36
29
11
12
18
15
13
21
11
11
17
20
32
22
11
13
14
11
13
32
16
16
32
11
11
13
12
17
14
11
11
11
13
11
11
12
11
15
18
14
20
25
13
11
19
11
11
11
11
11
13
13
24
11
13
24
11
26
11
11
11
