12
19
11
19
22
17
11
34
32
35
34
11
25
25
26
16
11
27
15
33
19
19
11
25
13
11
32
29
14
11
30
11
25
11
14
11
11
11
21
35
28
12
11
32
11
26
13
19
11
19
17
23
21
11
12
13
11
19
13
12
40
26
11
25
18
11
16
12
14
11
28
26
26
26
33
29
39
26
23
13
13
11
14
11
11
13
16
11
16
11
23
16
11
15
11
22
11
11
14
19
14
17
16
11
16
12
11
11
12
13
14
18
23
18
19
11
14
27
14
14
12
18
12
12
11
13
21
18
11
11
33
43
34
12
11
39
49
17
26
24
37
12
15
12
13
12
19
12
11
22
16
14
19
15
18
22
19
33
23
26
26
26
26
26
29
26
24
29
28
26
26
26
29
26
26
26
26
29
19
17
42
26
26
29
19
39
33
33
29
29
26
26
33
26
26
26
33
16
33
36
26
24
35
26
26
26
26
26
26
26
26
26
26
26
26
29
27
32
19
26
26
33
26
19
36
31
35
26
29
26
26
26
26
27
26
27
42
19
26
26
21
46
21
34
36
26
11
25
26
26
26
33
11
25
26
26
23
19
26
26
19
29
26
26
26
23
19
26
26
26
26
20
25
11
11
18
12
14
18
15
22
11
20
19
16
16
28
11
11
15
34
36
31
11
21
17
20
19
11
11
23
20
12
16
24
33
33
33
19
33
13
26
39
31
11
15
18
15
20
11
15
11
11
11
13
14
11
14
11
11
15
20
13
11
21
14
18
11
11
31
33
16
26
26
26
26
29
19
26
23
33
17
42
25
27
26
26
26
26
26
26
26
29
28
15
21
28
26
29
22
27
26
26
26
26
24
42
27
28
26
18
30
19
19
11
20
45
26
23
26
26
13
26
23
33
23
19
36
26
31
42
26
43
29
23
11
32
26
26
26
16
19
33
19
26
29
26
11
32
33
13
33
15
11
23
39
39
39
26
26
26
11
22
11
28
30
19
33
26
29
11
25
26
24
32
26
26
33
26
26
26
26
33
26
26
26
26
26
33
29
26
33
29
33
21
35
33
33
39
33
29
33
27
28
33
29
26
26
21
24
26
29
20
33
26
29
26
13
24
38
16
26
26
29
19
26
26
30
26
22
27
23
11
22
29
26
23
26
33
26
26
25
28
23
26
26
26
33
19
29
26
11
45
33
33
33
11
28
33
33
33
29
33
33
33
31
31
33
33
11
25
43
22
41
16
39
29
33
26
16
39
11
32
29
24
18
29
29
27
29
29
29
29
24
28
27
28
33
29
11
35
29
13
23
24
28
29
23
11
15
11
15
11
15
23
11
18
11
15
11
11
11
11
11
11
11
11
11
11
11
11
13
11
11
11
11
11
11
11
11
16
29
30
17
15
11
22
11
18
11
25
11
11
14
11
15
11
18
11
18
11
18
11
15
19
11
15
23
11
13
11
14
11
15
11
11
14
11
25
11
15
11
18
