105
116
119
106
106
101
102
101
101
108
101
101
110
101
108
102
103
101
115
101
107
101
101
101
101
111
101
101
112
115
105
108
103
110
102
111
101
101
105
117
101
105
101
101
101
115
106
107
101
111
104
101
101
101
101
112
104
101
108
102
101
101
109
105
106
109
116
104
101
101
121
101
101
107
101
103
106
110
101
101
101
106
101
101
101
105
101
117
101
103
101
108
110
106
119
114
111
101
111
101
101
114
101
101
113
101
113
111
104
103
106
107
102
101
101
101
101
104
101
102
101
111
104
102
103
102
101
102
103
102
101
101
102
101
101
101
101
101
101
101
101
101
109
103
103
101
108
101
110
101
101
101
101
102
101
101
101
101
101
101
101
102
101
101
101
101
101
101
101
101
101
101
101
108
101
101
101
