11
11
12
11
11
11
11
12
11
11
13
12
11
11
11
12
11
11
11
11
11
11
11
11
11
11
11
11
11
13
11
12
11
11
11
11
11
11
11
11
11
11
11
11
11
11
11
11
11
11
14
12
11
13
11
12
14
15
13
11
12
13
16
11
18
11
12
20
13
11
15
15
11
11
17
11
11
11
16
13
11
11
13
11
11
11
22
11
18
11
11
17
22
11
28
13
13
11
12
16
36
13
19
18
34
29
37
30
27
38
39
29
29
11
28
37
19
20
16
21
13
19
16
18
11
34
11
18
16
14
35
26
11
23
11
32
28
11
29
28
11
45
11
24
15
11
15
11
11
19
14
11
12
11
11
15
11
18
11
12
29
20
11
23
11
13
12
12
11
11
12
16
11
11
21
11
11
11
15
11
11
12
12
12
11
13
24
11
11
31
17
13
11
11
12
16
11
26
12
24
11
29
33
11
14
24
17
11
30
12
11
15
11
11
11
11
19
14
11
11
11
11
11
11
11
11
11
11
11
11
11
11
11
11
12
13
11
11
11
11
22
11
11
11
11
11
11
19
11
12
11
25
11
15
17
24
18
16
11
13
11
11
11
12
11
13
11
13
26
11
22
25
16
11
24
14
12
17
11
11
14
13
12
12
11
31
37
30
29
37
36
12
17
11
11
11
11
13
11
16
11
18
11
26
25
28
20
11
37
29
27
29
30
29
29
16
12
13
15
20
11
25
21
11
16
13
11
15
11
16
11
23
11
11
11
11
13
11
13
29
15
11
11
20
28
11
13
12
17
11
26
13
16
14
14
36
32
19
27
19
11
16
19
11
17
11
17
11
11
35
11
25
19
23
31
11
12
12
11
16
11
31
18
11
23
15
11
17
11
19
13
20
13
16
11
11
11
11
21
11
11
13
11
20
11
11
29
11
31
35
11
25
11
13
11
26
11
32
11
22
12
11
13
18
11
12
12
20
11
11
11
31
11
20
11
11
11
13
12
11
11
15
11
11
14
18
11
12
11
11
12
16
11
11
11
11
13
12
12
11
11
11
11
14
11
11
11
12
12
11
11
11
14
13
12
17
11
14
11
12
11
13
14
13
13
11
11
12
13
11
12
17
21
12
11
31
12
37
20
11
12
13
12
11
12
11
11
14
11
12
11
11
11
11
12
11
11
12
12
11
11
11
11
12
17
12
14
34
35
11
11
27
28
28
12
20
16
11
16
29
28
28
29
28
20
23
11
24
11
14
14
14
11
11
16
11
21
14
11
11
11
23
11
19
12
30
25
43
19
34
17
11
30
17
16
11
21
19
13
16
11
16
20
12
11
11
11
14
11
11
11
11
12
11
11
13
11
11
11
11
11
12
20
11
15
11
11
17
29
15
11
11
12
11
11
11
11
11
11
18
19
25
11
21
17
11
12
14
16
18
11
22
11
20
27
19
13
11
13
16
11
11
15
11
17
13
19
11
22
12
11
11
11
11
11
11
11
19
11
13
11
28
11
13
17
19
11
11
12
12
11
11
12
11
11
14
11
11
11
11
15
12
12
11
12
16
11
12
11
18
26
14
11
11
11
11
12
11
11
11
14
11
11
11
11
11
11
13
11
12
11
11
14
11
11
27
11
35
13
19
11
15
11
15
11
15
11
15
11
15
11
15
11
15
11
11
14
11
11
11
20
29
27
19
12
15
15
26
15
11
18
19
11
16
25
14
12
11
11
25
17
11
22
13
14
12
11
12
13
16
11
15
11
11
21
23
11
11
13
11
17
11
16
11
11
13
13
11
15
11
22
19
11
21
11
11
11
11
11
11
11
11
27
11
11
11
22
15
11
14
11
11
17
13
22
11
11
11
20
11
11
16
12
11
13
11
13
22
11
34
12
15
19
11
25
15
11
24
16
12
11
11
11
11
11
12
11
12
11
11
11
11
11
11
11
11
11
12
11
12
11
11
11
11
11
11
11
11
11
19
18
11
17
11
11
11
39
12
15
12
13
12
13
11
16
11
11
11
27
11
12
16
18
12
12
12
11
12
11
12
11
11
11
15
11
11
11
12
11
11
11
11
11
14
17
11
13
13
11
11
11
11
11
11
11
11
16
12
13
11
11
11
11
11
11
11
12
15
12
11
11
22
11
16
12
11
11
11
13
11
11
11
11
11
12
15
11
11
12
11
11
11
11
12
12
11
11
11
11
12
12
