101
101
101
101
101
102
105
107
101
101
102
103
109
119
101
105
107
106
101
101
108
120
101
101
101
101
101
101
101
110
101
101
101
101
101
101
111
104
104
115
101
122
101
103
101
119
101
114
108
101
101
103
107
101
101
101
105
112
107
101
103
101
117
101
104
101
114
102
101
101
101
101
101
101
114
101
101
103
101
103
101
115
107
101
101
121
123
103
103
101
101
110
101
103
101
114
101
101
101
106
101
101
101
101
104
101
118
107
106
101
108
103
101
111
103
102
108
101
101
101
101
101
117
101
104
101
101
105
119
107
101
102
101
101
101
103
101
101
104
101
