41
29
33
26
26
16
13
33
25
37
30
26
11
18
26
33
16
11
19
29
40
16
11
28
29
28
28
15
16
15
27
11
28
11
11
11
23
33
36
30
26
13
17
15
11
29
11
18
11
12
26
13
13
16
11
11
11
12
11
16
11
19
14
11
13
11
12
12
17
16
11
19
11
11
32
11
19
32
11
15
19
11
11
11
14
11
18
11
13
11
11
15
23
11
12
11
11
33
30
16
11
11
23
36
19
31
12
11
19
11
14
11
11
12
13
11
24
20
11
15
11
15
11
24
11
14
13
11
11
12
14
11
16
11
12
11
11
15
11
14
11
11
12
12
37
25
15
11
11
11
18
12
23
15
11
19
14
15
11
13
15
11
12
11
11
11
27
24
11
23
23
12
21
20
11
31
15
25
11
21
11
28
16
33
17
11
15
12
13
11
13
12
18
11
17
11
11
12
14
25
20
11
28
14
22
13
13
16
13
12
11
27
11
14
41
11
22
17
17
12
11
15
18
11
12
20
12
11
11
11
11
16
14
11
11
11
15
17
11
15
14
13
13
26
11
38
30
11
21
11
23
11
11
16
11
17
19
22
11
30
11
11
33
13
29
11
31
27
23
11
30
11
17
19
11
29
19
34
20
14
11
26
29
24
33
11
11
34
16
18
11
16
13
11
17
11
11
14
11
24
11
20
30
28
28
23
19
11
22
11
25
11
22
11
27
11
15
11
18
18
11
21
16
16
19
11
28
11
21
11
30
11
11
26
11
11
11
14
11
28
11
23
11
27
11
18
11
16
28
24
17
17
11
25
11
25
35
28
23
11
13
25
11
11
13
11
25
11
11
13
13
14
11
16
23
12
14
15
11
17
24
11
22
11
27
11
17
12
11
14
11
11
21
11
22
11
18
24
12
18
11
41
17
19
16
19
11
31
11
23
13
16
11
11
17
11
23
11
29
17
11
25
36
11
19
11
25
14
12
11
17
11
25
16
19
11
25
13
11
11
15
11
29
11
22
11
11
11
18
16
22
11
12
15
20
11
19
11
24
11
11
15
11
11
27
11
26
22
17
11
26
15
12
11
27
11
11
16
18
14
11
27
11
11
32
11
11
25
11
11
17
11
11
18
11
22
11
29
28
16
11
12
11
22
13
19
16
21
13
11
15
17
11
19
11
13
24
33
11
43
13
17
11
12
45
17
17
25
15
11
31
11
11
11
13
16
17
32
13
23
17
18
11
22
11
17
11
19
35
17
19
11
23
11
29
33
11
32
13
11
11
31
20
30
29
29
30
11
11
17
11
21
11
25
11
13
29
29
19
11
13
16
16
11
26
11
23
11
29
36
13
13
19
19
13
16
19
11
21
19
11
21
11
15
16
11
24
11
25
11
21
11
11
11
17
19
11
12
11
13
11
13
13
23
13
22
34
11
16
11
11
16
11
11
12
14
13
14
11
11
13
16
11
24
11
11
27
11
11
28
19
23
11
23
11
11
24
17
21
19
11
18
19
21
21
11
24
11
19
11
11
16
11
24
11
27
11
18
11
11
11
15
20
11
11
15
11
11
11
19
11
23
11
11
11
27
11
14
11
11
16
11
17
20
11
14
13
13
14
13
12
11
11
11
11
11
14
11
12
15
11
11
11
11
11
11
19
13
11
11
12
11
14
11
11
11
12
11
12
11
11
15
11
11
11
11
13
11
14
11
12
11
15
11
12
14
11
15
16
13
14
11
11
11
11
12
11
12
11
11
12
11
14
12
15
17
11
12
11
11
11
11
13
11
11
11
11
12
16
11
11
11
15
12
11
11
11
11
11
11
11
11
16
11
11
15
15
11
11
12
12
11
11
13
15
16
11
13
17
19
13
11
16
11
13
12
12
11
13
12
11
11
11
17
12
11
18
11
20
11
16
13
18
18
11
11
11
11
11
11
11
15
16
11
12
11
11
12
11
12
11
14
11
11
11
15
19
15
11
14
11
11
13
11
11
11
13
11
11
16
11
16
11
12
11
11
11
11
11
11
11
11
11
11
11
11
11
11
11
11
11
11
11
11
12
11
11
12
12
11
11
11
11
11
15
11
11
13
11
11
16
11
11
11
21
11
13
26
12
19
11
23
13
11
11
13
11
11
11
21
11
18
11
14
11
36
29
18
11
11
11
11
11
11
11
11
24
12
11
11
11
11
11
11
11
11
11
11
11
11
11
11
13
18
11
11
11
11
11
11
11
11
19
11
13
11
11
15
19
17
11
12
11
15
11
18
11
11
11
11
11
11
11
11
11
11
11
11
11
11
11
11
13
11
11
11
11
11
23
16
14
13
12
23
11
16
12
11
11
11
13
11
11
11
11
11
11
11
11
11
11
11
11
11
11
11
11
11
11
12
11
11
11
11
11
11
11
11
11
11
11
11
11
11
11
11
11
11
11
11
11
11
11
11
12
11
11
11
11
11
11
12
11
11
11
11
11
11
11
11
11
11
11
11
13
17
12
11
11
12
11
11
11
11
11
11
14
17
11
25
11
26
11
17
11
11
11
11
11
11
11
11
11
11
11
13
11
12
11
12
11
11
11
11
11
11
11
11
11
11
11
11
11
11
11
11
11
11
13
11
11
11
12
11
11
11
11
11
11
11
11
11
11
11
11
13
11
11
12
11
12
14
11
12
17
11
14
24
11
11
11
11
11
11
11
11
11
14
11
18
11
25
12
16
16
11
22
11
23
19
11
18
11
18
11
15
11
11
11
11
11
11
13
11
11
13
13
11
15
12
11
