101
111
101
101
101
102
101
101
106
101
101
101
101
101
101
101
101
101
106
101
106
101
113
113
101
118
110
113
121
119
102
105
109
114
101
101
107
109
101
105
101
118
101
110
101
112
103
106
109
106
106
103
101
118
103
106
103
113
116
106
106
116
111
101
101
101
102
101
101
111
116
101
101
101
108
104
101
101
101
101
101
101
103
101
108
112
101
105
112
101
102
101
124
101
101
101
118
101
117
101
113
101
101
110
101
107
101
101
106
101
107
110
101
105
103
104
107
113
111
101
110
101
101
106
101
101
101
101
102
101
104
101
101
101
101
103
109
108
101
101
101
101
101
101
101
101
101
101
101
101
101
101
101
101
101
101
101
101
101
102
103
101
101
101
101
101
106
106
101
101
101
101
101
102
101
101
101
