101
104
101
105
112
102
109
102
101
101
101
109
101
110
101
118
102
106
101
109
104
101
104
102
101
111
102
101
101
101
105
101
107
113
119
113
101
101
109
101
112
113
116
108
101
114
113
109
106
113
102
104
101
105
113
101
118
109
101
101
116
101
118
109
121
101
103
103
106
101
112
101
115
123
101
101
101
101
102
101
104
101
101
101
112
101
101
110
101
101
118
125
101
108
101
118
101
101
110
119
106
101
102
101
113
120
116
101
106
116
101
119
102
101
120
109
113
119
119
108
121
101
101
101
115
101
103
101
101
109
106
106
101
102
101
101
110
