103
106
112
101
101
102
123
103
108
101
101
101
101
101
107
109
101
102
101
103
101
101
103
101
101
101
102
101
103
101
101
101
101
116
119
119
101
101
115
101
106
101
113
113
119
113
101
101
110
103
106
101
109
101
115
116
101
101
106
103
116
102
107
111
118
101
120
106
101
101
113
105
121
113
102
101
101
104
101
103
101
101
101
101
113
101
108
101
104
119
103
101
103
112
101
118
113
116
106
119
106
109
107
109
122
113
109
101
101
101
111
119
109
109
116
109
119
106
106
101
101
110
119
101
106
119
106
113
113
129
119
108
105
107
101
101
103
106
101
107
101
101
101
101
101
101
101
111
101
101
101
101
101
101
101
108
101
105
101
102
101
103
106
113
109
101
101
101
101
101
101
101
112
109
