11
15
28
27
20
11
22
23
30
28
36
11
35
11
21
34
26
19
23
29
11
28
19
28
28
29
30
24
32
11
26
32
12
29
11
16
22
11
18
36
29
25
20
11
28
11
14
11
17
29
26
20
18
24
13
11
11
15
11
17
15
17
11
11
11
12
19
11
11
14
14
12
11
13
12
12
20
11
11
11
11
12
33
12
11
28
14
26
18
21
39
19
16
19
14
28
29
16
16
19
11
17
17
14
11
17
20
11
37
27
16
13
14
27
19
11
15
11
11
13
11
11
28
11
33
15
11
18
17
11
23
20
16
16
12
12
11
11
11
16
11
11
11
16
11
13
12
13
31
15
12
14
13
13
16
11
11
14
12
11
11
14
13
11
11
22
11
11
13
11
20
12
11
18
30
16
13
23
11
11
13
14
11
40
13
11
13
26
17
18
34
21
11
11
27
11
16
11
20
11
11
11
11
14
11
11
11
26
11
18
26
32
11
11
11
21
11
25
11
25
34
11
23
15
13
11
11
24
11
12
11
11
11
11
11
13
11
11
13
12
11
12
11
11
11
11
12
11
11
13
12
11
11
11
11
11
13
11
13
12
11
11
11
12
11
11
11
11
11
11
11
20
11
21
13
16
27
25
13
11
15
13
12
13
19
13
15
19
26
32
11
28
37
29
12
23
11
28
44
19
11
11
12
11
11
11
12
11
12
19
11
43
28
19
26
26
26
26
23
29
29
29
29
11
20
28
16
26
26
29
11
28
26
30
29
29
29
29
23
13
12
11
12
11
18
11
14
11
25
11
13
11
14
12
11
11
11
15
11
11
12
11
12
18
11
11
11
11
11
11
11
12
19
13
12
14
11
11
11
11
11
12
11
11
11
11
11
11
11
11
14
14
16
11
21
11
11
17
11
12
12
12
11
13
15
20
15
11
18
18
11
11
11
12
11
11
11
11
11
11
14
19
11
21
17
16
12
14
21
31
19
11
15
11
27
11
13
11
11
12
13
16
19
12
11
12
11
13
15
11
11
11
11
14
13
11
12
12
11
11
12
11
12
11
11
11
15
11
11
11
11
11
11
12
11
11
13
11
13
11
12
11
11
11
11
12
13
11
11
11
11
11
11
12
13
11
11
14
14
11
11
13
12
11
16
18
20
15
15
12
12
11
11
13
12
17
11
12
11
11
11
11
11
13
13
14
11
17
16
14
11
11
11
11
11
12
12
11
11
11
11
15
23
13
17
11
14
11
11
12
11
14
20
11
17
19
12
11
24
12
24
26
15
11
17
11
20
11
13
19
19
11
16
12
12
11
16
11
11
16
19
11
14
11
15
11
24
17
11
15
19
11
21
24
27
14
11
14
11
11
15
11
16
11
13
34
11
11
11
11
21
11
11
11
22
12
12
11
13
18
11
11
11
11
11
21
13
11
11
11
13
16
11
20
11
11
19
11
12
11
11
11
11
11
11
11
11
11
13
22
21
12
13
15
11
11
12
12
11
21
11
15
28
11
11
24
11
11
11
11
25
16
11
12
28
11
11
17
11
11
12
12
11
11
11
18
11
12
11
11
11
11
12
11
14
11
11
16
14
11
11
23
14
11
21
21
23
17
11
16
23
12
13
14
11
12
11
35
15
13
22
11
17
11
16
15
12
11
14
11
12
15
14
20
12
13
17
23
13
16
11
11
12
22
12
21
11
11
11
12
20
11
19
17
12
11
18
11
11
14
15
11
18
11
11
28
14
22
11
26
11
17
23
19
12
14
12
11
11
11
11
11
11
11
12
15
14
14
11
18
11
12
14
11
14
11
11
11
12
14
11
16
16
15
13
16
13
16
13
25
11
14
18
14
11
11
11
15
16
11
11
20
13
11
25
23
21
20
16
11
12
11
11
18
18
11
16
11
23
12
11
15
11
24
12
11
26
13
17
12
17
11
14
11
28
11
30
11
20
11
11
11
11
18
17
13
18
16
16
11
11
11
14
11
20
11
11
11
13
11
15
11
25
20
11
11
11
11
11
11
11
11
13
11
11
11
12
11
11
11
11
11
14
11
11
11
11
11
11
11
11
14
11
20
11
25
11
19
15
16
11
18
11
22
11
25
11
11
11
20
11
28
11
11
32
11
12
11
12
11
11
17
13
19
19
23
11
11
12
17
11
22
14
11
18
14
11
11
11
11
11
11
11
11
11
11
11
11
11
11
11
11
11
11
11
11
11
11
15
11
16
13
18
11
19
34
18
11
17
11
22
11
11
11
15
20
11
12
11
17
17
11
12
11
14
27
11
23
11
25
11
11
15
18
11
20
11
11
14
11
11
11
11
11
11
11
11
15
11
11
11
11
18
23
11
15
11
11
11
13
11
11
11
20
16
11
14
11
15
11
12
11
11
11
12
11
11
11
11
11
11
11
11
11
11
11
11
11
11
11
11
11
11
12
11
11
13
14
11
11
22
31
11
23
11
31
11
19
11
16
11
15
16
11
29
11
11
33
17
17
17
11
22
11
24
11
11
11
11
11
11
11
11
12
11
16
11
18
11
17
12
14
11
11
11
11
11
13
11
11
25
11
18
30
11
21
11
22
11
11
11
11
11
11
11
11
11
11
11
11
11
11
11
11
11
11
11
11
11
11
11
11
11
11
11
11
11
11
11
11
11
11
11
11
11
11
11
11
12
11
11
12
11
11
12
11
11
11
12
11
11
11
11
11
11
11
11
11
11
11
15
21
11
12
11
11
12
11
16
16
16
12
11
11
11
11
11
11
11
13
11
11
11
25
11
26
11
11
11
11
11
11
11
11
11
11
12
11
12
11
11
11
11
11
11
11
11
11
11
11
11
11
11
