102
104
101
106
101
105
101
101
101
102
114
101
104
101
118
101
109
114
106
104
109
101
102
101
102
109
101
112
118
101
105
104
106
119
106
103
101
101
101
106
106
101
107
101
101
101
101
106
103
106
101
102
112
101
106
116
104
101
101
105
103
101
103
119
109
119
113
106
111
102
102
101
101
101
101
101
101
101
101
102
101
101
101
103
103
101
101
113
113
103
116
106
101
101
112
101
110
101
103
109
105
104
101
101
108
102
104
102
101
108
101
105
104
101
108
101
103
101
106
101
101
101
101
101
104
101
101
101
101
101
101
101
101
101
101
105
101
102
101
101
108
