11
14
11
11
11
11
16
12
11
14
11
11
11
11
11
14
11
13
11
11
21
11
19
23
11
25
14
20
11
16
11
13
13
11
32
14
11
24
11
11
27
27
11
11
18
26
21
42
26
26
16
11
19
17
18
16
11
18
20
14
12
11
11
11
11
15
11
16
16
11
11
24
16
20
11
11
11
11
11
11
13
15
13
11
17
12
26
11
24
38
24
11
11
11
11
11
11
11
11
11
14
14
12
13
12
11
15
11
11
11
20
13
11
11
11
21
11
11
11
11
13
11
13
14
19
13
14
11
11
11
12
20
11
11
11
11
11
11
16
12
11
11
13
11
26
24
17
11
32
12
11
15
11
17
15
11
11
11
11
15
14
21
11
11
25
11
28
11
11
12
15
11
20
14
11
12
11
11
11
21
13
11
11
11
16
15
11
11
11
19
14
16
15
11
16
11
11
11
11
11
17
16
13
26
16
11
11
11
11
25
25
11
13
12
11
11
11
13
13
13
11
16
13
11
11
11
13
11
15
11
11
15
12
20
24
29
22
11
29
26
29
28
48
31
18
11
17
38
21
21
16
11
11
11
27
35
29
26
23
32
11
17
16
11
14
11
13
11
17
11
11
11
11
11
16
23
29
29
11
13
11
17
11
15
11
15
11
15
11
28
26
13
12
16
12
11
16
11
22
11
29
11
28
13
33
31
11
11
12
14
11
11
11
11
12
11
11
11
11
12
23
30
37
16
16
19
13
17
11
18
19
13
26
26
26
26
26
26
29
29
29
29
33
26
26
11
22
29
21
28
28
28
29
29
26
23
30
23
11
11
11
11
11
11
11
11
11
12
11
11
11
11
11
14
11
11
14
11
15
11
15
11
12
26
11
15
11
20
31
19
23
11
15
11
25
36
29
29
19
29
29
29
29
29
36
13
29
29
29
29
29
29
21
11
20
11
15
11
15
19
11
15
11
22
11
38
13
11
19
11
15
11
15
11
15
11
15
11
15
11
15
11
15
11
18
29
29
29
29
29
29
29
29
11
15
11
13
28
29
29
29
29
22
30
29
33
23
11
13
11
14
11
22
11
15
11
11
17
11
15
11
22
11
15
11
15
11
15
11
25
11
15
11
18
11
22
15
11
26
11
15
11
11
11
11
11
11
15
11
11
13
13
11
21
16
11
11
18
11
11
11
17
19
16
11
14
23
21
16
11
11
11
24
11
11
11
12
11
15
12
16
13
11
18
11
30
11
11
29
11
11
11
11
18
25
18
13
11
11
20
22
14
11
17
11
11
11
11
11
11
26
19
12
15
11
13
11
11
11
28
11
12
17
17
29
11
20
16
18
11
20
14
19
13
14
11
20
19
12
12
13
12
11
11
28
32
14
11
12
11
11
11
11
26
23
11
11
12
21
13
12
20
34
15
18
23
14
11
11
12
11
11
11
11
11
13
16
11
11
14
34
13
11
39
12
11
31
11
20
12
18
12
14
20
11
11
15
12
16
14
11
11
11
11
14
11
11
11
11
11
12
11
11
19
14
19
11
11
17
15
15
12
11
13
18
12
17
14
11
11
11
13
11
11
11
11
11
15
17
11
14
17
11
13
14
16
11
14
11
14
11
11
11
15
14
13
11
13
20
12
11
11
13
11
11
14
13
11
11
11
13
11
13
11
11
11
11
12
12
11
11
11
11
11
12
25
11
23
11
12
13
11
14
12
11
11
12
15
14
15
17
29
11
11
16
11
13
13
11
12
20
11
13
11
11
11
14
17
12
18
11
14
17
17
12
13
11
13
12
14
17
11
24
26
11
15
19
12
21
11
15
11
11
12
11
24
14
11
14
11
16
11
11
11
11
11
14
16
11
12
13
12
15
13
16
11
18
11
13
15
11
14
15
20
15
14
15
16
12
15
11
13
13
25
11
12
11
21
12
11
13
11
11
11
26
11
11
11
11
11
14
11
26
11
13
11
11
17
17
11
18
18
19
11
11
11
16
12
15
11
11
11
11
11
11
13
21
14
11
11
13
13
18
11
11
11
11
13
11
11
11
14
11
12
11
11
11
11
21
21
11
12
14
16
13
11
11
12
12
11
11
11
11
11
11
11
11
11
11
11
11
11
11
11
11
11
11
11
11
11
11
11
11
11
11
11
11
11
11
11
11
11
11
11
11
11
11
11
11
11
11
11
11
11
11
11
11
11
11
11
11
11
11
11
12
14
11
14
11
16
11
14
12
11
18
11
19
13
15
11
23
13
22
11
11
11
15
11
16
16
11
17
22
11
16
11
11
12
11
13
11
11
11
11
11
11
11
11
11
11
11
11
11
11
11
11
12
11
12
11
11
11
11
11
11
11
11
11
11
11
11
11
11
27
11
20
11
11
11
18
11
11
11
11
11
11
11
12
11
22
11
11
11
11
12
12
13
15
11
11
11
11
11
12
11
11
11
11
11
11
11
11
11
11
11
11
11
11
11
11
11
11
11
11
11
11
11
11
11
12
11
11
11
11
11
11
12
11
11
11
11
11
11
11
11
11
11
11
11
18
11
18
11
15
11
15
11
15
11
15
11
18
11
15
11
15
11
15
11
14
11
11
13
12
15
12
11
11
12
11
11
11
11
11
11
11
11
11
11
11
11
11
11
11
11
11
11
11
11
11
12
13
13
12
11
11
15
17
12
18
14
14
11
11
16
13
12
11
11
11
11
11
11
11
11
11
11
12
13
11
11
11
16
19
19
11
26
11
11
11
11
11
11
11
11
11
11
11
11
11
11
11
11
11
11
11
11
11
11
11
11
13
11
11
11
11
11
11
11
11
11
11
11
11
11
