11
11
12
11
11
11
18
19
19
11
11
14
11
25
11
27
11
11
28
11
11
11
19
21
11
21
12
15
11
11
24
11
26
11
23
11
11
11
11
11
13
14
16
14
11
11
11
11
11
11
12
12
16
11
11
11
12
11
17
12
20
11
15
19
11
17
13
17
16
11
11
14
11
11
11
11
11
11
11
11
11
11
11
11
11
11
13
11
11
11
11
11
11
11
11
11
11
11
11
11
11
11
11
11
11
11
11
11
11
11
11
11
11
11
11
11
11
11
11
11
11
11
11
11
11
11
11
11
11
11
11
11
11
11
11
11
11
11
11
12
11
16
22
16
11
16
11
15
11
11
11
16
17
15
13
11
11
14
11
15
23
29
29
29
33
16
11
15
11
15
29
29
29
29
11
15
11
15
11
15
11
15
14
11
21
11
15
11
22
29
29
29
29
29
20
26
29
26
29
29
33
26
31
28
33
26
30
11
13
11
16
13
11
12
11
11
11
12
11
18
13
11
18
11
32
11
12
11
16
15
12
25
11
33
28
28
11
43
16
27
19
30
17
11
11
11
22
29
29
29
23
11
18
11
16
11
15
11
14
24
19
11
18
11
15
23
11
18
17
17
11
23
11
15
11
11
24
11
11
21
11
22
23
11
18
11
15
11
32
11
11
21
11
22
11
22
11
18
11
21
11
16
11
11
17
11
25
11
11
14
13
11
22
11
27
11
19
11
15
11
17
11
17
22
23
11
14
11
17
11
21
11
11
11
14
28
29
29
13
33
11
18
11
35
29
26
26
25
11
16
16
11
13
18
11
15
11
12
29
29
13
29
29
11
24
25
28
23
11
22
22
29
33
11
18
23
26
13
29
13
30
30
29
33
11
32
11
24
14
25
31
29
13
30
13
29
19
28
30
31
24
37
11
20
31
29
29
11
22
24
28
11
32
26
11
18
17
11
17
13
11
12
11
13
11
11
12
18
11
14
13
13
15
27
11
29
29
29
28
29
20
19
18
29
28
27
11
28
23
11
15
18
12
11
11
11
11
11
11
11
11
11
11
11
11
17
14
11
11
12
11
21
11
17
13
11
24
13
11
11
19
11
12
15
15
11
24
18
11
15
11
11
11
11
11
11
11
11
11
11
11
26
14
12
20
22
13
11
19
11
24
11
25
11
11
12
11
12
11
11
11
11
11
11
14
13
25
12
12
11
13
11
11
11
11
12
11
13
13
12
11
11
11
18
19
19
28
19
17
11
16
11
11
13
11
24
26
14
11
22
16
13
19
16
11
24
11
26
19
19
32
15
11
14
11
11
12
13
11
11
11
11
11
11
11
11
11
11
11
11
14
11
11
11
18
12
13
11
11
35
11
20
11
27
11
17
11
11
13
11
12
15
11
11
11
18
11
11
14
12
12
11
11
11
19
12
11
21
11
30
29
33
11
15
11
12
11
11
11
17
11
11
11
32
17
11
29
11
15
15
30
13
22
11
11
11
17
11
11
12
15
11
18
20
13
12
12
18
11
15
11
25
11
11
30
29
26
13
15
11
11
11
24
11
11
11
13
11
11
18
17
24
13
18
11
11
33
11
11
11
11
25
11
12
14
11
14
11
16
11
24
14
13
18
11
13
11
15
17
11
12
11
23
11
12
24
14
12
14
16
11
22
11
21
31
19
30
17
11
12
11
21
12
11
11
14
11
11
17
16
15
16
11
13
11
15
23
24
11
17
15
11
27
17
11
24
13
23
18
12
21
11
13
25
13
11
12
28
19
26
30
16
11
11
16
11
13
13
11
11
18
19
11
15
11
19
15
11
11
11
12
11
11
22
11
11
14
11
11
11
15
19
11
11
15
11
11
11
15
18
24
13
15
12
11
11
17
28
11
11
11
15
13
11
15
15
11
11
11
18
11
17
17
11
11
17
23
11
13
14
11
11
11
13
11
11
16
12
12
18
11
17
19
19
11
11
15
19
18
15
12
16
11
11
11
11
19
19
11
11
13
11
13
24
11
11
11
18
23
11
13
24
11
31
11
21
11
20
11
27
14
22
11
30
14
11
25
17
11
13
15
33
29
19
11
12
11
11
12
15
11
11
11
11
13
12
15
13
17
11
18
19
16
12
11
11
11
11
11
11
11
11
11
11
11
11
11
11
11
11
11
11
11
11
11
11
11
11
11
11
11
11
11
11
11
11
11
11
13
11
11
11
16
20
11
18
11
11
11
11
11
11
11
11
11
15
11
11
19
19
18
11
11
11
11
11
11
11
11
16
11
11
11
17
20
16
11
11
11
11
11
11
11
11
11
18
18
11
11
11
11
11
11
11
11
11
11
11
11
11
11
11
11
11
11
11
11
11
11
11
11
11
11
11
11
11
11
11
11
11
11
11
11
11
11
11
11
11
11
11
11
11
11
14
11
11
11
11
11
11
11
11
11
11
11
11
11
11
11
11
11
11
11
13
11
11
11
11
11
13
13
11
11
11
11
13
17
13
13
12
12
15
11
11
11
11
11
11
13
11
11
11
11
11
11
11
11
11
11
11
11
11
11
11
11
11
11
11
11
13
13
12
11
11
13
12
19
11
11
11
28
11
15
11
15
11
15
11
15
11
15
11
15
11
15
11
15
11
12
11
15
11
11
11
11
11
11
11
11
11
11
11
11
11
11
11
11
11
11
11
11
13
11
11
11
11
11
11
11
11
12
11
11
11
11
11
11
11
11
11
11
11
11
11
11
11
11
11
11
11
11
11
11
11
11
11
11
11
11
11
11
11
13
12
12
11
11
11
11
11
11
11
11
11
11
22
