107
103
101
101
101
101
101
123
103
109
101
101
109
109
101
101
122
101
108
101
101
101
106
101
105
101
105
102
102
101
113
122
101
119
103
103
101
103
106
106
101
101
101
112
101
104
104
101
101
101
104
111
106
112
101
101
102
101
102
105
104
101
101
101
101
104
102
101
101
115
116
105
114
101
102
103
111
120
106
113
116
110
101
113
107
113
106
101
105
104
101
110
106
101
103
108
101
103
101
105
103
101
104
104
101
106
108
101
101
109
103
101
101
103
104
112
109
104
109
105
101
108
101
106
106
101
106
108
101
106
101
114
101
109
101
101
108
108
106
109
101
101
101
102
104
101
101
101
104
101
114
101
101
101
101
101
101
104
102
101
108
106
101
101
104
106
101
101
101
101
101
101
101
109
101
