11
11
14
17
11
11
15
13
11
11
13
11
11
13
18
13
14
12
15
11
11
14
15
11
12
15
11
11
14
11
11
17
11
15
17
12
19
16
11
15
11
18
22
11
12
11
14
11
31
11
11
28
43
16
17
11
12
23
11
31
16
16
20
21
23
16
11
12
16
15
11
11
11
11
11
11
11
14
15
14
28
19
13
11
13
19
14
11
11
20
11
20
11
11
12
14
11
11
15
11
11
11
11
22
11
19
18
11
15
29
17
11
20
28
19
14
11
43
11
26
20
28
25
36
31
18
13
12
11
35
14
21
14
13
13
29
27
16
23
11
16
11
33
11
11
33
11
23
15
17
11
25
11
11
11
16
11
11
11
16
27
11
34
20
16
11
32
35
11
31
30
27
16
27
22
36
27
11
11
31
34
11
26
11
27
30
11
29
38
14
17
29
15
19
28
30
11
26
19
42
14
11
18
11
11
11
11
14
11
22
11
24
11
26
16
12
11
13
11
24
17
18
11
29
11
20
37
11
24
29
17
11
27
11
22
11
11
11
11
11
11
11
11
11
11
11
11
11
11
29
11
11
11
11
27
19
15
11
23
11
24
17
11
16
30
30
28
24
11
25
11
29
17
11
24
25
19
16
13
43
16
16
29
30
11
38
16
15
16
19
11
14
20
11
18
13
23
11
28
33
34
13
28
11
11
11
19
11
19
11
25
11
25
11
25
13
17
16
27
11
25
11
25
11
13
11
20
36
11
12
12
14
11
22
14
11
27
11
24
11
28
11
22
11
16
11
14
11
29
11
11
27
16
23
29
19
13
30
26
11
11
11
17
11
11
20
11
22
11
15
12
16
11
18
11
11
15
11
24
11
11
11
21
11
24
11
19
25
15
11
11
15
11
23
11
45
19
35
17
17
11
26
11
25
11
20
11
11
26
28
34
11
21
11
29
11
15
27
28
19
20
11
25
11
12
15
15
11
31
15
17
31
11
17
11
11
11
28
11
26
11
16
24
11
11
19
11
17
13
18
25
11
25
11
19
11
11
17
13
11
27
11
17
42
11
25
17
11
12
17
12
11
13
11
11
11
13
19
17
18
13
14
13
11
19
17
23
23
11
11
11
30
11
24
33
20
19
16
36
29
11
30
11
25
11
22
11
28
11
19
22
11
16
21
11
27
11
25
20
12
14
11
11
19
11
17
11
16
30
11
48
36
19
33
11
22
19
11
16
15
16
11
11
28
26
27
26
30
13
11
26
11
20
11
21
23
11
11
33
11
15
24
11
18
21
16
20
11
26
22
36
13
12
14
11
23
11
11
11
11
11
11
14
14
11
12
11
11
11
12
11
11
11
11
12
11
12
11
11
18
11
11
14
11
11
15
13
11
11
11
13
12
12
11
11
11
11
12
17
30
29
29
11
21
33
33
33
14
39
20
28
25
11
24
13
16
17
15
14
26
12
26
23
26
19
11
21
11
11
14
13
11
11
17
15
11
13
11
16
11
11
11
11
12
12
13
11
11
12
11
11
43
11
16
32
29
33
12
12
18
16
23
11
28
11
17
11
11
16
11
11
33
16
19
33
11
27
19
11
20
11
11
11
13
22
15
22
11
11
16
11
21
11
25
11
24
16
16
12
27
12
16
11
29
17
18
11
23
19
11
14
11
11
28
27
19
11
19
24
11
12
11
19
11
25
11
12
11
20
15
11
24
11
11
11
11
28
18
11
24
11
25
18
15
11
25
11
24
11
12
12
11
24
11
25
11
11
11
19
18
11
23
11
12
11
20
12
15
18
26
11
11
11
20
11
11
13
11
11
13
11
11
13
11
14
22
14
28
11
16
25
14
21
14
11
14
11
13
23
16
11
11
11
22
11
26
11
23
11
26
11
25
11
19
11
14
11
15
13
11
11
26
11
24
11
26
11
24
11
24
11
22
11
11
11
21
11
14
27
11
26
11
21
11
26
11
25
17
11
13
11
20
11
11
13
11
11
11
11
11
11
11
11
13
11
12
11
11
11
11
11
11
11
11
11
11
11
11
11
11
12
16
25
11
20
13
17
11
24
11
13
11
13
11
11
11
13
11
25
12
11
18
13
11
19
13
11
23
11
14
19
11
28
17
11
23
11
11
11
11
11
11
11
11
11
11
11
15
11
11
13
11
15
11
15
11
15
11
15
11
12
11
15
11
12
17
11
12
11
11
11
19
11
15
11
22
11
15
11
11
11
11
11
11
11
11
11
17
11
15
11
15
11
15
11
11
11
11
11
11
11
11
11
11
11
11
11
11
11
17
11
15
11
15
11
15
11
11
11
11
11
11
11
11
11
17
11
15
11
15
11
15
11
15
11
15
11
19
11
25
13
11
15
11
11
11
11
11
11
11
11
11
11
11
18
11
15
11
22
11
11
11
11
11
11
11
11
11
11
11
11
11
11
11
11
11
12
11
12
11
26
11
11
11
11
11
11
11
11
11
11
11
19
11
17
11
11
14
11
25
11
11
14
11
15
11
11
11
11
11
11
11
11
21
11
15
11
15
11
15
11
11
11
11
11
11
11
11
11
11
11
11
11
11
11
17
11
15
11
15
11
15
11
11
11
11
11
11
11
11
11
11
11
11
11
11
11
17
11
