17
16
11
20
19
12
16
20
19
19
19
15
12
15
12
20
19
28
26
11
19
11
11
11
11
26
11
28
19
17
29
11
15
19
11
15
19
24
28
29
27
11
17
11
18
11
12
13
39
13
29
11
22
29
23
26
29
26
29
24
32
26
29
22
30
39
29
27
29
26
26
26
33
29
26
36
26
26
33
19
26
11
22
19
29
29
29
22
29
27
23
35
20
11
11
11
11
13
13
11
16
18
21
12
12
11
41
26
11
11
18
32
12
11
14
16
12
14
13
17
18
11
20
21
11
20
11
11
11
11
11
13
11
14
14
11
11
11
15
14
19
11
11
11
11
13
11
11
11
11
11
11
11
13
11
11
11
13
12
16
11
11
13
11
11
11
13
13
11
13
11
11
15
11
20
14
12
12
13
12
11
11
16
11
12
11
11
11
11
11
13
11
11
12
12
11
11
11
14
12
11
11
11
12
13
11
11
13
11
13
11
11
11
12
11
11
11
11
11
11
11
11
13
12
18
14
22
12
13
21
11
11
11
11
17
13
11
12
12
12
11
11
11
16
12
11
15
11
14
14
11
11
11
12
11
23
14
17
15
11
11
17
16
11
15
13
13
12
15
11
11
11
11
24
11
11
12
11
13
16
11
11
30
15
13
11
23
12
11
11
11
11
12
11
11
11
11
11
11
11
14
11
11
12
15
11
11
11
11
11
11
12
11
15
11
11
12
11
11
11
18
16
11
11
24
13
11
11
12
11
11
11
11
11
11
11
11
11
11
11
13
11
11
11
13
11
12
11
11
11
17
12
11
11
11
14
12
11
11
12
11
11
11
11
11
13
12
11
11
11
11
11
15
12
11
15
12
11
11
11
11
11
11
12
11
13
15
11
13
13
11
13
11
15
11
11
13
11
31
14
16
11
15
11
15
11
13
11
11
11
18
11
15
36
11
32
11
15
11
15
13
24
32
29
33
26
29
29
29
29
28
22
18
11
28
29
29
29
29
22
15
20
18
11
11
14
12
14
15
22
21
24
11
15
11
15
11
15
11
15
11
15
11
15
11
15
11
15
11
15
11
42
29
29
29
29
29
29
29
26
13
11
11
11
11
23
29
29
29
29
33
29
33
27
23
11
11
11
18
12
16
12
17
11
14
11
14
11
11
11
15
13
11
11
13
15
11
11
22
11
18
11
22
11
11
11
16
11
18
11
29
11
18
11
28
29
31
11
17
28
11
20
28
41
29
11
15
11
18
12
14
11
21
11
19
16
17
12
11
15
18
11
25
11
16
30
29
19
26
29
27
18
13
11
13
21
11
32
33
36
11
15
11
22
19
11
15
11
15
11
18
11
19
46
36
11
22
11
25
11
18
11
26
11
14
23
11
15
11
15
26
13
21
22
11
18
11
12
11
18
11
19
11
11
13
11
12
18
12
15
11
12
11
27
29
11
11
15
13
26
11
18
11
11
28
11
14
11
28
11
24
34
25
17
11
17
13
11
11
12
16
20
13
11
11
18
15
16
11
34
11
22
22
20
11
14
22
11
14
18
29
17
11
13
21
12
22
13
14
11
11
13
12
11
11
11
11
11
11
11
13
11
11
11
13
11
11
11
11
11
11
11
11
11
11
11
11
11
11
11
11
11
11
11
11
11
11
11
11
12
16
19
11
31
15
11
27
13
11
22
21
14
18
17
14
11
19
12
32
14
15
11
23
15
18
11
16
11
11
11
11
24
29
16
11
15
17
11
20
11
11
16
15
39
28
12
11
11
11
13
17
11
20
13
11
12
24
11
13
11
11
11
11
12
16
13
15
12
14
21
12
14
11
12
15
12
13
16
13
12
11
11
11
14
11
16
16
11
11
14
11
18
11
11
14
11
13
13
12
12
11
11
13
11
14
13
11
13
23
18
11
14
