12
19
17
20
16
11
11
11
18
19
19
19
19
11
17
11
17
19
19
11
17
19
19
19
18
19
11
11
16
19
20
19
19
19
29
24
15
20
18
19
19
13
15
14
13
29
29
19
19
14
14
19
19
19
17
11
11
18
19
28
28
27
29
28
27
29
23
16
27
28
29
18
36
19
11
38
19
28
38
39
36
11
11
27
11
11
28
26
12
19
18
27
22
29
29
12
14
11
18
11
15
19
11
22
23
11
28
23
11
22
19
11
28
33
29
29
29
29
26
29
26
27
11
11
23
11
14
17
11
11
11
17
22
11
15
11
11
11
19
16
38
11
25
27
15
11
20
19
11
29
11
31
29
19
29
29
28
11
19
28
11
11
16
19
16
11
11
17
11
11
17
19
19
19
19
11
16
11
19
11
18
19
19
20
19
20
13
15
19
19
17
29
28
28
29
29
28
19
28
37
28
17
12
28
23
17
11
24
19
25
11
11
29
37
19
28
19
38
28
38
36
11
18
11
38
20
12
12
17
11
17
13
18
11
12
11
11
16
13
11
37
17
11
18
11
28
28
27
29
29
29
26
31
11
26
29
11
11
11
11
15
11
11
11
12
11
13
11
11
12
14
11
11
11
13
11
13
11
27
11
23
13
11
23
13
19
11
15
11
11
11
11
11
13
19
12
16
16
11
39
11
28
12
12
11
14
11
24
12
25
19
34
11
27
11
12
11
11
11
12
12
15
12
11
11
11
12
13
11
17
11
15
12
11
11
11
13
11
11
12
15
22
11
16
12
13
11
11
11
11
12
16
17
11
34
13
14
16
19
13
27
30
20
15
11
30
11
11
11
11
15
11
11
13
13
11
14
12
11
15
12
12
11
11
11
17
11
11
11
11
11
11
11
11
11
11
11
11
13
11
12
12
11
14
14
12
13
29
19
28
29
29
27
30
18
17
20
11
16
29
28
28
29
19
19
19
19
24
11
11
34
11
11
32
12
20
13
12
13
12
17
16
28
30
16
16
15
12
11
11
13
11
13
11
12
17
11
11
19
11
27
34
11
11
38
18
11
27
19
28
29
27
29
28
27
11
17
11
11
24
11
11
17
11
11
15
29
11
27
11
14
11
11
16
11
12
18
14
22
16
11
12
37
31
16
19
17
39
20
15
11
21
11
27
11
11
21
29
28
19
22
11
19
13
13
11
14
16
11
14
14
12
30
20
11
23
13
11
13
14
12
11
11
11
14
11
11
11
11
11
11
11
11
17
11
11
13
11
11
12
15
11
11
16
11
12
11
11
12
12
14
12
23
11
12
11
11
11
11
11
11
14
23
29
29
11
15
11
13
11
14
11
18
13
20
23
11
12
18
11
23
11
11
19
11
24
16
11
11
17
11
11
14
18
11
22
21
18
19
12
12
13
11
22
11
11
17
17
29
29
23
11
12
11
15
11
22
11
11
17
29
44
11
20
12
22
13
21
16
11
12
15
11
12
23
21
13
14
29
29
11
15
11
15
11
12
41
21
29
29
27
12
12
19
11
11
31
16
11
11
13
11
23
11
13
11
12
12
13
11
24
19
19
11
14
22
11
12
12
18
18
11
12
16
11
19
12
24
11
25
11
29
31
11
25
21
32
12
11
25
11
31
11
11
28
11
25
18
13
16
