103
109
116
104
118
112
101
105
110
114
118
101
103
101
101
101
101
112
109
106
101
112
103
107
104
101
101
102
112
103
116
102
101
109
101
111
101
101
101
103
101
101
110
101
101
101
101
101
102
101
101
105
119
101
116
113
101
104
106
103
104
103
101
101
101
102
102
101
104
101
101
105
102
101
101
101
101
101
102
103
101
101
102
106
111
101
103
101
106
103
104
104
101
120
101
106
117
101
101
101
101
101
105
107
101
103
112
103
101
102
101
106
101
106
112
101
101
102
105
101
102
119
103
101
108
101
105
111
101
102
101
102
101
101
101
101
102
101
106
101
101
101
101
101
101
101
101
103
105
101
101
101
101
101
101
118
108
101
101
104
101
102
101
101
101
101
101
101
101
103
101
101
101
101
101
101
101
