11
14
13
17
13
18
11
30
11
11
22
14
11
18
11
11
13
18
11
19
11
19
11
24
21
14
22
12
11
24
11
36
30
19
11
11
11
13
11
32
33
29
29
11
11
11
18
11
16
42
25
28
33
29
29
19
29
26
29
24
32
26
29
46
29
33
36
29
26
26
26
24
30
34
11
25
26
26
25
27
26
26
13
11
14
11
11
13
12
14
12
11
12
15
11
13
11
11
14
11
13
11
28
33
13
29
26
36
22
14
14
12
12
18
11
12
23
11
14
13
11
11
11
16
14
12
11
11
14
11
11
18
11
22
11
27
11
11
23
11
11
11
12
11
11
11
11
11
11
20
11
11
11
14
11
11
11
11
11
15
11
11
11
11
11
11
11
13
11
11
11
11
11
16
11
12
11
11
27
11
15
27
11
11
13
12
13
11
11
11
12
11
15
14
11
27
28
11
23
22
11
11
17
11
11
28
11
11
15
11
20
38
16
11
28
15
12
11
25
11
23
18
11
23
39
23
29
27
11
21
29
38
19
14
27
19
11
18
11
18
11
15
13
13
27
17
13
11
11
13
12
11
11
11
11
13
12
12
12
11
14
17
11
11
12
11
11
13
17
11
28
13
19
16
19
18
14
11
27
11
21
12
28
11
28
14
11
29
14
21
36
11
32
29
11
13
11
28
16
11
28
19
29
29
11
32
11
11
17
11
22
19
29
26
26
26
19
11
11
21
16
11
15
11
15
29
29
33
28
11
11
11
15
16
11
12
33
29
30
29
29
11
35
29
11
22
33
36
21
28
19
29
26
13
13
29
29
26
29
24
28
26
30
11
32
16
29
29
13
26
29
29
11
28
29
29
29
29
29
11
19
32
29
29
29
23
11
22
11
18
11
28
33
28
11
39
11
23
11
28
11
20
11
21
11
15
19
26
16
16
16
33
11
20
35
25
11
36
30
19
28
23
32
16
33
11
28
13
29
16
12
25
12
13
33
11
28
11
25
31
11
16
14
11
15
11
13
32
29
23
29
13
33
11
28
11
22
11
22
11
22
11
11
24
29
26
11
11
27
29
22
11
23
36
29
26
16
29
11
25
26
36
29
26
22
11
20
29
11
15
11
15
11
15
11
22
11
25
33
16
39
29
19
36
30
29
23
11
11
17
23
11
15
11
12
33
11
18
11
15
23
11
13
11
27
11
11
14
15
16
11
22
26
26
22
11
25
11
16
21
11
23
11
20
11
11
11
11
24
15
11
23
11
13
11
12
11
20
11
24
34
26
29
29
29
29
29
13
33
11
18
39
29
11
11
27
29
11
25
11
28
11
18
23
11
13
22
11
15
11
12
31
11
14
15
11
15
11
11
11
14
28
29
33
11
32
11
18
11
11
11
11
32
33
11
13
11
18
11
21
19
22
11
33
23
26
23
11
11
24
11
14
18
11
32
11
23
20
14
11
15
11
27
11
33
14
25
35
11
16
11
25
33
12
30
16
16
16
11
32
16
11
24
11
16
19
13
12
16
11
17
12
18
13
11
12
14
11
14
16
13
11
20
11
32
11
12
27
25
11
11
15
17
15
13
19
11
11
11
12
13
11
17
11
