11
11
15
11
11
11
13
17
11
12
13
15
11
11
21
16
11
12
12
11
11
11
11
11
11
13
11
12
11
12
11
16
11
11
12
11
12
11
12
11
11
14
11
12
12
11
11
15
11
14
11
11
20
11
21
31
11
18
26
26
27
29
20
11
11
11
12
11
18
18
14
11
18
13
11
14
11
28
11
15
12
13
16
16
11
16
11
26
11
17
11
12
11
22
11
16
11
15
11
22
40
22
30
16
11
28
11
25
15
11
26
11
11
27
18
11
13
12
17
11
12
11
12
20
12
15
12
16
15
11
12
13
11
24
12
11
16
36
11
23
29
29
29
31
20
11
16
11
22
29
29
29
23
11
15
11
15
11
15
11
11
11
12
11
15
11
18
11
15
29
29
29
29
28
27
29
29
16
29
29
33
26
11
28
23
29
26
23
11
15
18
11
20
12
11
19
11
12
12
11
11
14
13
16
14
22
32
26
29
29
29
29
29
29
29
29
13
29
19
27
29
29
29
29
11
15
11
18
11
15
11
15
11
12
11
11
11
16
11
15
11
12
11
18
11
12
17
22
11
22
11
11
14
11
11
14
16
11
15
11
17
11
20
11
15
11
23
11
11
13
16
11
15
11
42
11
21
11
21
13
11
27
11
13
11
30
11
11
11
11
11
16
11
21
16
11
11
20
11
23
11
18
28
20
13
25
33
11
22
16
11
11
11
29
11
11
11
17
33
21
11
16
11
18
26
26
26
11
16
13
22
12
36
23
11
32
11
11
21
19
11
26
26
13
13
24
30
25
23
27
23
15
30
23
33
11
26
32
29
30
29
13
29
24
28
13
14
25
33
23
26
36
24
25
11
28
24
25
33
33
25
34
29
11
22
27
12
13
23
18
31
11
26
25
26
11
15
11
28
19
33
11
32
11
11
24
13
19
11
12
11
25
25
11
19
11
30
29
22
26
52
22
22
24
13
36
26
11
15
21
27
30
26
19
24
32
30
22
30
31
28
11
29
11
25
16
33
11
25
29
11
14
19
11
18
11
22
29
23
23
32
29
38
11
13
17
13
13
12
11
11
11
12
11
13
11
14
11
13
11
14
12
11
11
12
11
16
19
29
39
11
15
11
15
11
12
24
11
31
26
29
13
21
23
29
27
19
19
19
11
17
11
11
22
26
29
29
29
23
11
15
11
15
11
25
29
29
29
11
15
11
15
11
18
19
15
17
11
27
11
11
21
29
33
11
28
11
15
29
29
30
29
29
29
11
15
11
15
11
15
29
27
29
39
19
33
19
11
17
11
16
23
19
11
25
33
11
25
29
22
16
11
22
23
11
26
15
11
18
19
11
18
11
11
11
20
16
11
19
13
28
11
15
11
13
11
14
11
15
23
11
11
11
30
26
11
22
11
11
17
11
13
22
20
33
11
25
11
15
11
15
11
18
20
11
18
16
29
13
11
28
11
28
29
29
29
33
14
13
11
16
11
21
16
12
23
32
26
11
33
32
28
20
29
11
20
33
11
24
11
23
11
12
11
11
17
23
19
29
26
11
17
11
12
11
11
11
13
11
12
27
11
21
39
29
29
11
11
24
24
30
28
29
29
29
29
29
27
11
17
11
11
11
30
15
13
22
11
26
15
11
24
11
15
19
11
11
16
19
29
34
11
27
11
19
19
11
14
11
11
11
20
16
29
23
29
11
21
23
15
11
16
29
13
29
19
29
18
11
23
19
11
24
11
31
22
29
16
29
33
11
15
11
14
11
11
11
14
11
20
22
11
15
11
15
11
11
27
11
15
11
15
11
15
23
11
15
11
15
11
18
11
11
11
11
11
11
11
11
11
11
11
11
11
11
11
11
11
11
11
11
11
11
11
11
11
11
11
11
11
11
11
11
11
11
11
11
11
11
11
11
11
11
11
11
11
11
11
11
11
11
11
11
11
11
11
11
11
11
11
11
11
11
11
11
11
11
11
11
11
11
11
11
11
11
11
11
11
11
11
11
11
11
11
11
11
11
13
11
14
11
15
11
15
11
11
11
11
11
11
11
11
21
11
15
11
15
11
15
11
13
11
14
11
15
11
11
11
11
11
11
11
11
11
17
11
15
11
22
11
18
19
11
21
11
22
11
15
11
15
11
15
11
15
11
32
11
18
11
15
11
11
11
13
11
11
11
11
11
11
11
11
11
11
22
11
15
23
11
12
11
15
11
15
11
15
11
15
11
15
11
15
11
11
11
11
11
11
11
11
11
17
11
11
31
11
22
11
11
11
11
11
11
11
11
11
14
11
15
11
15
11
22
11
15
11
15
11
15
23
23
11
11
14
11
15
11
15
11
15
11
22
11
15
11
18
12
11
11
11
11
11
11
11
11
11
11
11
13
23
11
18
11
11
11
13
11
15
11
15
11
15
23
23
11
11
24
11
11
21
11
11
11
13
11
15
11
15
11
14
11
26
11
13
11
14
11
15
23
11
11
11
11
