13
12
11
13
12
13
21
12
11
11
11
16
12
11
11
16
18
12
13
11
12
15
12
11
13
11
11
15
11
12
11
28
17
11
27
11
25
28
40
29
13
29
30
29
29
29
17
11
11
11
16
19
19
19
19
19
18
28
29
28
28
29
27
29
28
11
26
29
24
11
31
30
36
36
11
11
37
39
36
11
11
30
28
35
11
11
28
29
19
15
13
19
12
16
19
25
27
30
11
18
19
19
19
20
22
16
29
20
11
17
19
19
19
11
11
11
23
11
19
28
29
29
28
24
11
12
28
20
28
27
29
29
24
36
23
11
15
19
11
13
19
17
14
11
13
12
16
11
18
19
18
14
13
12
16
19
23
26
28
11
20
15
20
19
19
19
11
15
11
19
19
18
19
11
27
26
11
12
19
19
19
18
20
20
11
17
19
19
28
29
26
11
27
11
19
23
24
19
19
19
24
32
27
29
28
19
19
28
37
11
35
11
21
27
13
23
12
37
36
11
11
29
37
31
15
13
13
11
11
11
11
11
19
11
15
12
11
29
19
29
33
14
30
28
28
29
29
29
36
11
28
15
14
28
18
14
25
11
22
13
16
18
26
35
19
17
11
21
11
24
11
13
14
27
14
29
13
11
38
11
11
22
11
11
11
11
11
11
13
11
11
21
15
11
13
11
30
15
21
11
11
15
11
11
11
16
27
18
11
17
29
29
16
14
18
28
22
11
11
12
18
20
11
11
19
11
11
11
14
11
17
12
14
20
14
15
11
23
13
11
28
35
19
12
16
12
11
34
14
11
14
25
11
19
14
11
16
15
13
11
12
18
11
21
11
19
11
17
11
11
13
11
11
15
11
11
11
12
14
11
11
13
14
11
11
13
11
11
12
11
11
15
12
11
11
11
11
11
11
11
11
12
14
11
12
12
11
11
11
11
14
11
11
16
11
11
17
11
15
11
11
11
15
18
11
17
35
12
37
12
14
11
12
13
11
13
11
11
14
11
13
11
11
12
11
12
18
12
11
11
15
13
11
12
11
18
20
19
29
28
29
28
30
12
21
16
12
11
11
11
14
11
24
11
25
11
20
15
11
13
11
12
11
11
19
12
20
13
11
11
12
11
11
11
11
11
11
11
11
16
12
12
11
13
15
11
11
11
11
11
11
11
13
11
11
11
11
11
11
11
11
11
11
13
11
11
11
12
11
13
11
13
18
20
12
12
13
13
14
11
11
12
11
11
13
11
17
11
11
18
14
19
13
19
11
12
14
25
11
25
19
11
11
12
21
16
11
17
23
11
11
11
15
11
14
13
24
15
15
20
11
11
11
11
22
12
13
11
13
11
11
15
11
11
11
11
11
17
17
23
29
29
27
12
11
19
11
16
19
11
11
27
11
26
23
11
23
18
17
11
19
16
11
11
11
13
11
12
12
13
11
11
11
11
11
11
12
11
11
11
13
12
11
11
11
11
23
29
29
11
15
23
11
15
11
22
36
11
28
23
11
15
11
15
11
15
11
15
11
15
11
15
11
15
14
20
22
29
29
23
11
15
11
15
46
13
11
11
29
29
11
16
16
11
27
11
16
11
28
11
12
19
24
21
11
16
11
11
16
11
11
13
15
19
11
17
11
13
27
19
25
18
21
11
27
25
12
23
11
11
12
28
11
17
27
11
25
13
11
11
16
20
16
11
19
18
11
13
11
13
19
11
11
16
19
19
11
17
15
13
16
20
11
17
13
11
12
11
13
17
15
11
11
11
18
15
11
11
16
12
19
19
20
11
12
14
11
16
11
11
18
11
23
11
12
18
20
11
11
11
11
11
13
19
11
13
18
11
12
19
11
11
11
14
11
11
15
11
11
18
11
11
11
11
28
19
17
11
15
14
19
19
19
11
14
12
11
11
11
14
19
19
19
11
35
11
14
16
11
25
20
19
24
12
19
19
11
25
11
20
11
17
19
11
14
13
19
17
20
17
11
12
11
11
12
27
24
11
11
11
11
11
11
16
11
12
11
17
16
17
11
18
19
11
17
19
11
11
17
11
11
11
21
11
26
11
19
38
28
30
12
11
12
12
11
11
11
11
11
11
11
11
11
11
11
11
11
11
11
11
11
11
11
11
11
11
11
11
12
11
11
11
11
11
11
11
11
11
11
11
11
11
11
11
11
11
11
11
11
11
11
11
11
11
11
11
13
11
11
11
11
11
11
11
11
11
11
11
11
13
26
18
11
12
11
18
11
11
11
11
11
11
11
11
11
11
11
11
11
11
27
11
21
12
18
11
17
11
11
11
11
15
11
13
14
11
11
11
12
11
11
21
11
15
11
12
11
15
11
15
11
18
11
12
14
13
11
11
11
11
11
11
11
11
11
11
11
11
11
11
11
11
11
11
11
11
11
11
11
11
11
11
12
11
11
11
11
11
11
11
11
11
11
11
11
11
11
11
11
11
11
11
11
11
11
11
11
11
11
11
11
11
11
19
11
11
11
14
11
11
11
11
11
11
11
11
11
11
11
12
11
11
11
12
15
11
11
11
11
11
11
23
11
22
11
11
16
12
11
11
11
16
11
11
12
13
21
11
13
11
11
13
14
19
11
17
11
11
16
15
11
11
11
11
13
11
35
11
12
11
11
14
11
11
11
11
11
11
17
16
19
11
19
12
14
11
11
11
11
11
11
11
11
19
15
11
13
