101
104
106
102
101
103
101
102
101
103
109
103
109
115
101
101
102
101
101
101
111
101
118
109
105
101
101
119
101
101
101
102
107
118
119
101
115
105
101
101
101
109
101
115
109
103
101
114
105
106
103
101
101
111
108
109
105
101
110
110
112
106
103
109
116
101
110
113
103
106
103
123
101
104
122
123
101
101
114
116
101
101
101
117
103
119
101
115
113
101
108
108
101
120
101
101
109
101
110
115
106
101
101
101
118
126
109
101
101
106
119
101
111
116
113
116
103
129
101
102
116
119
106
103
119
101
113
101
102
101
104
106
105
101
101
101
101
105
110
