17
12
11
11
14
11
21
11
11
12
11
11
14
11
24
11
15
37
12
11
24
11
24
11
19
11
23
11
28
28
26
13
11
17
25
29
11
12
11
33
33
29
26
26
25
25
20
26
16
19
12
12
17
13
11
12
12
11
11
11
11
11
11
13
25
11
11
18
14
11
11
11
11
11
11
18
17
11
13
15
11
11
11
11
11
11
11
11
11
11
11
11
20
11
34
11
28
14
24
11
21
11
15
11
23
11
14
13
16
12
15
13
11
11
11
11
11
11
11
11
11
15
11
11
11
12
14
18
11
12
16
11
11
11
11
11
11
11
11
12
12
11
11
11
11
11
11
13
11
11
11
11
11
11
11
11
11
11
11
13
16
11
11
11
11
11
11
11
11
11
11
11
12
11
11
13
12
11
11
12
11
11
11
11
11
12
11
11
11
18
12
12
12
13
11
11
13
21
11
15
11
11
11
11
20
14
18
11
11
14
12
11
14
11
12
16
11
13
11
11
12
11
11
11
11
11
11
11
11
13
11
11
17
11
15
11
15
11
15
11
15
11
15
11
22
29
33
29
26
29
36
19
33
29
34
12
11
11
11
11
11
11
11
11
11
11
11
25
23
29
29
23
32
11
26
11
18
11
15
19
11
15
11
15
11
15
11
15
11
25
29
23
11
15
11
15
11
15
11
14
11
23
29
17
11
24
11
18
11
22
11
25
20
29
36
40
11
11
14
13
11
11
11
13
11
11
15
11
15
11
11
16
11
11
11
11
14
12
14
11
11
17
14
11
11
13
11
12
11
11
12
26
26
26
26
24
11
11
12
12
11
11
11
11
12
11
11
11
14
11
26
26
22
13
11
11
11
11
14
11
11
20
23
21
31
11
22
29
29
29
24
15
16
33
19
29
13
25
30
19
30
29
29
11
32
29
29
26
29
33
26
22
14
25
11
17
28
29
33
26
29
21
28
29
29
29
29
29
32
21
29
29
29
29
11
20
11
16
11
36
33
19
39
11
32
11
18
26
30
29
29
11
15
11
15
11
35
29
28
11
11
20
29
29
29
24
28
29
29
31
22
18
13
12
11
12
14
11
11
12
11
12
11
12
11
11
11
11
11
12
11
14
11
11
12
11
13
14
11
14
13
11
11
13
11
14
11
11
11
11
11
11
11
12
12
11
14
11
22
12
11
14
11
11
11
11
11
11
11
11
12
11
16
15
15
11
11
15
11
11
13
23
11
31
29
16
11
15
11
15
11
15
29
16
19
27
28
33
29
11
22
29
21
11
11
33
11
11
11
13
11
18
19
29
39
19
11
15
11
15
11
18
11
28
29
29
23
11
15
11
15
11
16
13
22
11
13
22
28
29
29
11
22
11
22
11
22
29
29
29
29
29
23
11
15
11
15
11
22
29
26
29
23
11
15
11
15
11
22
29
29
29
23
11
15
11
15
11
15
11
15
11
15
29
36
11
22
11
26
19
28
11
22
27
25
30
33
32
26
29
29
26
29
11
15
11
15
11
15
29
29
11
28
11
22
11
11
21
11
22
11
28
29
29
11
11
16
11
13
29
29
29
29
29
29
23
29
29
11
15
11
13
11
14
29
29
26
29
29
29
29
29
23
11
15
11
15
11
22
29
29
29
23
11
15
11
15
16
29
29
29
13
11
18
11
15
11
15
13
29
29
33
16
11
15
11
15
11
15
29
29
29
29
29
29
11
22
29
19
11
15
11
18
19
29
29
29
29
29
31
11
14
11
15
11
12
29
24
28
29
27
32
11
15
11
15
11
15
11
15
11
15
11
38
26
23
30
38
29
27
29
21
11
14
11
15
11
12
29
36
29
17
23
32
36
11
15
11
14
11
16
11
15
11
15
16
11
22
11
15
11
15
11
12
11
15
11
15
11
18
11
12
11
12
16
11
11
14
11
11
11
26
11
15
21
11
11
11
11
11
11
11
11
11
11
11
11
11
11
11
11
11
11
11
11
11
11
11
11
11
11
11
11
11
11
11
11
11
11
11
11
11
11
11
11
11
11
11
11
11
11
11
11
11
11
11
11
11
11
11
11
11
11
11
21
11
15
22
11
26
19
11
15
11
15
11
11
11
13
11
13
11
11
11
11
11
11
11
11
11
11
11
11
11
11
11
11
11
11
11
15
23
23
23
11
11
11
11
11
11
11
11
11
11
17
11
21
11
15
11
11
11
11
11
11
11
11
11
11
11
22
11
11
21
11
15
11
15
23
19
11
15
11
15
11
15
11
18
11
14
11
13
11
15
11
11
11
11
11
11
11
11
11
11
11
11
11
11
11
11
26
11
19
16
11
12
11
15
16
11
11
21
11
17
11
19
23
11
18
11
15
11
15
11
22
11
15
11
15
11
15
11
11
11
11
11
11
11
11
21
11
15
11
15
11
15
11
11
11
11
11
11
11
11
11
14
11
11
24
11
15
11
12
11
12
11
18
11
14
11
11
11
11
11
11
11
11
11
11
14
11
11
11
26
11
11
24
11
21
11
11
11
11
11
11
11
11
11
11
17
11
11
14
23
11
15
11
12
11
22
11
15
