12
16
24
12
11
12
11
11
11
11
14
12
13
15
11
15
11
12
14
13
14
11
18
11
11
11
12
18
11
11
12
11
11
11
28
19
11
18
18
11
11
26
18
12
11
18
11
11
35
24
11
11
31
11
11
11
24
11
11
11
11
11
11
11
11
19
11
12
11
13
12
11
15
11
11
11
26
27
19
11
18
18
11
20
11
11
15
11
14
15
11
11
12
11
12
20
16
28
21
30
11
16
11
28
18
11
11
13
12
11
15
11
11
11
11
19
11
11
11
16
11
34
11
20
11
26
17
11
26
11
24
14
11
14
29
19
11
11
11
14
13
11
14
11
11
11
19
11
18
11
11
23
24
28
27
18
19
11
31
11
23
11
17
18
11
26
11
12
28
19
11
29
11
38
13
26
35
21
13
11
27
11
24
12
16
11
13
20
24
11
37
28
11
27
30
11
29
23
13
35
11
28
13
20
11
18
11
15
11
14
11
16
11
15
11
15
29
29
11
22
29
26
29
19
19
33
29
19
28
11
15
12
11
11
12
16
18
20
29
14
29
29
23
16
16
16
26
11
15
11
11
11
13
11
15
11
15
11
15
11
28
29
24
12
12
11
13
16
11
13
11
14
13
29
29
19
11
11
17
11
22
11
15
11
22
29
29
13
13
19
33
11
11
17
19
11
13
11
17
11
15
11
15
11
11
21
23
14
17
12
13
14
11
14
29
19
33
36
26
26
26
26
26
29
29
29
22
11
26
29
26
26
26
29
29
26
29
29
29
11
28
29
11
13
11
11
11
13
14
11
11
11
11
11
11
11
11
12
16
11
12
13
12
11
11
11
11
11
12
11
12
15
11
11
11
11
11
12
11
11
15
12
11
20
11
24
13
11
22
29
39
29
29
29
29
29
16
34
28
29
29
29
29
29
11
14
11
15
11
15
11
11
11
13
11
22
11
15
17
20
11
14
11
11
25
11
12
13
11
11
13
13
11
13
11
11
11
14
11
11
11
11
12
11
11
13
12
11
11
13
11
11
11
11
11
11
11
11
11
11
11
12
11
18
11
12
12
13
11
11
11
12
11
11
11
11
11
11
11
13
13
12
11
12
11
11
13
12
11
11
13
20
14
18
11
11
11
11
12
11
15
11
12
11
11
11
11
11
15
15
11
11
13
17
11
11
14
11
11
11
11
16
15
14
13
11
11
11
11
11
12
19
11
23
29
13
19
13
13
29
29
29
19
29
23
11
18
11
18
11
18
11
28
11
22
11
18
11
15
11
15
11
15
21
11
24
29
26
29
29
11
15
11
15
11
15
19
11
18
11
32
16
23
11
22
11
11
11
13
11
15
11
21
23
11
42
21
11
11
22
11
15
11
11
17
11
22
11
18
11
12
11
15
11
15
11
32
29
11
11
14
11
18
26
11
15
11
11
11
12
11
12
13
11
11
11
11
11
11
11
11
11
11
11
11
11
12
11
12
11
11
24
34
11
11
23
26
11
28
26
11
27
17
11
11
11
11
11
11
11
11
11
11
11
11
11
12
11
11
11
11
24
27
12
28
24
11
11
14
13
17
28
11
12
12
11
23
11
19
27
11
11
15
13
16
11
19
14
15
11
12
12
13
14
18
25
17
11
11
15
23
11
11
15
14
17
11
13
12
16
11
11
11
12
11
11
12
11
11
14
11
11
11
12
13
12
11
11
11
11
11
11
11
11
12
13
13
12
11
12
11
11
11
11
11
11
11
12
12
11
17
16
16
15
13
11
11
11
11
11
11
11
11
11
14
11
13
17
13
11
11
11
13
11
11
11
11
19
18
11
13
23
12
16
13
12
16
15
13
11
15
11
13
16
13
14
14
18
20
11
11
13
11
11
11
11
11
11
11
11
11
11
12
12
14
11
14
21
11
12
11
16
12
12
12
14
11
14
11
11
13
15
13
11
17
14
14
11
12
11
11
11
11
11
11
11
11
11
11
11
11
11
24
11
11
21
11
11
23
13
18
11
11
11
13
11
11
11
11
11
11
11
11
11
11
11
11
11
11
11
11
11
11
11
11
11
11
11
11
12
11
11
14
16
11
23
11
12
11
12
12
17
11
11
11
11
11
11
12
11
11
14
11
11
11
12
14
11
11
11
11
11
11
11
11
11
11
11
11
11
11
13
14
11
18
11
17
11
13
18
18
11
22
