120
102
113
109
117
118
111
101
127
109
116
101
125
106
106
116
101
101
109
101
101
108
101
111
101
109
106
101
117
103
119
101
123
109
101
114
101
101
110
103
101
101
102
101
107
105
116
103
101
114
101
104
115
107
101
101
102
102
101
106
101
111
101
101
101
110
101
101
105
119
119
109
119
103
101
101
112
101
101
107
101
101
111
101
114
114
108
109
101
101
101
105
110
101
112
101
109
108
111
101
107
101
101
101
101
101
101
101
110
102
101
130
110
111
103
109
103
101
101
101
101
112
101
102
107
101
101
101
101
102
113
106
101
101
101
101
104
103
101
101
101
101
108
101
101
101
101
104
101
102
101
101
101
101
101
101
101
113
101
101
103
101
101
101
101
101
101
106
101
101
101
101
101
109
101
