11
11
11
11
11
11
11
13
12
11
12
14
11
11
14
11
11
11
11
12
11
11
11
11
11
11
11
11
11
12
11
13
11
13
12
16
38
19
11
20
16
16
11
15
21
13
11
11
11
11
11
11
11
11
11
20
11
20
11
11
17
11
12
12
11
14
11
17
11
11
11
14
11
25
25
15
24
13
11
15
19
20
12
19
16
11
11
17
16
11
11
11
11
11
11
11
11
11
11
11
11
11
11
11
11
11
11
11
11
11
11
11
11
11
11
11
11
11
11
11
11
11
11
11
11
11
11
11
11
11
11
12
11
11
11
11
11
11
12
13
11
11
11
13
11
11
21
11
15
11
15
23
11
12
16
11
11
21
11
15
11
12
11
22
29
29
29
11
35
26
29
29
27
28
29
26
11
29
23
35
18
11
22
17
11
22
11
29
29
16
23
11
27
11
19
24
17
11
25
14
11
24
36
14
18
14
16
19
16
23
13
19
11
27
11
19
19
16
11
31
36
27
18
11
40
16
40
19
19
11
18
18
11
11
21
11
25
30
16
19
11
27
18
11
11
11
16
24
13
25
11
16
11
34
26
27
11
18
11
28
11
17
13
13
14
11
13
12
13
11
11
13
11
11
16
11
11
11
12
11
13
11
11
11
11
11
11
11
12
11
11
13
11
11
11
11
11
11
11
11
11
11
12
11
16
11
12
11
19
11
11
11
11
11
11
11
13
11
11
17
11
26
32
11
11
25
25
12
11
32
29
19
24
13
11
13
11
11
12
12
15
12
11
11
24
17
14
11
14
11
12
29
12
11
27
14
19
13
11
11
17
12
11
11
31
28
22
11
26
11
12
13
11
21
20
11
23
11
13
11
29
23
16
16
14
11
11
12
18
35
11
12
17
11
11
11
11
14
11
11
12
11
11
12
11
14
12
11
12
12
11
12
14
19
11
21
11
11
21
11
25
20
17
25
12
12
11
25
11
22
11
26
11
11
24
11
21
19
20
11
11
16
11
23
20
11
12
11
18
14
13
11
22
11
11
18
11
13
20
19
13
26
23
34
11
11
13
15
15
30
17
14
11
11
27
11
17
13
11
12
11
11
16
16
14
19
17
14
28
11
13
31
11
25
29
29
29
28
11
20
29
29
13
29
39
19
11
28
13
14
15
11
11
11
13
11
11
17
11
11
11
11
12
15
13
14
11
11
11
11
11
13
11
16
11
15
11
21
11
17
19
16
11
24
12
19
12
11
20
26
11
26
26
11
13
11
14
11
14
11
13
11
11
27
11
26
26
14
27
11
29
11
33
23
11
23
32
12
15
20
19
19
11
21
14
11
12
11
11
11
11
11
11
14
11
11
11
11
12
11
34
11
12
12
12
11
12
11
11
14
15
11
11
20
17
13
11
21
11
42
34
13
11
20
19
11
16
12
11
11
25
26
11
12
11
11
20
11
12
11
11
12
13
14
11
11
11
17
11
11
31
35
11
20
11
30
11
23
11
24
11
21
14
12
11
14
20
11
13
12
14
11
15
11
11
11
11
17
14
11
13
13
20
26
13
29
36
11
14
11
11
15
11
13
11
29
29
19
26
11
25
11
25
33
35
11
14
18
23
18
11
19
11
11
11
11
13
11
11
12
11
17
11
11
19
12
17
22
12
25
11
12
31
13
11
12
11
11
11
19
11
12
11
13
12
11
13
15
11
11
11
11
13
11
13
11
11
11
19
11
13
18
11
16
11
11
11
12
11
12
11
11
11
12
11
11
11
14
11
18
26
35
19
29
19
13
12
34
29
34
27
31
11
20
11
11
13
11
15
11
32
11
15
33
11
16
11
12
22
11
13
11
11
29
30
20
11
18
11
19
23
11
11
25
18
16
13
26
23
11
11
24
11
11
31
11
11
21
19
29
24
19
11
32
11
18
11
18
20
11
27
15
11
12
11
12
11
34
29
11
28
29
13
29
29
26
13
18
28
29
13
11
28
39
11
22
23
11
15
11
15
11
15
11
15
11
15
19
29
11
12
11
15
11
15
29
26
30
29
11
15
11
16
11
