106
101
101
101
106
101
114
101
101
115
113
101
101
101
101
101
101
101
101
110
116
103
116
101
107
101
110
101
105
104
109
101
126
101
105
106
110
101
103
101
103
101
101
101
101
117
105
104
102
102
111
101
115
101
101
104
101
103
102
101
112
101
101
111
101
106
101
101
101
107
102
101
101
120
113
103
103
101
101
106
112
101
104
110
101
103
108
101
118
111
103
120
101
101
102
101
110
111
105
107
105
106
110
106
105
104
107
105
101
101
101
101
110
101
101
111
109
101
129
111
101
107
106
109
101
116
101
107
101
101
101
102
103
103
106
113
