101
101
115
101
103
114
103
101
101
102
106
103
114
102
101
101
110
103
109
101
109
101
111
101
101
101
104
101
104
110
101
101
102
101
115
107
102
127
112
102
102
101
108
101
112
108
101
101
105
101
106
113
101
111
115
109
101
101
101
116
106
101
105
101
120
113
101
101
104
106
109
119
109
119
116
106
101
105
101
105
108
101
101
105
101
122
102
103
101
103
114
118
102
101
112
109
103
115
105
104
122
109
101
101
101
101
112
101
101
103
106
101
101
101
101
101
101
112
101
109
105
111
107
101
103
102
101
101
111
101
101
101
101
112
101
101
101
101
101
101
101
101
101
101
101
101
101
103
101
101
101
101
107
111
101
101
101
101
104
101
101
101
107
109
105
101
101
101
101
101
101
106
101
101
101
101
101
