11
19
24
13
12
11
13
13
11
11
11
23
11
32
13
11
11
11
13
11
11
11
13
12
11
13
11
11
24
13
14
12
11
12
11
12
13
15
12
13
14
11
11
14
12
13
12
11
14
13
11
11
11
11
11
11
11
11
11
11
14
13
11
11
11
11
11
11
13
13
11
11
11
12
11
23
16
16
22
11
12
14
23
20
11
11
11
24
11
19
11
19
19
11
19
17
22
15
18
19
13
25
20
26
20
19
21
11
21
11
16
15
11
28
11
11
11
12
11
13
17
12
16
11
11
11
11
11
12
11
12
16
11
11
12
11
13
13
17
13
11
11
12
11
11
11
13
13
19
20
11
20
13
17
15
11
36
11
16
13
21
27
14
19
11
13
14
14
13
11
14
13
11
13
41
11
12
13
11
11
11
11
11
11
11
17
11
11
11
14
21
11
12
16
17
18
11
11
11
11
11
11
11
11
11
11
11
11
11
11
21
33
13
19
11
21
13
15
11
13
11
13
11
14
20
11
11
11
11
11
11
11
11
12
16
11
11
14
11
12
11
11
11
11
13
11
12
11
13
15
15
11
11
12
12
25
19
13
29
33
23
12
11
16
16
11
11
11
11
12
11
12
13
11
14
11
11
11
16
11
13
13
11
11
11
14
17
12
13
13
15
11
19
11
11
11
11
11
11
11
11
15
11
11
11
11
16
14
15
11
23
23
11
11
13
17
12
11
17
15
12
16
12
15
22
16
11
11
11
11
11
11
11
11
13
11
23
29
19
11
24
11
30
11
11
11
13
33
26
11
25
11
14
11
11
20
11
18
20
21
11
19
11
23
11
11
11
12
16
11
26
16
11
30
31
11
11
12
11
30
12
18
18
16
16
16
18
21
17
15
11
11
11
14
25
11
11
11
11
27
11
14
16
13
13
11
14
21
17
26
18
14
11
11
25
25
19
12
13
25
11
26
29
19
11
18
11
28
11
11
23
11
11
11
11
17
11
11
11
12
18
11
19
11
28
11
11
19
11
28
11
13
18
12
11
11
11
19
29
26
23
11
11
11
19
11
11
11
11
11
11
14
12
11
32
22
11
13
11
13
11
16
11
17
12
16
18
14
24
11
21
16
14
11
11
11
11
11
11
13
24
19
11
11
11
11
11
11
11
14
12
11
11
14
11
11
11
13
13
11
12
11
11
11
12
11
11
11
11
11
11
12
11
11
13
13
11
11
11
11
11
11
11
11
12
13
13
11
14
11
11
11
12
11
11
11
11
12
11
16
16
13
11
11
11
11
11
12
11
11
12
13
11
13
25
22
11
11
17
11
11
12
32
13
11
11
11
11
11
11
32
11
26
22
14
11
11
11
11
11
11
11
12
24
26
11
12
11
17
32
12
11
11
28
12
11
11
11
12
11
13
11
12
26
23
11
26
11
11
25
22
28
11
25
11
25
34
11
11
11
12
18
21
13
34
27
21
11
16
22
11
35
11
20
11
27
11
11
17
27
15
32
26
43
11
22
14
11
11
14
11
12
15
18
13
13
11
13
11
11
11
11
12
12
11
12
15
11
11
12
11
11
12
12
18
11
11
13
13
14
13
14
11
19
11
11
11
12
12
12
11
12
17
11
11
16
11
13
11
11
11
11
26
19
29
33
11
15
11
15
11
11
14
11
11
20
26
23
13
16
16
19
11
24
11
26
16
11
14
13
15
11
15
26
11
14
11
11
11
24
11
24
15
16
11
15
11
11
21
11
16
12
15
11
16
11
21
18
12
11
11
11
18
11
11
13
13
11
11
11
11
13
11
11
12
11
15
14
11
13
11
19
13
11
11
13
11
11
11
11
13
11
15
13
11
14
11
11
11
12
11
11
11
11
12
11
11
11
16
11
11
13
11
12
12
11
15
14
11
15
11
12
12
18
11
18
22
11
18
14
13
11
11
16
11
11
11
11
21
15
11
22
18
11
14
11
11
14
11
11
28
12
17
11
27
26
21
11
13
11
13
15
11
11
11
11
11
11
13
11
12
11
11
11
11
11
11
11
11
12
11
11
12
15
17
11
11
12
11
22
17
30
11
11
29
11
11
11
11
11
11
15
11
12
11
11
11
11
15
11
20
11
12
11
15
11
13
11
11
12
11
11
13
12
14
11
11
14
11
11
13
13
11
11
11
25
11
27
14
18
11
28
20
11
23
14
19
11
11
19
14
20
30
11
31
15
11
11
24
20
19
11
17
12
16
18
19
15
11
11
11
15
13
11
11
24
21
