11
17
29
19
19
26
26
28
28
26
31
29
38
28
28
26
23
12
11
12
11
11
12
24
13
11
13
19
13
13
11
11
12
18
11
21
14
14
56
18
17
23
22
13
33
29
33
13
11
28
19
11
12
19
16
16
11
15
14
11
24
11
15
11
15
11
12
19
13
11
11
11
16
12
16
22
13
11
22
16
22
14
11
17
16
11
11
17
40
11
33
15
11
18
26
13
22
34
11
23
13
18
11
32
29
16
11
11
26
19
29
31
11
21
11
12
12
27
33
19
26
32
30
29
26
29
26
30
19
11
18
18
11
14
11
13
17
11
15
11
14
14
12
21
28
11
15
11
12
11
11
11
28
20
11
28
11
24
33
29
29
29
11
15
11
15
11
22
11
22
26
26
29
29
29
29
29
11
15
19
11
15
19
33
36
13
19
39
28
11
17
11
15
11
15
11
11
11
25
17
29
19
29
12
30
39
29
29
13
11
14
35
11
18
22
12
11
11
15
12
14
20
21
11
12
12
14
11
16
11
19
13
12
11
11
13
14
11
12
11
11
16
11
17
11
11
22
11
25
11
25
11
25
31
11
26
11
28
32
12
11
27
17
11
15
26
14
11
11
11
14
11
11
13
11
11
15
26
11
11
32
17
11
22
11
19
28
11
15
19
18
11
32
11
16
18
17
11
13
16
26
25
11
17
12
11
17
11
19
24
11
11
19
13
11
13
13
13
19
16
11
17
11
21
11
11
11
11
11
15
15
11
33
12
11
26
17
11
17
11
21
29
11
17
11
13
11
11
13
11
12
18
11
12
14
16
11
22
11
12
11
16
14
11
11
12
11
12
11
15
11
11
14
11
11
28
11
11
11
22
13
13
14
11
11
15
39
11
22
27
11
11
26
11
24
11
23
11
24
19
11
20
15
14
11
14
12
17
23
37
26
11
11
15
19
16
15
14
17
26
13
16
15
21
18
11
12
12
13
15
11
11
11
11
11
15
17
12
12
16
11
11
12
11
16
11
11
16
11
11
12
11
11
12
11
12
11
14
12
11
11
14
11
11
13
11
11
17
28
11
16
11
28
11
23
14
19
11
11
26
11
33
11
24
15
11
30
11
11
11
11
11
17
11
28
27
16
11
20
29
11
25
11
25
29
11
11
21
11
17
11
29
11
23
11
11
11
20
18
11
23
19
27
16
16
15
12
15
11
22
11
11
12
19
11
28
16
12
27
33
13
16
26
11
11
11
16
33
20
29
19
11
35
11
18
11
24
29
25
18
11
13
28
27
29
30
20
17
18
11
11
31
14
11
26
13
16
25
11
19
11
19
39
19
16
19
16
24
15
11
31
35
28
11
25
11
11
27
11
11
11
16
23
11
27
11
19
11
26
18
11
14
12
11
11
11
17
11
11
29
11
21
17
16
19
12
11
14
11
11
11
11
12
14
12
11
11
14
13
26
11
24
16
11
14
12
11
25
19
11
25
12
11
22
11
14
15
11
11
25
11
12
17
11
11
11
18
11
22
11
11
16
11
19
11
19
16
15
11
11
19
11
11
17
11
14
11
11
16
13
11
11
24
11
11
30
11
22
14
13
13
12
14
13
14
18
11
20
11
19
23
11
14
15
11
11
11
11
24
11
11
30
11
13
11
15
12
11
11
12
13
12
16
11
12
13
11
11
11
13
11
11
11
11
11
12
15
11
11
12
11
11
11
15
13
16
17
14
11
18
11
11
15
11
11
11
12
11
11
12
11
11
11
11
11
16
13
11
11
14
11
11
15
14
13
11
11
11
13
11
12
11
11
11
13
11
11
13
11
11
11
13
12
11
13
11
11
11
11
11
12
18
11
22
26
16
11
16
12
11
13
11
12
11
11
11
14
13
14
11
11
11
12
11
22
12
11
16
11
14
13
12
11
12
11
11
11
11
11
11
14
11
11
11
11
12
11
18
11
25
11
13
11
11
11
11
11
11
11
23
11
11
11
11
24
19
11
27
11
13
11
14
11
11
17
19
16
17
11
11
17
20
18
11
20
11
15
26
11
11
27
11
11
11
11
11
11
11
11
21
19
11
22
21
11
11
14
18
11
11
11
12
13
19
11
11
17
11
21
11
11
22
16
16
29
24
11
21
11
11
16
11
11
11
11
11
11
11
11
11
11
11
11
11
12
11
11
12
11
11
11
22
11
11
11
11
11
11
11
11
11
11
11
14
13
12
12
11
11
11
11
11
11
11
11
11
11
11
12
11
15
11
11
11
14
13
17
19
19
11
11
11
11
11
11
11
11
11
11
11
11
11
11
11
11
11
11
11
11
11
11
11
11
11
11
11
11
11
11
11
11
11
11
11
11
11
11
11
11
11
11
11
11
11
11
11
11
13
13
11
17
11
15
23
11
15
11
15
11
18
11
11
11
11
11
11
11
11
11
11
11
11
11
11
11
11
11
11
11
11
11
11
11
11
11
11
11
11
11
11
11
11
11
11
11
11
11
11
11
12
11
11
11
11
11
11
11
11
11
11
13
11
14
11
15
11
15
11
11
12
12
11
11
11
11
11
11
11
12
19
11
11
14
19
12
11
11
11
11
13
11
11
12
11
13
11
11
11
11
11
11
11
11
11
11
11
11
12
19
13
11
11
11
19
11
11
11
11
12
12
11
15
17
11
13
11
13
16
12
19
14
11
11
11
13
11
17
11
18
11
15
11
15
11
15
11
11
11
11
11
11
11
11
11
11
11
11
11
11
11
11
11
11
14
18
12
11
