11
11
16
11
11
11
11
15
11
11
15
11
25
11
11
11
11
25
11
23
17
11
19
22
11
17
24
11
19
17
25
11
27
11
26
25
20
11
14
11
11
11
11
11
13
13
18
11
15
11
13
14
12
24
15
14
11
11
14
11
11
18
11
11
29
14
15
12
13
15
11
11
11
15
13
27
11
11
22
21
17
36
29
13
29
26
29
26
26
26
26
19
11
18
36
26
26
26
19
33
20
11
18
15
11
11
11
12
15
11
14
13
14
11
15
11
11
11
11
13
11
18
27
16
28
31
14
11
11
11
20
11
23
11
13
11
12
31
11
15
11
11
11
14
12
11
12
11
14
12
11
11
11
12
11
24
35
32
12
12
11
16
11
19
12
14
11
18
11
12
13
19
11
11
11
11
18
15
11
11
11
11
11
11
13
11
11
13
11
14
11
16
14
11
11
11
11
21
17
11
11
13
11
26
11
11
11
13
11
11
11
28
14
12
14
26
23
33
26
29
29
29
29
29
29
29
22
30
37
11
11
11
11
11
11
11
12
11
11
11
11
11
12
21
11
13
11
13
17
11
11
20
11
22
27
21
11
11
11
28
11
18
11
29
11
11
24
16
18
31
11
11
24
11
27
11
20
15
11
11
19
21
11
17
18
11
25
11
15
11
20
11
14
15
11
15
11
11
24
11
11
24
11
18
11
11
11
18
11
22
23
11
12
11
12
11
18
23
11
18
11
17
11
11
11
21
29
21
21
37
18
11
28
11
21
35
26
26
21
22
11
21
29
16
36
29
22
30
29
23
11
11
21
33
29
29
28
11
20
36
29
11
32
22
11
20
16
29
19
39
29
11
21
29
29
27
29
29
13
27
28
11
25
16
36
29
22
11
17
28
29
29
29
30
30
28
29
32
27
13
30
29
29
26
40
11
26
12
29
11
32
19
29
11
11
21
26
29
19
29
33
11
14
11
23
36
28
11
20
29
29
29
28
11
20
33
29
19
31
14
13
25
11
12
14
11
12
11
14
11
12
13
11
11
11
11
13
14
12
11
12
11
11
11
12
11
11
11
18
11
11
11
11
11
13
12
12
11
18
11
11
11
12
13
11
11
11
14
15
11
18
11
11
17
26
11
28
19
21
25
11
17
34
11
11
17
11
28
11
11
27
11
15
13
11
25
11
12
11
17
18
11
16
11
11
17
11
25
23
11
13
11
14
11
25
11
15
33
13
26
11
13
15
11
13
21
11
19
22
37
27
28
29
29
36
16
23
34
11
14
11
15
20
21
12
30
29
24
22
22
29
29
30
29
29
29
33
32
11
23
29
29
26
29
11
15
11
15
11
15
29
29
29
29
11
15
11
15
11
15
11
15
11
15
11
22
33
16
29
26
20
11
14
37
20
36
16
29
11
15
11
18
11
15
11
28
29
26
33
11
15
11
15
11
22
29
29
21
18
11
15
16
11
15
21
28
29
29
29
29
26
11
12
11
25
11
11
17
14
11
21
11
11
21
29
29
23
11
15
11
11
11
23
29
29
26
29
29
30
29
23
11
31
11
25
29
29
29
23
33
23
33
29
29
23
36
29
29
23
11
18
11
14
11
26
19
11
17
11
24
11
15
11
24
11
11
15
16
11
11
24
11
26
11
19
18
16
34
28
29
29
29
29
29
29
11
12
11
15
11
15
19
29
33
29
29
18
11
23
11
15
11
15
11
15
11
15
11
18
23
29
11
15
11
15
11
15
11
15
11
15
11
32
21
15
33
19
11
17
18
11
11
11
14
13
11
31
12
11
11
25
11
24
11
20
11
11
14
11
23
11
17
11
15
19
11
11
16
11
13
11
