116
109
101
105
101
101
147
101
105
102
109
101
112
101
124
116
104
105
119
101
106
101
106
101
116
101
101
101
111
101
119
103
103
101
112
101
101
105
104
101
103
101
106
109
108
103
101
114
105
105
107
110
101
105
101
107
111
109
101
103
102
104
104
101
101
103
101
101
101
101
110
103
101
101
101
101
101
101
101
101
119
114
110
103
106
101
102
118
102
103
111
101
111
111
107
101
101
119
101
101
101
115
101
101
112
111
108
104
101
102
101
106
101
101
101
103
107
103
101
101
103
101
101
102
101
101
101
105
103
101
111
101
102
101
101
101
101
107
101
101
101
103
107
106
101
101
101
101
101
101
104
101
101
101
101
101
101
101
101
101
101
101
101
101
101
103
112
101
101
101
101
101
101
104
101
101
101
