11
11
11
11
12
11
11
11
11
11
13
11
11
11
11
11
11
13
11
11
21
23
11
11
16
23
22
11
26
11
11
13
11
21
15
16
16
11
23
31
20
28
11
21
11
24
29
11
28
19
26
25
44
23
11
17
14
17
17
11
11
13
25
11
12
11
12
20
11
11
13
13
11
22
11
14
11
13
18
16
11
15
11
21
16
17
30
11
35
38
11
17
11
11
24
11
11
12
11
11
17
11
23
16
11
22
11
11
11
12
16
11
20
14
11
11
11
16
11
24
20
14
11
14
14
15
20
15
15
28
21
31
19
23
13
23
13
12
12
11
11
13
18
11
26
29
29
29
26
11
14
11
18
11
15
11
22
17
13
12
11
17
11
26
29
29
29
29
26
11
28
29
36
29
29
11
20
23
11
13
29
13
27
28
11
15
11
12
12
13
11
11
15
11
21
12
11
13
12
11
11
12
13
25
23
11
20
28
29
29
29
29
29
29
29
33
29
24
11
22
29
29
29
25
11
11
19
23
17
22
18
30
11
11
11
17
25
13
12
11
30
12
14
11
11
12
18
11
11
11
11
16
11
11
26
11
28
11
22
11
11
34
11
11
11
27
13
11
11
30
11
15
11
12
23
11
11
14
29
11
11
14
21
14
11
24
11
20
11
11
18
11
22
11
11
31
27
11
25
27
18
23
11
12
11
11
25
11
11
14
21
24
16
16
12
11
11
11
11
11
11
11
11
11
11
11
11
24
11
16
22
21
11
20
11
22
11
11
24
11
19
22
36
19
31
23
29
24
25
13
11
22
33
23
26
11
28
11
15
26
29
29
23
22
27
11
22
27
18
26
11
22
33
16
11
25
19
33
16
29
13
26
16
16
33
26
11
22
31
32
20
32
29
11
11
30
11
22
20
11
19
11
21
26
11
25
29
11
11
24
11
11
12
11
11
13
33
11
28
11
11
21
11
12
11
21
11
33
26
13
36
13
27
32
11
25
19
13
29
11
38
26
23
14
35
11
25
16
33
25
34
29
33
29
33
33
11
22
19
23
11
15
33
28
11
17
25
33
11
25
16
29
11
15
11
26
11
16
25
36
13
18
28
11
32
23
16
17
18
11
19
11
11
24
11
28
31
13
11
21
26
11
11
24
11
15
12
11
23
11
28
29
26
13
26
26
11
17
25
24
13
11
14
11
11
27
11
18
16
16
29
11
26
11
15
11
15
11
16
22
44
18
11
12
11
17
11
18
11
23
15
18
11
22
11
19
11
25
14
11
24
11
18
11
11
11
16
11
25
11
15
33
29
22
11
25
20
11
16
11
22
39
11
18
11
22
12
12
11
11
11
11
37
23
33
33
16
13
11
11
20
11
32
29
23
13
29
23
29
11
15
36
33
11
15
11
18
11
22
29
29
26
29
11
18
39
29
20
29
30
11
25
24
11
27
29
29
31
25
11
15
29
21
28
29
29
29
29
11
12
29
43
12
30
21
29
29
26
29
29
29
29
29
11
15
11
15
11
15
29
29
29
29
11
15
11
15
11
11
27
29
29
39
11
15
11
15
11
11
24
29
21
29
22
11
15
11
15
11
22
29
29
29
29
29
23
29
27
11
14
11
15
11
35
29
29
29
29
29
13
13
29
33
11
15
11
11
21
16
11
15
11
15
21
11
33
29
25
19
28
13
11
11
21
11
22
33
11
15
11
22
43
11
16
11
31
16
16
30
11
11
18
21
11
11
21
13
22
33
11
14
11
11
17
11
26
11
15
11
21
11
23
17
11
11
14
11
15
11
13
11
11
11
11
11
11
11
11
17
12
11
26
11
11
14
19
11
18
11
12
11
