101
101
101
101
101
104
101
101
120
113
111
111
101
109
116
123
101
111
115
101
101
106
103
112
103
101
102
101
105
101
104
102
101
101
101
101
103
101
103
104
110
101
101
111
117
101
101
101
104
101
101
101
105
101
105
101
101
102
116
108
115
109
119
116
109
119
106
101
101
104
133
119
116
110
123
114
101
101
110
101
101
101
116
101
101
103
112
104
122
101
101
106
106
101
108
101
102
121
110
105
109
102
111
101
101
108
101
103
101
101
101
102
101
106
105
101
109
101
114
102
101
103
101
101
101
101
101
101
