11
15
11
15
29
11
12
11
11
34
11
11
24
11
16
11
11
12
20
11
13
15
19
19
19
19
14
11
16
12
11
11
19
20
19
18
28
29
11
19
19
19
19
19
11
17
11
27
29
36
16
19
33
33
29
33
17
28
27
29
29
13
11
11
19
28
39
11
28
16
33
19
29
26
26
26
26
19
29
20
22
19
26
26
26
26
26
19
11
38
11
28
29
29
11
22
11
15
11
38
20
32
16
28
11
27
39
27
11
31
26
28
29
28
29
30
19
28
26
11
11
21
11
25
28
18
30
28
19
19
16
11
11
29
19
11
17
16
11
33
11
19
16
17
11
21
39
29
23
11
15
11
15
21
11
29
24
28
29
29
29
29
32
11
11
11
14
11
32
33
15
34
27
11
31
21
11
17
11
15
11
15
19
19
11
22
29
29
16
16
29
19
29
30
17
18
11
11
11
11
11
19
12
11
11
21
18
13
11
14
11
15
11
11
11
14
13
11
15
17
11
11
13
11
11
15
11
14
12
11
11
26
11
23
18
18
11
31
33
11
23
12
19
11
22
11
11
13
11
11
11
22
16
11
25
11
23
11
21
11
13
13
11
11
11
22
11
11
11
24
11
19
11
30
16
19
28
19
14
21
18
11
28
11
21
17
11
11
18
11
14
27
20
12
11
13
15
11
22
29
16
11
20
11
22
11
11
11
20
11
29
23
11
13
17
17
11
19
11
11
11
11
11
11
11
11
11
11
11
13
11
11
11
11
14
11
12
11
12
11
11
11
17
12
14
11
11
13
15
11
13
14
15
17
11
12
11
15
16
14
11
11
13
11
11
13
11
11
11
11
11
11
11
11
11
11
11
11
11
11
11
11
11
11
11
11
11
11
11
11
11
11
11
11
11
11
11
11
11
11
12
13
12
11
12
13
11
11
14
12
11
11
13
12
12
11
11
11
12
13
17
13
14
28
29
28
29
27
29
29
19
19
19
28
29
19
28
28
19
19
19
28
27
11
11
27
30
16
13
18
17
11
11
26
11
20
29
17
11
11
13
18
11
12
14
11
11
32
18
11
19
21
11
38
26
11
18
11
29
11
21
24
29
27
30
28
27
29
24
13
19
12
11
11
18
14
30
30
12
11
12
11
29
12
20
11
29
13
11
16
21
13
21
14
12
11
11
36
35
17
24
18
19
11
15
27
20
27
24
11
11
11
19
11
12
14
15
11
11
14
11
23
18
14
24
19
11
17
14
12
11
11
11
11
11
14
18
29
19
11
15
15
11
11
18
15
22
11
27
11
11
24
11
11
16
18
12
13
12
11
16
16
14
31
11
11
11
11
14
11
13
11
17
30
18
11
18
20
11
18
21
12
13
12
11
11
11
11
11
12
13
11
11
11
11
12
18
14
11
25
14
11
11
11
11
11
11
11
11
11
13
12
12
17
11
12
12
11
13
11
12
11
17
17
11
28
15
11
13
12
14
11
11
11
15
15
11
22
11
17
11
35
19
21
13
14
13
15
13
14
16
11
14
12
11
11
18
11
11
11
16
15
16
11
11
27
19
11
20
18
20
13
11
27
13
11
18
11
19
14
14
19
11
18
11
11
11
11
11
36
14
27
11
25
11
11
33
11
11
11
11
27
11
11
30
25
19
27
20
16
11
11
28
28
25
11
24
11
16
24
21
11
23
11
21
11
27
14
11
24
18
11
17
23
11
25
11
24
19
11
14
25
11
22
11
12
16
11
16
25
11
25
11
18
16
26
11
24
11
20
12
28
11
15
11
11
19
22
11
15
26
11
22
20
11
12
16
14
18
11
19
23
11
11
13
11
17
11
11
18
11
25
19
11
12
11
11
25
17
11
26
11
26
11
28
13
17
11
15
28
11
23
11
24
11
25
11
25
11
25
11
18
22
11
12
11
22
15
13
11
11
18
11
29
11
33
22
14
11
11
17
11
17
12
12
11
25
11
25
11
22
11
25
11
13
11
20
17
11
25
11
11
11
11
11
11
11
11
11
11
11
11
11
11
11
11
11
11
11
11
11
11
11
12
11
18
14
11
11
11
13
11
11
16
12
16
19
11
15
11
12
12
13
11
11
15
11
11
11
11
14
13
18
19
12
15
14
12
11
11
11
14
19
13
15
20
20
14
13
11
11
11
11
15
11
11
11
11
11
11
14
13
11
11
28
18
11
21
16
11
18
13
11
12
11
11
11
15
14
11
23
11
11
11
11
11
11
11
11
11
11
11
11
11
11
11
11
11
11
11
11
11
11
11
11
11
11
11
11
11
11
11
11
11
11
11
11
11
11
11
11
11
11
11
11
11
11
11
11
11
11
11
13
12
15
13
11
11
11
14
11
11
11
17
11
22
11
15
11
15
11
15
11
15
11
15
11
18
11
15
11
15
11
11
11
11
11
11
11
11
11
11
11
11
11
19
11
23
11
15
11
15
11
15
11
15
11
15
11
15
11
15
11
15
11
11
11
11
11
11
11
11
11
11
11
11
11
11
11
11
11
11
11
11
11
11
11
11
11
11
11
11
11
11
11
11
11
11
11
11
11
11
11
11
11
11
11
11
11
11
11
11
11
11
11
11
11
11
11
11
11
11
16
11
19
11
15
11
12
11
11
14
13
13
11
11
11
15
11
11
11
11
11
11
