102
101
101
102
101
101
102
106
107
115
113
101
101
104
126
116
101
101
107
101
101
107
118
104
106
113
107
101
101
110
101
107
107
101
115
116
105
115
101
111
114
126
102
101
110
101
126
101
102
101
101
110
108
101
104
101
101
105
104
101
104
103
101
101
101
107
103
102
103
101
101
102
104
105
101
101
101
101
105
101
104
101
111
101
101
105
101
101
103
101
102
101
108
101
101
101
101
117
110
101
101
103
101
102
106
106
109
103
106
116
123
101
105
107
101
102
101
101
109
101
101
101
101
101
106
105
106
103
109
105
101
106
101
104
110
117
101
105
101
103
112
111
102
101
101
101
101
101
101
101
101
101
101
101
101
111
101
101
103
101
101
101
101
101
101
101
101
101
101
101
103
102
109
120
101
108
101
