30
29
31
28
26
23
33
19
26
16
33
13
23
29
26
26
27
29
29
27
11
19
28
29
29
30
13
11
35
25
25
18
11
19
14
12
13
11
24
11
39
16
36
23
29
28
27
29
28
28
29
27
11
28
29
11
18
38
16
12
37
36
11
18
39
40
19
37
11
38
35
13
27
11
19
19
11
17
19
11
17
25
28
28
11
19
20
19
14
11
13
20
37
29
13
15
19
20
19
15
11
11
11
29
27
29
29
27
11
29
19
27
27
11
11
19
37
29
28
17
20
11
11
12
14
27
11
18
19
18
11
11
16
11
11
15
19
18
19
11
17
11
16
30
11
29
16
33
28
24
29
29
29
29
29
33
29
29
29
11
16
11
13
11
30
19
19
39
29
28
18
11
29
11
17
27
19
35
11
20
11
15
13
28
28
11
27
27
39
26
11
38
39
28
19
11
24
11
18
39
19
29
37
30
19
12
13
11
11
11
11
11
11
20
17
14
11
11
12
11
12
11
11
12
11
11
12
29
25
11
29
33
11
20
12
33
11
22
37
11
25
12
12
12
14
13
11
11
16
13
13
28
11
26
36
11
35
11
29
11
22
15
11
12
11
18
11
11
11
27
11
11
34
31
11
26
11
13
31
16
34
15
21
11
22
13
11
11
31
16
20
11
11
12
21
12
13
11
13
13
11
17
35
11
18
11
13
13
13
11
11
11
22
16
33
30
27
14
11
12
11
11
11
16
15
11
11
12
11
31
11
11
23
11
11
11
11
11
11
12
11
11
12
14
15
11
11
12
18
12
11
12
11
20
11
11
16
11
11
11
11
11
11
11
27
11
11
21
12
22
11
11
11
11
19
15
12
16
11
15
11
11
14
13
12
11
11
12
13
15
13
11
14
29
29
29
29
29
29
29
29
23
11
15
29
29
29
29
29
29
13
29
29
11
22
11
15
11
12
26
11
22
11
25
11
18
11
22
11
15
11
15
11
15
11
15
17
15
12
11
12
17
17
11
11
13
19
12
11
11
12
11
18
11
19
13
30
23
33
33
29
30
29
29
29
12
11
11
16
11
14
11
33
11
14
11
22
11
18
11
14
11
20
19
11
15
29
37
28
29
23
11
15
11
15
11
11
11
20
29
11
19
34
11
19
11
11
14
12
12
11
20
11
23
11
13
11
11
13
14
13
11
14
11
18
11
12
15
12
11
11
12
15
16
15
15
11
11
11
11
11
11
11
12
11
11
11
12
14
13
13
11
23
13
20
11
11
11
11
11
12
13
11
11
11
11
19
11
19
16
15
13
13
18
11
17
18
16
13
14
12
13
21
12
12
12
11
17
11
11
12
14
11
12
11
11
14
17
14
11
17
14
15
13
11
15
14
11
11
11
11
11
13
11
11
12
15
13
11
11
11
11
11
11
11
11
11
11
11
11
11
11
11
11
11
11
11
11
11
11
11
11
11
11
11
11
11
11
11
11
11
11
15
11
11
11
11
11
12
11
15
15
11
11
12
13
16
19
34
15
11
13
11
15
15
16
22
11
13
14
11
11
11
37
44
18
11
12
11
24
13
19
11
15
14
26
11
11
20
11
18
11
11
12
11
17
11
19
11
12
19
16
26
11
11
13
13
23
11
11
11
22
15
15
14
11
12
11
12
11
11
11
11
11
11
11
21
11
11
25
11
21
23
11
11
11
11
11
11
11
11
11
11
11
11
11
11
38
13
11
11
11
11
11
13
11
15
11
17
11
14
13
16
11
21
11
11
31
29
29
14
16
11
12
11
11
11
11
11
11
17
12
11
13
11
16
12
11
28
11
11
11
11
11
11
11
11
11
11
11
11
15
12
11
13
11
11
15
11
15
14
12
15
19
24
11
11
17
23
11
15
16
15
13
12
11
20
14
11
11
11
11
11
11
11
11
11
11
11
11
13
13
15
11
11
11
12
11
14
11
11
11
11
11
11
11
11
13
17
12
11
11
11
11
12
14
13
11
22
15
11
15
16
30
11
11
11
12
11
11
11
11
11
11
11
11
13
11
11
11
11
17
11
11
19
24
17
11
30
14
11
11
15
11
21
13
11
11
11
25
21
11
11
11
11
11
14
11
11
11
25
11
24
11
11
13
11
11
11
11
11
11
19
11
11
13
11
17
11
11
11
11
11
11
14
11
12
11
11
11
11
11
11
11
11
12
11
15
24
11
11
11
22
11
16
17
11
14
15
24
11
11
18
11
11
11
11
24
21
11
11
11
11
11
11
12
11
16
15
11
20
11
29
11
23
11
23
11
27
19
11
11
28
11
23
18
16
12
19
19
22
11
28
11
15
11
13
12
12
11
11
12
11
11
11
11
25
11
11
11
11
11
11
11
11
11
12
13
13
11
21
11
11
11
11
11
11
11
11
11
11
11
11
19
11
15
11
14
11
16
11
11
11
11
11
11
11
11
11
11
11
11
34
11
12
11
11
11
11
11
11
11
11
11
11
12
11
18
11
11
14
11
21
19
11
12
11
11
11
11
11
11
11
11
11
11
11
11
11
11
11
11
11
11
11
11
11
11
11
11
11
11
11
11
11
11
11
11
11
11
11
11
11
14
11
18
11
15
11
15
11
15
19
17
20
11
18
11
11
11
11
11
14
13
17
11
11
11
11
11
11
