101
101
101
104
101
101
101
111
106
101
101
104
102
102
118
105
101
101
101
109
101
112
106
103
123
115
101
103
116
106
110
101
101
101
106
107
128
101
101
117
107
101
105
102
101
104
109
101
105
110
101
101
101
126
101
107
101
120
101
115
101
105
101
128
101
116
101
118
101
101
101
101
115
106
123
109
101
108
110
109
101
109
102
101
101
125
107
110
109
115
107
113
101
101
104
103
101
102
101
101
101
102
103
103
104
101
105
101
122
106
107
112
101
101
109
105
110
101
111
109
107
108
101
101
101
101
103
101
101
110
109
109
109
106
111
105
107
107
109
101
101
101
101
101
110
101
105
101
101
102
103
116
101
102
101
101
101
101
101
104
101
101
101
101
117
101
105
101
108
101
101
101
101
108
