103
101
103
101
103
101
114
110
106
106
109
113
101
115
109
101
102
105
101
110
121
112
109
101
112
118
104
101
101
101
101
101
115
119
101
120
109
101
101
106
103
101
112
108
101
101
101
106
101
111
109
113
109
101
103
101
122
103
101
108
126
116
101
101
101
108
101
105
101
101
118
102
101
116
101
122
101
110
101
104
107
101
106
101
101
111
101
113
106
101
108
101
101
101
120
119
101
101
101
101
101
101
101
105
101
102
106
101
102
101
120
121
112
104
115
101
102
101
108
101
120
119
101
101
101
119
104
101
107
119
101
101
101
101
101
103
103
101
101
101
101
101
101
101
101
101
101
112
109
104
101
101
109
113
101
101
104
101
105
101
101
101
101
105
109
101
101
101
101
101
101
105
114
