106
115
101
101
102
101
101
110
104
101
101
101
101
107
108
101
101
101
101
101
101
103
104
103
130
101
102
101
101
105
102
101
103
101
105
112
102
101
101
101
101
104
105
101
102
101
106
126
109
107
102
102
120
108
108
106
101
107
106
101
101
101
104
111
101
101
102
111
101
101
103
103
102
101
102
101
101
102
101
101
102
106
113
101
114
106
101
112
107
101
101
113
106
101
102
101
102
101
101
101
101
102
102
114
112
101
102
101
101
104
101
101
102
101
102
103
101
102
107
101
101
104
103
101
101
101
101
107
115
101
106
108
101
102
104
104
101
108
101
101
104
