121
119
130
116
117
106
119
101
103
133
101
117
105
104
104
104
101
101
102
101
101
131
106
106
101
101
107
101
118
113
112
101
152
101
101
101
107
103
120
101
123
102
124
110
116
101
104
103
111
102
107
113
115
108
101
150
101
105
111
108
108
123
121
133
134
114
130
112
109
101
119
105
101
113
103
101
108
102
101
105
105
102
106
102
103
126
101
119
116
101
118
104
101
101
103
102
112
101
101
110
102
101
106
102
123
108
101
104
106
113
102
101
101
105
101
120
101
120
119
119
123
103
101
122
119
103
101
101
107
