114
113
116
143
102
109
104
130
104
109
127
126
101
125
101
105
133
101
103
101
126
101
113
113
119
106
126
113
126
101
101
101
128
112
116
104
118
101
111
101
129
103
105
101
108
114
104
116
103
109
103
101
103
105
101
106
101
101
111
103
101
126
128
101
118
101
123
112
103
109
109
101
116
119
112
107
110
129
128
111
110
107
123
102
113
124
111
109
101
103
112
126
115
101
101
101
122
128
107
126
101
101
144
103
106
103
104
119
125
101
114
119
101
142
109
114
114
110
107
103
101
101
126
101
110
107
121
105
104
109
123
