101
131
104
121
102
101
101
101
101
103
113
107
101
103
101
105
113
101
108
111
103
101
105
106
102
135
107
111
101
119
107
109
101
116
101
104
101
102
101
101
109
101
111
108
101
101
118
114
101
101
101
111
119
101
103
106
101
138
101
130
113
101
122
123
101
103
103
126
101
122
107
101
105
119
139
101
108
127
113
123
109
101
105
121
114
109
129
122
131
101
128
104
105
102
103
155
111
101
115
101
104
113
103
105
113
106
117
101
116
101
101
101
134
103
101
115
102
103
109
110
103
113
103
101
103
106
103
119
104
101
108
101
102
111
119
101
120
108
114
119
116
119
116
116
101
101
103
119
109
101
113
101
105
111
117
116
102
117
119
103
113
101
101
117
