11
34
46
51
22
46
46
23
43
46
46
47
38
32
11
29
17
12
28
19
15
13
28
38
31
25
23
26
11
12
11
11
20
11
11
11
21
18
23
24
14
34
11
11
23
13
41
26
16
32
11
26
26
28
28
32
19
11
18
35
12
37
11
65
12
28
54
39
11
11
18
38
11
32
26
33
12
43
20
39
12
29
35
19
20
37
30
41
25
20
36
11
15
19
39
45
27
24
35
13
30
39
45
34
19
50
14
16
38
37
39
28
19
35
13
32
34
28
36
11
29
38
24
21
18
12
28
32
35
44
29
20
45
23
30
32
49
50
38
19
35
13
39
38
32
36
38
18
19
38
19
25
19
11
11
48
29
30
22
39
29
35
19
27
32
19
44
19
40
11
19
35
19
12
19
29
36
11
15
24
29
30
46
12
29
25
13
36
12
44
19
16
24
35
12
34
24
28
38
38
36
11
29
32
34
35
12
38
25
17
11
22
45
14
32
19
16
34
38
38
25
13
38
24
19
11
11
43
62
36
39
38
24
19
19
11
24
13
42
29
19
19
11
28
35
12
34
11
21
38
45
26
39
19
16
34
35
19
11
29
35
13
38
24
27
34
34
19
19
12
28
35
12
24
29
23
43
29
23
46
39
39
36
13
11
11
14
15
12
11
11
14
12
11
18
14
22
12
13
28
11
16
13
16
16
33
21
26
11
11
13
26
11
11
19
35
14
18
15
11
21
29
40
20
11
15
20
27
11
22
12
14
11
11
11
11
11
11
19
21
31
19
20
17
12
22
45
35
31
39
39
39
39
39
36
46
46
46
46
39
26
26
26
33
46
46
46
16
33
29
43
49
26
26
39
46
33
26
26
29
46
49
49
46
46
46
46
46
46
46
46
46
46
46
46
33
33
27
18
19
16
14
25
13
19
11
24
13
15
19
20
15
11
34
39
33
46
24
12
13
11
26
15
11
12
14
15
11
25
105
45
16
35
52
53
13
46
46
46
46
46
38
36
15
22
33
19
33
13
11
25
27
54
17
17
30
24
11
11
17
31
28
31
11
42
33
22
27
36
11
20
11
11
11
11
11
11
13
16
23
11
11
11
15
11
11
11
12
32
22
12
21
16
11
12
11
11
11
11
19
35
34
17
52
11
11
21
11
14
11
11
16
11
12
11
12
11
38
17
12
11
38
16
11
