122
101
102
111
105
101
115
120
122
116
108
125
103
101
104
125
103
118
106
140
114
121
110
110
123
133
133
106
106
119
129
120
106
109
101
103
101
104
108
101
109
103
110
109
104
132
103
113
101
101
101
108
101
101
123
117
116
107
110
114
104
101
101
114
111
113
109
104
101
121
115
107
114
103
101
101
103
111
107
101
105
125
101
109
109
119
110
101
103
108
105
103
108
114
101
118
101
105
104
107
125
124
104
104
104
101
102
103
104
104
103
102
101
109
113
120
109
114
101
105
107
112
101
103
103
108
127
102
101
101
107
101
101
101
102
101
101
101
106
101
104
101
114
103
101
101
115
101
101
101
109
108
101
102
101
107
101
106
101
106
109
101
105
110
101
102
102
101
116
113
101
116
103
101
103
