101
109
101
105
101
135
116
113
101
120
102
101
115
105
123
101
101
103
109
101
134
110
101
107
119
101
101
103
117
108
118
126
124
108
107
103
120
101
119
113
106
113
101
101
124
101
114
102
119
113
101
118
101
118
109
101
107
110
107
105
107
106
106
126
116
119
123
119
117
101
128
101
107
101
101
106
101
106
126
113
122
107
106
106
110
116
113
128
115
101
121
101
115
116
111
116
101
101
106
102
101
101
104
163
113
101
104
106
103
106
106
113
113
103
133
101
105
106
119
106
101
105
108
101
101
103
102
106
102
104
104
108
101
101
102
101
106
119
106
101
101
101
120
101
117
101
101
101
116
115
101
110
117
105
116
109
103
106
107
115
101
101
115
110
101
105
102
101
101
122
101
105
116
