112
115
122
129
103
101
103
112
140
101
108
129
118
101
125
102
104
104
109
150
101
101
120
136
133
101
119
120
101
113
101
117
101
116
126
101
101
119
115
101
101
103
101
101
114
107
110
102
114
126
139
117
110
122
127
106
109
113
116
114
101
129
144
108
123
101
101
115
124
113
115
123
116
110
123
101
118
101
147
117
106
103
101
132
108
107
101
130
105
126
109
110
116
101
115
102
118
118
127
115
103
131
131
139
101
117
101
106
105
106
121
109
127
101
118
104
120
107
104
101
111
106
105
104
104
110
106
101
101
101
101
129
101
101
103
113
107
106
103
102
101
111
101
110
105
124
108
107
101
115
101
102
101
102
101
107
101
101
101
111
101
101
111
101
108
123
101
102
102
101
