13
16
41
52
11
44
47
46
11
35
16
11
46
42
11
12
25
33
23
16
11
17
15
42
57
26
34
39
38
30
12
11
22
14
12
17
11
20
23
19
13
13
12
11
15
13
23
16
29
16
43
27
20
46
14
21
27
16
41
12
38
36
56
31
12
19
19
11
37
47
31
29
11
23
11
33
27
44
48
19
17
35
11
11
25
14
47
14
17
18
14
19
23
43
13
37
15
35
14
11
11
40
28
19
32
19
49
14
17
18
39
23
11
32
18
12
18
17
32
14
25
11
23
15
13
14
13
19
20
11
11
30
52
11
26
25
29
51
30
49
28
63
43
15
15
40
48
11
44
26
14
13
21
26
12
16
14
11
17
11
12
11
11
16
11
11
17
11
11
11
19
14
21
17
11
11
14
16
11
11
15
12
13
15
16
11
11
15
15
14
12
15
12
12
11
11
12
13
19
11
14
11
42
28
31
19
12
11
24
11
13
12
17
22
11
13
12
13
15
11
11
13
11
13
13
12
21
12
15
11
11
16
13
12
16
17
11
11
14
31
12
24
80
29
33
50
12
25
35
49
16
29
25
23
13
54
11
34
11
33
11
32
34
41
26
29
18
12
27
36
36
16
35
11
33
36
17
23
49
20
11
43
41
30
35
40
30
26
39
19
14
11
37
48
38
28
24
50
11
31
44
22
11
27
48
41
11
22
17
11
35
19
11
41
19
28
12
11
35
27
11
24
36
24
35
23
36
21
15
19
11
11
24
25
14
12
40
13
33
46
11
11
32
11
32
35
36
19
21
11
33
19
27
19
42
33
43
43
14
20
31
19
16
23
11
32
16
26
29
24
21
11
25
18
42
53
23
29
33
68
20
18
13
60
23
16
12
36
24
33
55
11
45
36
48
24
35
56
11
48
47
40
41
49
47
14
29
48
23
43
37
35
11
43
32
16
36
26
49
43
43
49
32
37
18
45
26
26
13
12
16
11
11
12
16
18
15
36
23
13
24
17
33
16
16
12
11
11
11
20
11
43
21
17
11
13
16
11
19
23
25
14
15
11
12
17
30
16
11
25
18
24
35
15
46
55
60
47
20
13
48
37
63
34
46
32
52
36
23
57
50
65
11
23
11
28
11
11
11
12
15
11
11
15
15
13
15
11
12
16
17
11
17
17
18
11
11
13
11
11
11
20
11
11
20
11
14
16
11
13
13
11
12
12
11
11
11
11
12
11
17
16
15
14
11
13
13
15
14
13
11
20
16
17
11
18
12
11
15
11
12
18
12
11
11
16
17
12
11
13
15
13
11
11
12
11
11
11
11
11
11
11
11
14
12
11
12
16
17
11
13
11
16
13
13
11
11
12
12
13
13
11
11
12
11
11
11
11
19
11
23
12
12
12
11
16
21
15
20
19
17
11
11
15
11
11
16
17
13
11
16
12
18
13
11
13
11
11
12
16
12
13
19
16
14
13
15
12
11
11
13
11
11
11
13
26
11
11
19
11
15
11
15
13
11
16
17
16
12
15
12
14
11
14
11
12
11
12
11
11
11
11
17
11
14
11
15
12
11
11
12
11
12
12
11
11
11
11
11
12
16
11
14
11
12
11
19
11
11
11
14
15
11
11
11
11
11
12
11
13
11
19
16
11
11
11
11
14
11
13
11
11
11
17
12
11
11
11
13
11
11
11
19
16
11
11
20
11
11
11
11
12
11
11
12
11
13
11
12
13
13
13
15
11
12
14
17
11
13
15
19
12
12
12
11
12
11
15
12
14
12
14
11
11
16
11
11
11
15
11
11
22
12
11
11
22
26
26
26
26
24
35
29
26
23
12
12
14
11
24
11
13
11
17
16
19
18
11
12
11
19
11
25
16
20
11
11
12
11
11
11
11
11
20
11
11
11
15
13
11
11
11
19
20
16
18
11
11
15
19
12
11
11
12
11
11
11
15
11
11
11
15
11
13
24
11
14
42
11
23
24
18
11
11
11
11
24
11
43
11
28
14
19
15
30
11
