101
101
101
108
119
109
112
103
101
110
101
106
101
107
101
103
123
101
102
123
119
103
103
106
101
112
152
101
106
130
105
121
101
125
123
123
103
118
144
129
103
112
133
101
111
101
102
107
115
130
101
101
101
118
101
101
108
110
101
106
101
102
114
112
113
103
128
101
101
124
107
111
101
105
119
105
114
111
114
102
101
101
129
107
119
136
112
102
101
113
112
102
103
125
128
101
119
119
107
123
134
101
145
102
112
113
106
133
105
106
105
105
124
103
121
124
131
116
106
124
101
101
101
114
101
101
108
101
109
101
104
108
111
101
113
123
101
101
107
106
105
102
112
101
103
101
105
101
101
101
102
111
107
101
108
105
110
101
102
104
101
112
103
101
107
101
101
120
132
127
103
