11
15
43
41
36
25
36
33
41
16
25
33
18
12
33
39
46
28
39
16
51
24
51
34
14
11
45
32
24
48
11
13
12
11
14
30
32
23
13
24
22
39
11
33
33
14
20
11
30
30
42
36
12
15
17
17
18
18
15
21
11
42
11
37
25
34
18
12
25
38
25
12
11
11
27
11
14
11
11
22
43
36
46
20
18
38
12
27
13
43
28
25
11
24
24
13
17
23
45
18
32
11
20
30
12
16
26
15
30
16
28
15
25
11
25
23
43
19
26
39
39
39
39
33
33
26
31
32
33
36
29
39
27
35
16
33
33
33
12
27
33
33
26
34
35
13
33
33
39
33
11
28
33
29
36
27
32
24
34
11
30
25
11
33
11
18
11
21
25
25
11
30
20
26
11
34
35
31
16
35
11
36
26
34
16
35
20
12
12
15
32
16
11
11
14
11
11
13
24
12
18
18
15
12
12
14
15
12
17
11
21
14
32
29
21
31
18
13
38
33
11
41
24
13
26
34
12
21
13
15
28
29
13
11
11
40
11
32
11
31
29
11
28
19
16
15
11
27
20
35
11
11
14
11
11
11
11
14
12
21
13
16
11
11
11
11
11
12
15
13
11
11
18
11
12
11
11
11
13
12
11
11
11
12
12
11
19
12
14
13
11
14
16
11
13
11
11
13
16
11
11
13
11
12
17
11
12
18
12
18
11
11
14
14
27
29
16
18
23
15
43
14
13
20
29
28
22
17
29
14
11
37
11
12
13
13
44
11
32
15
11
26
23
17
13
13
11
13
17
19
12
19
13
20
12
11
39
31
11
32
11
13
11
30
29
11
20
21
33
19
11
22
48
38
39
46
46
46
43
26
26
26
43
46
46
43
16
22
37
53
23
26
26
29
19
33
49
26
26
29
36
49
43
39
46
46
46
46
46
46
46
46
46
46
46
39
33
33
27
33
29
15
17
15
14
11
26
11
20
24
11
41
18
18
23
27
18
11
37
19
19
17
11
12
11
21
35
11
21
38
46
11
47
29
28
42
39
23
29
29
34
34
38
28
35
11
11
24
16
36
19
34
23
38
38
36
12
38
25
19
12
31
26
47
24
29
19
15
16
29
32
38
29
29
52
24
23
42
29
19
16
29
23
38
30
29
38
38
25
13
16
20
11
11
11
11
11
11
11
16
13
13
11
15
11
11
18
11
15
11
22
16
11
14
14
12
11
15
16
15
12
11
13
11
11
11
11
15
11
11
12
18
14
13
11
13
11
15
13
13
14
16
14
12
13
11
13
17
14
11
18
17
26
12
16
11
11
15
28
18
11
16
12
11
12
14
11
11
11
17
12
13
11
11
11
11
11
12
11
11
11
11
12
11
13
11
11
22
11
24
19
31
11
20
18
11
13
15
11
11
29
11
28
33
37
14
11
29
21
24
28
29
29
36
26
23
23
29
29
36
13
29
29
27
12
29
29
37
12
17
11
11
13
21
13
21
12
23
11
13
11
15
12
13
14
11
11
14
11
11
12
19
14
12
13
15
11
14
11
13
11
11
14
14
13
13
14
12
12
16
17
14
14
17
14
14
14
23
12
19
11
14
11
20
11
11
12
13
11
14
13
11
11
11
11
15
14
11
15
11
17
15
12
13
17
11
11
11
11
13
14
11
15
11
16
12
11
12
14
12
11
14
13
11
16
11
21
11
11
11
13
15
15
14
11
13
12
11
16
11
11
11
14
16
18
15
11
14
16
11
14
11
13
11
11
11
11
14
17
11
17
11
11
13
11
11
13
16
11
15
11
15
11
11
11
11
11
11
16
11
14
12
15
18
17
11
15
11
11
16
12
21
11
11
11
26
11
13
11
11
13
24
11
22
11
22
11
11
13
11
11
14
16
11
17
25
11
23
13
30
16
12
17
14
18
11
16
12
12
13
11
16
19
25
11
22
13
29
29
11
17
11
33
23
22
31
29
36
29
29
11
25
13
