101
110
104
102
106
101
101
101
104
129
106
104
136
105
101
119
126
126
111
107
107
122
103
105
110
120
109
112
101
109
101
110
111
113
103
105
103
130
110
116
106
101
101
120
113
113
103
106
119
120
106
113
101
110
111
111
103
122
105
101
101
101
104
101
117
105
112
109
107
113
106
123
110
101
114
120
101
106
115
102
119
116
133
123
126
101
108
109
126
115
101
111
101
111
120
112
109
101
106
106
106
101
118
220
101
124
101
103
110
110
105
115
101
103
110
129
102
101
104
118
112
101
113
107
101
101
101
101
101
101
101
104
104
113
119
107
109
103
119
109
119
109
101
119
101
122
119
119
116
101
101
101
101
116
101
113
103
113
116
106
103
116
124
101
101
101
101
101
101
114
119
116
