13
43
39
46
23
43
46
49
46
16
46
46
40
12
37
11
11
24
52
20
14
11
37
33
19
12
53
27
11
12
18
11
11
11
11
11
12
35
11
13
11
30
11
17
30
23
21
13
16
18
17
31
11
12
21
44
11
18
14
21
11
24
17
15
11
28
11
25
46
11
41
27
21
11
21
11
16
37
16
40
20
25
18
11
21
36
29
38
11
16
15
14
13
23
27
37
46
23
24
12
11
38
14
24
11
42
11
11
11
11
11
11
11
11
16
11
26
33
27
32
33
26
13
17
14
11
30
43
16
11
38
21
11
14
23
13
15
13
18
11
28
22
37
39
12
44
14
11
11
37
11
37
19
25
32
15
13
30
36
28
18
39
18
47
13
36
33
11
24
35
35
11
35
16
28
35
34
11
51
13
39
39
39
29
39
43
29
16
37
23
33
43
36
34
39
23
11
26
32
37
45
39
39
33
33
33
11
35
43
31
28
33
39
39
39
39
33
39
39
30
33
33
24
38
39
39
33
33
33
27
26
29
36
39
36
33
33
36
13
12
12
11
36
40
27
41
23
36
14
21
11
38
21
20
19
17
11
25
11
11
24
25
29
16
37
11
37
19
37
39
13
14
14
12
11
12
36
39
36
39
39
39
39
39
46
39
36
39
39
39
39
39
37
25
19
12
38
25
12
38
25
13
38
20
28
36
12
19
25
14
35
19
11
37
38
20
29
25
19
12
38
19
38
19
35
13
36
26
19
12
27
19
11
25
19
11
18
26
23
38
37
26
19
29
12
24
24
37
19
41
35
35
19
16
24
47
34
23
53
29
22
34
39
13
53
24
38
33
33
46
11
41
23
16
34
35
26
53
29
33
33
66
11
18
29
19
38
42
33
34
48
28
42
45
28
42
39
33
43
39
33
33
33
26
29
29
13
16
16
14
11
23
26
11
12
12
16
11
15
12
12
11
13
11
12
11
11
13
13
11
14
12
12
11
11
11
14
11
14
13
11
12
13
17
13
13
11
11
17
43
53
21
11
15
18
16
16
24
25
11
33
11
11
26
12
25
13
16
18
11
17
19
25
11
11
28
33
33
33
33
27
12
36
16
27
35
36
33
43
36
33
33
33
33
27
38
33
33
33
23
14
48
19
36
36
33
29
11
25
23
29
23
22
27
32
33
13
19
23
19
11
13
18
16
13
24
14
14
12
13
16
11
12
11
16
11
12
11
11
17
11
18
24
11
14
17
13
11
11
20
21
15
15
14
11
12
20
14
12
18
11
13
11
11
16
14
21
13
15
14
15
14
12
11
11
13
18
15
11
21
13
11
17
13
13
11
13
15
11
13
11
12
13
12
11
12
12
14
13
11
11
15
16
11
11
15
13
11
24
11
11
13
29
25
11
13
11
11
27
27
12
29
13
40
13
19
22
11
26
33
29
29
26
26
26
26
23
29
29
13
11
25
29
29
20
29
29
33
26
29
29
29
29
29
29
31
28
29
29
29
27
32
29
29
29
11
22
11
28
28
11
20
29
29
29
29
29
29
26
29
30
29
25
11
23
33
29
11
26
28
16
29
36
24
28
27
45
25
33
29
19
24
42
21
28
29
29
26
26
26
23
19
26
29
29
29
29
16
31
35
26
26
26
26
26
19
26
11
18
26
26
27
28
29
29
26
11
35
18
14
25
13
16
16
11
14
16
11
12
11
13
13
11
14
11
11
11
23
15
12
13
12
22
17
11
12
11
14
12
12
11
16
13
17
11
11
11
11
11
14
13
13
12
24
11
28
15
12
11
24
11
18
16
11
40
23
30
17
11
38
11
38
22
11
23
