11
12
14
24
13
18
52
12
16
29
19
32
30
11
32
43
19
20
27
60
18
11
26
11
11
19
11
36
19
15
29
11
12
16
16
21
12
35
16
16
11
28
32
29
23
15
29
21
14
36
11
18
15
11
35
11
22
18
12
13
25
47
12
23
16
33
11
35
11
11
20
16
13
40
27
22
23
29
15
13
27
11
22
25
11
14
33
13
36
40
16
33
11
26
25
13
36
11
20
42
14
57
34
31
11
28
43
26
15
18
12
33
42
17
18
47
27
30
14
17
52
23
29
11
38
11
39
13
45
18
45
42
11
44
33
38
39
39
43
36
33
33
15
34
49
11
38
37
28
39
36
43
33
36
19
39
39
39
40
41
32
36
39
33
33
39
39
39
39
34
38
39
33
16
33
29
33
39
39
39
33
33
33
33
11
25
19
20
23
39
11
36
35
28
25
28
36
13
36
28
29
20
33
36
21
11
18
31
23
15
26
30
13
11
14
53
30
11
23
34
11
12
15
12
11
11
11
14
12
28
13
12
30
39
36
39
39
39
39
39
33
39
39
43
39
39
13
39
39
39
33
16
33
31
32
36
26
39
33
33
33
33
36
33
29
29
14
28
33
33
33
33
36
33
33
11
32
29
11
32
32
34
19
33
33
33
33
33
39
33
11
28
40
39
39
39
39
39
39
11
45
53
39
46
49
23
26
26
46
46
46
49
36
44
35
23
26
26
36
46
33
26
26
26
49
49
49
46
46
46
46
46
46
46
46
46
46
46
46
33
33
33
28
47
11
37
17
14
16
22
11
11
14
16
22
19
11
16
39
41
34
14
19
13
18
26
11
11
11
15
19
23
11
11
11
35
26
47
36
19
38
45
46
46
46
46
33
29
26
29
33
16
33
31
32
33
33
11
28
39
36
33
26
16
33
33
43
39
39
36
39
37
38
39
39
39
39
39
39
39
39
39
39
39
11
32
33
27
22
33
33
33
29
26
23
43
26
33
26
26
26
33
33
16
33
26
27
45
33
31
25
33
26
26
24
28
26
26
11
25
19
26
26
36
19
26
26
21
48
11
22
29
29
29
41
32
26
36
29
29
16
28
11
21
28
29
29
29
29
29
29
30
29
26
29
29
29
28
11
20
29
29
29
29
29
29
29
29
29
29
29
29
24
14
11
11
16
11
11
11
15
16
11
16
20
11
12
12
15
11
12
11
13
15
14
11
13
12
22
33
26
26
26
26
26
26
23
11
38
23
13
19
26
29
29
11
26
11
25
12
11
11
11
21
21
11
34
14
27
23
22
11
11
11
24
11
28
17
18
11
11
23
11
29
11
20
11
29
20
31
16
11
28
34
11
23
19
11
11
30
31
11
29
32
11
19
11
34
13
11
29
13
21
23
15
14
16
11
30
14
11
11
11
24
12
12
26
13
16
19
17
35
12
12
12
32
16
23
19
11
12
11
11
13
17
11
19
11
16
14
11
11
11
11
15
11
13
13
11
11
11
11
11
11
11
20
16
11
13
11
17
11
11
11
12
11
11
11
13
11
11
11
11
11
11
13
12
11
11
11
11
12
11
11
11
11
11
11
13
11
15
11
13
13
14
15
11
11
44
