29
15
14
18
31
27
11
32
40
11
29
38
20
25
32
23
23
35
40
26
16
22
23
33
36
30
28
26
11
24
30
11
22
22
22
28
11
29
60
48
16
15
32
22
11
42
37
37
32
16
21
19
43
38
28
32
27
23
39
63
22
26
29
14
25
20
13
25
11
15
22
16
11
11
15
14
11
19
18
12
11
15
17
11
11
11
15
26
47
40
60
40
14
37
22
43
16
26
19
19
11
48
31
21
27
24
42
32
23
11
25
34
19
22
49
11
52
36
20
59
11
27
14
26
27
18
11
35
28
25
11
30
13
22
12
27
24
27
32
11
40
23
16
53
39
32
15
27
11
11
11
11
11
11
15
11
11
12
11
12
12
12
11
12
17
14
11
12
23
11
29
21
40
12
11
28
22
30
48
38
34
54
52
47
25
64
22
15
30
25
11
12
13
11
11
15
13
11
11
15
12
13
13
11
11
11
18
11
11
16
12
12
11
12
12
15
12
11
11
31
11
17
19
15
12
13
11
11
12
19
18
16
13
21
11
14
17
11
28
40
16
16
29
19
15
11
16
12
14
20
11
20
11
17
13
13
19
14
11
13
11
12
13
21
12
19
19
18
12
11
16
18
12
11
11
11
14
11
17
11
22
16
61
61
26
30
22
35
36
35
11
34
24
11
34
11
25
25
19
42
40
24
31
11
27
11
29
47
36
43
36
11
19
18
19
33
41
19
64
31
11
35
28
48
22
17
32
11
26
11
26
11
24
25
23
26
30
19
11
26
11
14
35
44
13
29
32
44
11
34
29
33
40
14
29
39
24
12
11
36
16
14
19
11
34
16
26
13
33
20
27
15
32
38
64
36
44
34
14
47
19
11
26
39
36
11
26
47
12
23
24
46
11
48
19
36
16
25
17
53
53
21
48
30
19
33
29
14
52
33
11
27
19
15
29
26
43
29
43
43
29
30
23
16
43
23
29
46
11
45
13
21
44
19
41
11
52
48
11
43
29
26
56
49
23
11
48
33
43
35
36
23
17
13
42
16
46
49
11
47
29
29
46
11
25
12
53
26
20
17
11
13
22
11
14
16
20
32
13
14
14
14
24
29
18
11
18
18
23
26
12
26
11
27
34
13
18
11
32
30
13
14
19
21
22
11
16
11
18
25
14
15
38
48
57
11
29
21
22
43
36
16
66
33
31
41
39
11
45
40
25
46
39
21
16
38
11
18
26
11
18
12
14
18
14
15
11
14
11
11
