101
128
108
110
119
117
101
109
143
110
101
114
106
135
106
112
103
104
101
134
101
103
108
104
101
104
113
140
115
101
103
108
111
123
101
110
108
124
126
133
101
101
102
101
110
102
120
116
106
123
101
105
106
117
109
111
101
106
116
101
106
101
101
124
102
106
104
107
109
101
104
102
114
101
102
122
101
105
101
108
104
110
104
101
134
101
103
104
101
101
108
104
103
121
115
116
106
101
105
104
101
101
103
115
103
101
119
101
111
104
108
102
116
106
102
113
101
102
106
115
101
103
102
109
105
108
110
109
101
106
104
101
107
101
124
116
101
117
102
102
105
101
101
101
102
112
101
104
109
101
101
101
102
104
106
114
101
101
101
101
101
101
104
101
107
101
103
102
101
103
103
101
101
118
121
112
