51
26
31
11
23
29
37
29
13
23
14
18
44
29
29
36
26
27
22
34
35
18
11
11
30
15
16
22
36
11
32
27
17
14
13
27
35
11
37
41
29
42
11
42
37
16
49
39
11
39
20
53
44
25
11
30
32
20
56
29
36
27
24
11
23
14
23
20
11
19
11
14
11
11
11
12
31
21
12
12
14
11
16
11
14
15
28
28
27
57
51
17
12
22
36
46
12
24
24
28
23
56
36
43
41
35
53
56
62
49
49
11
25
34
23
27
20
36
11
22
31
11
36
50
12
37
54
21
16
48
66
34
50
60
33
39
39
38
24
39
39
26
27
32
34
11
28
11
25
11
24
11
27
48
17
15
20
36
16
19
37
11
32
11
11
34
25
44
25
11
18
15
11
46
15
21
35
20
12
11
25
19
11
25
36
19
11
33
28
35
29
29
17
15
32
11
11
11
11
16
14
14
24
19
11
29
28
27
11
22
16
32
30
36
29
11
28
17
28
29
33
39
29
39
23
33
39
33
11
12
11
38
47
29
17
26
28
30
35
11
24
12
22
17
11
32
33
31
18
15
11
36
35
23
13
27
35
36
11
32
19
21
15
16
16
29
14
18
11
29
19
13
13
12
24
21
12
16
11
14
15
18
11
14
12
11
12
11
11
11
13
11
16
12
11
15
22
11
12
11
15
23
12
23
40
39
39
33
33
33
29
39
39
33
33
33
33
27
32
11
17
34
11
42
28
23
12
19
11
11
12
24
11
20
17
23
16
11
20
12
36
23
20
11
43
11
26
34
16
21
29
17
16
18
11
21
13
12
11
11
11
14
35
18
22
24
13
11
14
13
13
23
36
13
13
32
32
35
12
22
11
29
11
24
51
45
16
29
35
36
15
28
39
16
29
28
15
49
23
30
26
24
19
45
22
28
46
29
39
47
11
24
24
24
18
18
41
53
43
43
49
16
16
24
42
49
23
28
11
43
19
37
29
16
25
18
42
29
30
36
24
35
50
39
46
36
35
18
35
35
12
13
12
11
11
45
19
16
29
22
24
29
16
44
45
16
39
35
34
26
34
37
24
24
11
29
36
19
25
12
38
25
13
36
11
34
19
19
12
11
23
24
41
29
23
23
35
24
42
38
29
38
19
23
29
22
38
38
19
28
35
16
29
29
31
18
46
33
16
22
34
23
28
37
36
11
15
19
19
12
37
31
11
17
36
12
34
25
34
11
11
17
11
11
34
19
12
37
39
26
