11
12
11
13
13
11
13
11
11
12
13
15
14
15
11
11
12
11
14
18
11
11
11
17
12
12
11
13
13
14
11
14
11
38
24
17
11
12
11
25
23
29
29
29
25
26
12
11
12
11
11
11
11
11
11
11
11
13
11
11
11
11
12
11
11
14
11
12
31
15
21
16
16
14
12
11
11
11
16
13
28
27
11
11
12
33
11
20
12
25
15
17
13
15
11
13
16
18
32
13
12
11
11
36
37
13
42
20
25
31
16
36
44
28
15
25
17
16
11
23
11
37
16
11
29
29
32
26
11
20
14
21
32
28
20
11
24
24
11
22
11
11
11
11
16
12
16
32
21
15
11
11
28
37
23
20
18
19
16
20
35
12
28
38
19
27
29
15
16
14
32
11
29
26
13
11
23
13
38
31
11
14
29
16
11
24
24
34
18
16
11
42
12
32
11
29
28
26
16
31
31
25
11
15
15
11
18
16
14
28
18
23
11
17
11
11
14
15
53
14
19
19
11
11
50
13
19
16
24
27
11
18
17
16
11
25
46
32
32
11
34
11
32
11
34
31
21
19
11
15
11
26
41
22
11
28
24
11
15
21
31
11
33
22
17
21
55
17
33
16
17
16
16
11
13
11
38
11
21
16
11
11
11
48
13
13
11
18
20
28
18
11
11
11
16
18
13
11
11
17
21
15
13
11
11
13
15
22
19
12
11
14
20
11
11
20
23
26
26
26
29
33
23
33
33
26
33
33
33
36
33
16
33
29
23
33
27
32
33
33
33
33
33
33
11
32
33
27
32
33
33
13
33
33
46
46
46
32
17
33
36
39
43
11
42
39
39
33
33
33
35
17
39
39
23
33
39
26
29
29
33
26
19
36
33
26
11
25
23
21
11
13
36
33
33
27
26
32
27
28
17
32
16
26
19
33
33
33
33
29
31
28
24
33
52
33
46
33
46
48
34
13
19
11
59
41
30
18
21
15
13
26
22
38
29
38
42
24
16
11
36
13
11
20
12
16
14
16
13
11
24
11
11
30
13
19
40
30
25
40
14
19
11
11
11
32
11
19
12
22
13
11
45
12
28
21
31
32
36
21
11
19
11
35
40
22
57
11
20
11
44
31
19
25
41
26
35
32
11
17
23
13
36
40
16
11
35
36
16
11
43
14
11
18
19
36
11
25
27
18
35
11
11
49
33
11
39
36
32
37
36
39
16
15
43
11
27
29
20
14
11
38
31
12
11
43
11
38
29
40
23
42
12
37
40
28
11
17
31
24
28
27
13
12
34
44
11
13
11
11
27
18
20
33
11
28
11
11
11
14
11
29
12
12
11
26
11
14
11
12
36
19
12
11
52
39
20
