124
102
109
101
101
101
104
108
101
102
108
107
110
109
123
101
101
101
109
101
112
101
102
105
121
113
110
107
101
118
144
109
107
119
110
102
104
111
109
101
104
126
103
107
105
101
103
101
105
113
122
109
101
115
115
112
101
128
116
106
101
111
141
108
129
101
101
101
101
103
129
103
118
123
109
120
102
110
112
114
154
111
113
101
128
117
106
132
139
104
122
129
137
205
105
111
114
101
105
113
101
105
139
116
128
101
113
112
107
106
101
101
103
102
101
102
104
101
101
101
101
104
108
101
101
101
105
109
101
101
105
116
101
101
107
101
104
101
101
101
101
101
102
103
101
101
101
103
102
101
106
106
116
108
101
107
101
103
104
101
104
128
101
101
108
