55
26
36
46
13
46
46
44
45
46
46
11
45
46
11
31
11
25
31
11
31
35
23
32
11
14
11
13
11
11
14
11
13
43
36
13
24
11
20
11
17
15
22
14
14
14
22
11
20
13
11
12
19
21
16
11
22
24
14
11
23
11
18
12
20
15
11
11
11
23
20
13
17
20
23
27
33
13
37
30
13
43
31
11
30
14
32
13
11
11
22
11
32
30
25
15
12
21
13
33
48
13
43
27
27
22
28
25
14
13
21
11
13
22
11
43
13
16
43
23
26
30
32
15
28
16
31
13
35
18
21
11
38
11
26
11
37
37
15
11
23
13
13
13
14
23
15
31
41
15
20
22
13
15
11
34
34
40
20
53
28
24
28
37
34
11
14
18
16
24
15
17
11
12
17
11
29
43
18
51
11
37
12
13
28
36
30
11
32
31
42
18
15
11
27
37
26
19
25
26
14
39
22
11
38
23
11
18
19
16
41
21
11
15
11
28
13
16
11
11
30
11
15
27
16
30
64
24
37
12
11
11
13
12
11
20
19
12
11
15
19
16
25
28
19
23
21
17
20
52
45
11
12
11
21
24
16
30
15
23
13
11
12
11
28
49
26
26
26
27
13
34
19
39
38
19
20
47
36
11
18
11
32
11
50
17
14
14
16
11
37
11
24
25
11
24
17
26
15
21
22
11
31
12
14
11
12
13
11
11
15
23
49
32
33
11
28
13
12
11
42
28
13
23
23
11
17
13
23
13
11
13
25
13
12
18
20
11
11
19
13
16
13
11
15
14
11
19
16
16
11
23
17
15
22
12
23
20
12
18
11
17
12
20
13
12
23
13
30
26
36
23
34
34
29
18
29
11
16
15
19
20
21
28
38
11
24
42
12
34
43
36
38
42
30
11
17
11
11
11
30
23
40
30
11
11
12
27
14
18
13
17
11
11
19
13
12
21
11
19
11
35
15
19
16
26
13
20
11
42
17
46
43
36
43
46
16
14
12
23
46
19
20
43
36
46
19
26
26
26
34
44
46
21
17
32
26
16
11
11
11
14
14
27
11
37
11
12
11
11
19
11
11
20
11
12
17
24
11
11
26
24
13
11
12
11
13
21
14
14
11
11
11
11
21
11
16
11
25
22
11
42
34
46
38
22
11
32
45
48
26
50
48
38
21
12
36
24
11
15
11
18
30
16
24
12
23
37
15
49
21
14
19
11
41
47
16
23
11
31
14
21
47
16
13
16
30
28
41
19
33
16
11
35
26
21
35
11
41
29
11
34
15
16
11
23
11
12
48
11
11
21
11
14
11
12
12
40
40
42
11
11
13
48
21
11
17
14
40
11
26
34
14
17
32
35
24
41
17
14
21
14
21
15
16
13
42
13
36
11
33
11
26
35
15
13
21
11
36
18
18
16
30
17
24
30
11
11
23
11
21
11
14
20
22
11
16
14
11
11
21
25
16
20
15
16
17
11
11
11
11
15
16
15
11
12
11
30
11
11
11
12
12
11
21
15
21
21
16
16
11
23
17
11
13
11
22
19
19
13
13
12
11
12
11
11
13
11
20
24
28
11
16
20
11
25
14
11
13
16
11
25
16
13
11
31
11
26
33
11
25
28
11
28
19
37
11
11
37
28
36
34
23
30
29
16
26
33
19
11
18
23
35
11
25
11
16
17
11
15
11
25
11
21
14
11
38
20
11
11
17
11
23
28
19
25
11
40
11
22
11
14
19
11
22
11
13
11
14
12
11
14
34
16
17
17
17
20
17
11
12
28
18
11
37
27
20
11
11
40
19
19
11
27
17
14
11
24
11
11
11
11
11
17
11
14
15
11
11
14
15
11
11
12
11
12
11
14
11
20
23
36
33
27
32
33
26
26
26
26
13
29
11
30
11
17
29
11
28
11
11
21
29
29
13
11
28
23
28
23
11
23
12
11
19
11
11
12
15
11
11
13
14
11
15
16
14
11
21
23
19
18
38
16
11
11
27
29
12
12
13
20
13
26
24
28
29
19
13
29
29
11
25
11
25
36
27
19
11
16
14
13
11
12
12
13
15
11
