132
101
142
106
107
101
111
101
114
101
101
102
101
105
102
101
101
114
108
110
109
101
112
103
123
101
101
104
123
108
119
101
106
103
103
106
102
101
120
101
130
102
116
113
104
123
106
122
106
101
103
106
127
101
113
101
116
105
101
119
106
101
104
119
129
113
123
126
113
101
101
126
101
101
101
123
119
101
124
107
126
119
129
101
125
139
129
113
119
133
101
138
139
139
139
101
103
110
122
101
104
173
111
101
134
126
105
126
113
116
113
115
104
119
119
119
116
101
114
123
113
129
101
101
108
109
109
109
109
106
109
116
119
119
116
119
119
119
116
101
101
101
112
106
116
116
106
101
115
119
119
119
119
113
106
101
118
101
110
119
116
116
101
101
116
106
103
113
