133
117
101
114
119
103
116
109
119
101
112
101
110
103
101
107
101
107
106
106
102
106
101
103
119
113
101
101
110
101
103
126
109
101
116
116
128
103
118
101
101
101
116
103
101
101
101
101
103
126
101
123
106
113
101
125
109
103
101
123
112
110
116
101
103
101
101
111
133
106
101
105
111
130
128
122
106
108
117
110
118
113
127
116
122
102
104
120
101
145
102
106
104
119
118
117
102
117
122
136
153
117
127
103
115
101
103
110
127
116
117
105
106
110
108
112
115
102
123
101
104
106
104
105
117
111
101
107
