11
18
14
43
39
45
34
46
39
49
43
46
46
33
27
45
39
39
43
33
33
39
39
39
33
33
39
56
11
38
33
33
39
46
33
33
29
36
27
38
39
43
33
33
19
43
21
52
15
22
11
13
37
30
21
47
11
40
11
34
43
11
48
11
28
37
37
26
24
26
26
19
23
11
28
11
11
12
12
17
32
33
29
33
36
39
39
39
39
39
39
33
33
33
33
27
32
33
39
23
29
31
31
33
29
29
29
16
31
32
33
29
29
33
39
16
16
36
33
29
33
49
39
39
36
39
39
26
33
11
28
23
26
13
22
34
11
27
14
13
11
31
35
36
35
46
26
31
15
24
25
23
14
25
13
19
11
29
11
22
20
14
14
12
36
36
47
15
11
27
15
18
23
30
20
28
33
26
15
13
16
11
12
12
28
41
11
12
22
16
47
18
28
31
38
11
35
39
23
36
19
39
22
32
30
36
11
25
36
33
33
33
28
35
25
34
16
12
19
23
19
33
17
18
19
15
20
45
34
28
11
26
34
33
11
27
35
33
15
20
37
12
11
15
26
21
14
19
11
34
42
18
13
26
27
32
13
12
20
13
13
14
16
17
11
13
11
18
12
11
11
14
11
12
11
11
11
11
11
17
11
14
30
21
18
39
39
39
39
33
33
26
43
39
33
33
33
33
33
11
24
33
24
19
13
25
15
27
25
19
21
12
12
25
11
26
36
12
13
22
11
46
14
18
19
16
18
38
32
18
23
18
39
12
13
13
21
18
12
16
25
11
21
21
14
13
11
11
11
11
15
11
11
11
11
11
11
12
11
11
11
11
11
11
11
11
11
11
11
11
11
11
11
11
11
11
11
11
11
11
11
11
11
11
11
11
11
16
11
11
11
11
11
11
11
13
11
11
11
11
11
11
11
11
11
11
11
12
11
11
11
11
17
11
11
13
11
13
11
11
12
11
11
12
11
11
11
13
11
11
12
11
13
12
11
11
11
11
11
11
11
11
11
11
11
11
11
11
11
11
11
11
11
11
11
11
11
11
11
11
11
11
11
11
11
11
11
11
11
11
11
11
11
11
11
11
11
11
11
11
11
11
11
11
11
11
11
11
11
11
11
11
28
33
33
30
26
29
23
20
22
11
18
29
18
22
12
13
11
18
14
11
13
11
11
13
11
12
11
11
16
12
12
11
14
11
15
11
18
12
12
11
12
16
11
15
11
12
15
11
19
11
45
20
32
14
11
16
12
13
11
13
12
11
11
11
29
17
13
14
12
17
29
11
13
11
19
11
11
16
23
12
20
11
21
15
28
12
11
13
23
12
15
25
11
12
17
13
36
18
11
16
26
24
15
22
11
31
13
14
11
43
11
13
20
32
11
13
21
17
17
11
11
17
23
36
43
28
21
12
12
13
11
55
17
12
22
30
11
39
11
55
13
16
11
12
11
14
26
11
19
14
11
11
15
16
11
28
11
13
12
12
11
11
20
12
13
14
13
11
14
17
16
11
14
11
13
13
19
11
11
14
13
15
17
17
11
13
11
11
32
11
11
31
38
22
12
13
11
23
13
16
15
26
27
27
29
26
18
30
11
11
16
24
11
11
11
11
12
11
11
12
11
11
13
11
11
13
11
11
14
12
12
12
15
11
11
11
11
11
15
11
43
21
20
11
23
12
27
28
11
19
13
31
11
11
15
12
11
12
14
16
19
13
11
44
18
11
29
11
14
22
11
14
30
16
20
34
11
19
16
16
11
28
11
11
11
15
28
11
14
11
11
18
11
19
16
11
11
11
20
11
27
19
30
26
14
11
11
12
12
15
11
11
14
11
11
29
12
15
11
11
11
14
16
14
15
14
11
14
13
14
15
20
21
17
11
14
15
11
11
15
16
11
11
15
11
11
14
11
12
11
11
11
11
16
12
11
11
12
11
11
14
21
19
11
12
14
28
11
11
18
19
11
26
32
13
13
31
19
13
11
14
11
11
15
11
14
11
23
11
22
11
11
20
11
17
11
17
11
21
33
35
31
33
33
19
26
34
16
19
38
14
33
11
27
20
12
41
11
31
19
11
25
11
22
13
11
34
34
16
16
16
11
35
22
19
19
15
34
36
27
20
31
11
26
28
11
33
32
13
26
11
13
30
18
11
21
21
16
13
17
19
16
24
11
17
22
11
27
29
11
30
35
18
11
16
26
