40
16
23
26
39
42
24
46
46
43
46
46
49
46
41
34
11
25
11
30
34
14
32
19
14
26
36
13
11
12
43
26
19
36
33
11
22
36
19
11
22
18
21
30
11
17
12
41
26
19
16
12
13
30
16
34
17
11
20
23
15
11
39
16
20
13
23
17
12
29
35
11
26
19
39
17
14
20
11
11
31
11
28
40
26
26
11
37
17
17
19
40
42
43
29
30
49
46
23
15
11
28
11
40
18
11
26
37
20
32
47
22
21
11
35
11
16
23
11
11
22
56
11
36
22
12
25
14
15
36
22
18
11
31
12
15
15
16
11
25
20
37
16
16
16
52
14
25
11
35
36
13
39
29
39
34
11
35
39
39
39
39
33
33
33
13
29
33
33
23
29
33
33
19
16
36
33
33
33
33
33
33
33
33
11
25
33
33
11
28
27
32
33
29
36
33
11
28
32
11
39
11
35
13
39
16
11
16
16
18
11
19
36
23
29
21
20
16
14
21
13
27
11
19
11
43
16
16
16
13
37
30
16
17
11
11
18
16
31
11
11
21
11
16
12
16
11
14
14
20
11
11
48
16
49
36
46
26
11
19
21
15
33
23
11
28
19
36
25
25
29
11
27
17
19
11
35
13
46
12
13
27
11
11
29
36
49
11
14
60
46
46
57
15
19
18
12
11
11
11
12
14
11
26
18
11
38
37
11
16
31
31
22
16
15
11
30
29
26
19
17
29
39
39
33
33
33
26
33
11
22
33
47
16
11
30
24
11
20
31
12
17
56
11
42
16
19
14
51
20
11
35
38
32
22
22
17
17
11
26
32
20
31
16
11
37
11
13
14
29
76
26
50
12
27
13
45
41
29
11
11
11
11
14
18
11
17
11
11
13
14
11
14
11
20
11
13
31
11
11
17
17
17
12
14
29
16
11
17
18
14
16
11
15
25
27
11
24
25
20
15
11
13
12
13
11
18
18
14
11
12
20
22
11
32
11
15
23
11
25
12
11
13
20
29
16
23
43
11
12
16
11
25
11
24
18
17
11
42
29
16
38
21
13
38
22
16
13
22
17
23
39
12
21
11
24
31
43
40
24
16
37
18
15
11
24
18
35
35
30
19
27
21
21
11
42
20
41
36
46
46
46
46
46
23
26
26
36
36
33
29
11
28
33
36
16
33
29
33
33
36
33
36
40
39
39
49
39
36
39
39
39
39
39
39
39
39
39
39
39
43
33
33
29
26
33
33
29
26
23
43
33
13
33
26
26
26
33
29
33
33
29
13
29
33
33
23
33
26
26
24
28
26
23
33
11
15
26
26
36
19
26
26
26
11
18
33
29
29
29
29
13
26
11
18
29
19
26
29
36
29
19
29
11
28
29
29
29
29
29
29
29
29
26
29
29
29
29
29
29
29
29
29
29
29
29
29
29
29
29
27
21
11
12
13
19
11
12
11
13
11
11
11
13
11
14
14
12
11
12
11
11
11
13
12
12
11
12
12
23
29
26
27
26
26
26
26
26
30
26
33
26
26
29
29
29
29
29
26
29
29
29
29
29
29
29
29
29
29
29
29
29
29
29
29
29
29
29
29
29
29
29
29
23
26
26
26
26
29
23
29
27
32
26
26
26
29
29
29
27
28
23
26
29
29
29
19
26
26
26
26
29
29
33
26
26
33
23
29
29
46
26
26
34
28
26
23
19
26
23
24
32
19
31
35
26
33
29
26
26
20
36
13
