110
101
101
102
113
101
101
101
108
120
133
106
124
112
109
117
103
103
101
118
137
136
113
136
131
118
101
113
122
110
114
131
145
113
103
126
110
121
106
101
123
105
121
101
125
101
101
101
101
116
116
103
126
101
121
101
108
125
117
104
116
111
101
101
102
102
101
104
106
103
106
127
117
104
112
101
113
102
104
102
113
101
101
102
110
101
101
123
104
115
115
107
103
101
105
133
106
103
116
126
136
125
190
123
137
101
101
116
101
126
101
121
106
111
112
101
123
101
101
121
103
109
108
101
101
