14
11
12
11
12
11
14
11
12
12
11
15
11
12
11
12
15
13
12
14
15
12
12
11
14
12
13
11
11
11
13
11
11
11
15
13
20
11
11
18
12
17
11
20
12
11
12
11
11
12
13
18
11
11
34
20
11
11
12
13
11
22
22
11
12
16
11
18
16
37
34
23
34
17
11
11
34
11
30
15
34
27
17
51
11
28
17
38
11
34
11
15
14
39
47
47
23
13
21
11
11
29
11
26
11
24
11
11
38
31
11
26
24
11
38
32
26
45
29
21
48
11
13
11
28
25
11
30
12
19
43
28
45
33
26
39
33
27
16
35
17
39
27
13
11
26
16
11
29
14
11
22
21
11
14
17
12
13
11
25
17
21
16
12
20
19
17
11
12
42
27
18
11
19
22
16
23
31
32
15
26
11
11
14
22
25
24
41
12
20
35
34
11
38
11
44
11
17
11
21
37
21
11
20
39
39
33
37
39
43
33
24
38
43
39
16
39
16
23
39
33
22
36
39
12
30
39
39
33
33
33
46
36
43
23
43
23
39
39
39
39
13
39
31
35
38
28
39
39
39
33
23
38
38
11
37
33
24
13
39
37
34
18
38
24
29
66
29
20
22
24
23
38
38
23
38
28
43
29
13
36
16
19
13
38
34
26
39
29
19
16
29
23
43
29
19
23
11
37
29
35
12
28
35
16
29
29
19
11
29
24
22
44
24
38
28
11
16
20
35
12
33
31
19
11
19
36
19
11
35
19
12
39
38
29
29
37
29
38
25
24
25
38
23
23
33
19
19
12
37
11
19
35
12
39
38
36
41
28
36
11
24
13
36
22
47
39
38
38
43
23
18
48
29
28
35
29
16
19
32
23
33
11
42
44
48
19
44
29
22
23
33
19
28
40
38
46
16
26
25
28
48
19
27
39
19
28
38
28
33
34
29
16
30
29
16
39
33
48
29
35
22
28
28
28
17
11
13
11
30
11
24
13
34
12
11
11
24
19
36
29
19
11
20
19
35
19
13
36
13
36
11
12
43
29
23
39
44
11
19
22
44
13
46
49
28
34
23
43
35
34
33
37
12
13
11
35
14
11
20
37
26
27
12
11
31
23
19
21
14
12
13
13
20
12
27
16
24
17
17
25
18
11
21
11
26
37
12
11
14
33
11
23
23
38
36
30
11
12
11
11
25
16
13
13
16
13
19
13
11
11
25
13
59
27
29
35
31
14
11
17
23
19
16
11
13
11
15
19
18
11
11
11
12
20
12
11
11
11
14
22
23
15
11
14
25
14
18
12
13
19
16
11
13
11
11
19
11
14
12
13
16
13
15
13
12
11
11
11
11
11
11
11
11
11
11
11
11
11
11
11
11
11
11
11
11
11
11
11
11
17
11
20
11
13
11
13
18
11
11
15
11
11
15
13
11
11
13
11
11
11
23
11
15
13
19
22
30
29
13
11
17
16
30
40
23
29
13
12
35
30
29
13
29
29
29
19
26
19
29
23
29
23
27
29
29
28
31
29
29
21
28
29
29
29
29
11
18
29
31
28
29
29
29
36
11
22
29
29
33
29
30
29
29
29
29
30
29
29
26
29
29
29
29
36
11
25
29
33
11
22
36
29
16
29
13
29
26
16
13
26
19
26
30
26
26
13
11
22
11
28
29
26
26
26
23
26
26
23
29
29
29
27
23
11
27
26
26
26
26
26
26
19
29
26
29
28
27
29
29
29
11
14
11
27
11
17
11
32
22
17
16
14
13
12
20
11
12
11
13
17
15
20
13
18
11
31
19
15
11
16
11
17
11
11
11
15
13
11
11
11
14
18
23
11
30
22
30
29
33
26
11
22
26
24
35
26
29
29
24
12
23
