107
101
104
109
113
106
102
101
121
110
101
106
115
112
101
103
101
110
102
101
112
135
121
111
112
101
101
103
102
111
112
125
102
106
125
103
106
101
108
102
117
104
101
101
119
107
101
102
111
121
115
101
101
110
116
124
107
106
118
109
101
108
106
101
101
101
101
101
111
103
101
101
101
108
103
115
120
125
101
110
103
101
101
109
101
115
102
103
126
128
128
112
111
109
109
123
123
101
101
113
101
101
105
105
111
101
109
101
101
101
119
101
101
106
123
101
129
101
101
120
101
103
119
112
130
106
114
117
101
119
101
111
104
105
108
101
101
101
118
107
101
106
105
114
116
107
106
103
106
103
101
116
109
119
119
119
119
119
109
115
114
101
115
101
101
110
101
101
102
116
106
126
101
