102
101
101
101
101
101
112
111
101
101
101
101
115
105
123
101
108
101
109
101
101
107
104
106
115
101
117
109
102
127
110
132
107
115
104
101
112
110
109
101
106
101
103
124
101
101
104
108
111
117
110
116
101
104
101
106
116
121
101
110
106
101
121
101
101
108
123
129
129
106
106
116
109
101
125
104
101
101
106
101
119
101
103
135
101
128
119
116
111
109
116
106
113
101
125
120
101
128
101
119
101
109
105
134
109
108
106
114
106
103
108
101
108
124
104
106
101
111
103
107
102
103
110
101
101
106
101
