11
11
23
21
32
28
39
19
27
35
36
49
30
25
37
36
26
32
11
32
13
26
39
16
23
11
32
26
33
22
39
19
31
11
27
36
65
20
11
44
24
55
39
13
45
38
45
11
48
30
28
29
28
36
21
22
51
35
11
43
20
27
17
11
13
11
11
13
17
12
14
16
26
13
14
18
12
12
16
11
12
13
12
14
17
61
56
43
15
17
20
28
23
36
36
20
16
52
35
11
43
12
31
43
23
52
11
46
12
44
44
11
32
46
29
15
11
28
22
11
28
11
16
12
30
18
21
23
38
55
12
39
20
23
29
38
26
52
33
39
26
11
38
48
27
39
46
39
33
33
33
33
29
33
31
32
24
32
31
18
29
33
33
33
33
33
39
39
26
11
31
34
33
33
33
33
33
29
32
44
33
29
13
17
20
11
26
44
24
36
11
24
11
28
14
11
26
11
18
19
11
22
11
11
21
36
30
35
19
41
16
43
13
15
52
21
42
11
17
25
19
15
13
13
12
16
19
15
11
11
21
11
11
40
14
16
23
40
31
39
16
36
14
37
21
11
16
23
11
13
26
16
11
34
35
17
34
28
33
11
29
41
18
36
23
20
13
35
21
16
46
46
46
51
13
23
49
22
39
43
39
39
53
11
32
11
51
13
39
39
35
24
39
33
27
11
18
14
21
22
24
13
27
13
20
16
24
46
11
34
32
11
11
11
18
11
13
15
24
26
12
36
35
11
44
17
49
39
11
33
11
24
39
15
11
33
33
11
20
24
11
11
18
28
22
72
12
13
18
19
11
41
17
18
27
42
11
25
12
34
19
29
16
43
11
35
16
29
49
16
25
37
29
34
34
38
29
44
26
29
32
24
43
22
44
38
23
39
28
35
16
44
48
23
39
23
23
39
33
43
13
11
28
19
29
19
28
20
48
28
38
36
11
19
35
12
38
25
23
40
30
36
12
40
38
35
19
11
11
11
26
11
11
14
48
28
39
35
46
50
46
46
46
46
45
34
11
39
11
29
15
26
53
19
12
22
11
37
23
20
30
11
27
16
33
47
11
13
20
21
27
14
37
21
14
29
13
30
44
45
37
21
42
28
23
28
33
11
16
28
12
11
58
21
11
11
30
28
38
11
29
36
15
14
11
11
14
30
11
25
24
11
44
20
11
13
18
11
18
16
11
11
11
11
11
19
16
17
13
11
33
12
31
11
12
21
11
15
30
14
11
32
17
40
13
11
12
13
11
19
11
11
20
11
11
14
25
15
25
34
27
15
15
13
17
11
17
16
11
11
12
17
26
25
18
11
30
24
16
23
32
15
21
20
14
11
11
34
27
34
35
17
27
20
14
19
11
21
12
11
23
14
15
11
24
13
11
20
11
21
21
25
13
18
14
16
12
16
11
11
13
15
12
13
31
12
11
25
23
16
13
11
28
16
11
11
13
22
11
21
23
12
11
25
19
16
12
23
11
13
24
18
11
19
31
11
27
12
12
16
23
16
15
11
11
13
13
23
26
16
12
11
34
35
17
18
11
26
11
18
15
22
11
27
14
13
16
14
15
17
11
19
11
12
29
11
11
20
11
12
20
19
11
24
19
11
11
29
11
11
22
23
22
12
15
11
11
16
11
12
11
12
11
18
26
13
11
13
29
13
18
14
11
25
13
11
12
14
15
20
19
14
25
48
11
28
11
21
11
11
11
17
17
13
12
12
12
11
14
11
17
24
24
17
20
18
16
14
20
11
18
33
11
19
27
11
25
22
11
18
11
20
23
13
11
24
11
16
11
11
11
11
38
31
42
22
12
12
28
16
16
21
17
18
37
21
30
11
11
17
11
19
11
19
16
26
32
