19
36
11
18
36
26
34
28
11
11
16
19
27
12
12
11
12
31
25
19
11
11
30
18
16
11
13
15
18
13
33
15
13
13
16
20
13
11
50
39
29
11
40
18
13
22
15
53
11
29
35
20
20
11
20
17
21
36
17
34
21
52
33
11
40
18
11
38
17
15
19
22
13
25
32
13
34
32
11
47
34
13
16
11
14
13
11
20
14
14
22
35
14
20
11
11
13
11
11
11
21
18
45
55
40
37
36
26
14
12
17
16
30
34
28
19
26
26
33
51
43
39
39
13
38
35
45
13
11
34
33
40
35
34
37
28
41
36
33
29
16
39
16
31
38
43
29
33
17
39
19
43
43
32
35
28
13
35
34
31
26
19
11
20
25
11
16
11
21
11
18
11
11
11
41
25
14
11
11
21
15
23
36
12
22
21
12
18
12
26
11
17
15
26
37
43
23
11
32
25
14
12
23
11
15
11
23
20
11
16
16
11
11
13
19
18
13
15
11
28
12
12
11
41
11
35
21
12
14
11
13
17
11
15
20
35
14
11
16
22
37
12
33
28
18
15
16
24
44
11
16
20
28
12
11
13
14
11
15
24
33
23
11
11
19
12
11
11
21
12
11
11
12
16
31
40
19
35
38
22
32
30
52
11
26
39
20
12
17
13
39
37
28
19
37
28
42
27
34
11
11
26
12
15
14
11
14
11
13
20
11
11
11
16
31
19
12
19
31
19
13
12
31
11
23
11
33
11
25
32
37
18
16
12
20
16
33
14
17
11
11
11
11
15
16
12
27
35
17
16
14
11
33
37
12
13
11
22
18
23
12
12
23
25
11
16
26
23
24
23
27
27
38
11
16
11
17
25
20
11
29
32
35
11
17
16
11
23
16
23
27
12
20
34
39
33
16
17
17
17
11
32
16
18
36
18
39
39
39
45
39
13
11
16
14
12
33
11
58
19
17
46
26
29
18
26
17
28
12
18
13
24
15
22
14
11
24
41
11
15
11
18
12
11
12
11
16
11
17
27
34
27
11
30
25
13
24
22
39
31
11
25
21
24
13
22
11
14
14
11
11
24
27
11
35
13
39
36
13
29
40
38
17
31
12
11
12
35
26
28
15
11
22
31
11
12
13
31
27
16
17
13
25
29
16
40
34
13
11
12
13
11
27
19
19
13
32
19
30
23
16
24
111
15
11
26
11
17
12
11
11
11
11
21
11
15
11
11
14
11
11
23
37
11
15
19
11
20
11
14
11
41
12
11
22
12
16
11
31
37
15
11
33
13
29
13
38
12
31
15
12
15
16
14
32
23
11
27
18
17
11
11
14
18
12
21
36
18
45
24
31
15
38
27
27
19
38
15
23
15
12
20
11
11
12
11
11
11
25
30
38
31
11
17
28
28
11
14
17
12
13
11
11
21
12
21
11
19
12
26
33
13
11
11
33
22
11
11
12
45
17
11
15
39
11
13
20
49
25
31
13
11
14
30
11
16
11
18
14
29
19
11
11
13
11
17
15
12
16
11
37
11
27
11
14
11
13
21
11
13
16
13
11
22
16
16
17
12
15
22
14
25
11
11
11
11
16
11
12
16
16
12
11
12
11
11
11
11
11
11
11
11
11
11
11
11
11
11
11
11
11
12
11
13
11
11
11
11
11
11
11
11
11
28
31
15
28
15
16
11
24
11
13
18
15
16
16
15
16
12
11
25
11
24
11
12
13
11
11
11
22
23
11
11
23
26
11
11
14
31
11
15
11
25
16
11
16
19
11
13
11
12
11
15
17
11
20
11
27
14
30
16
11
19
11
11
11
11
11
11
11
16
14
11
13
12
11
13
14
12
13
14
12
16
11
25
16
18
19
26
11
11
22
17
11
11
13
13
11
11
25
11
11
21
11
11
26
11
16
11
35
21
11
11
11
14
16
12
17
11
24
11
15
19
11
15
20
11
11
23
18
13
22
24
11
36
15
11
26
11
16
15
11
18
16
16
11
29
11
11
27
18
22
12
12
15
11
11
11
11
13
11
12
11
11
11
11
11
13
15
11
11
12
14
11
13
19
13
11
15
11
11
17
20
19
13
13
11
11
11
11
16
12
11
17
18
11
11
11
19
11
11
17
13
11
14
14
12
36
19
23
16
16
12
11
23
11
22
26
11
11
11
32
26
23
29
26
11
24
11
29
37
17
11
28
16
29
16
14
22
11
12
13
11
20
16
12
