13
38
26
43
36
23
46
46
49
46
46
49
46
39
39
39
43
33
33
39
39
16
23
33
33
39
23
43
39
33
33
39
46
33
33
29
36
53
39
29
39
33
39
54
18
18
14
21
24
36
36
44
24
20
31
16
19
38
32
11
16
20
12
11
32
18
15
32
37
16
45
11
11
33
33
21
11
11
13
24
39
11
24
36
34
39
39
39
39
39
39
33
33
33
33
33
13
33
33
41
38
29
33
29
33
39
36
29
29
29
36
29
33
29
24
35
33
56
36
39
39
39
36
11
35
33
33
33
31
19
15
13
22
11
30
33
50
48
25
11
27
32
15
11
29
33
32
40
35
11
11
22
29
17
28
12
35
27
18
18
11
27
11
29
36
25
17
16
28
31
11
43
16
11
28
13
11
19
33
32
11
45
30
14
18
41
35
12
11
31
36
25
39
35
33
29
13
29
33
25
44
11
28
32
37
33
26
16
17
18
33
39
32
25
30
11
25
44
25
15
11
43
17
16
11
30
11
14
41
17
17
12
25
11
27
31
12
25
11
33
11
40
44
11
28
11
11
47
33
11
11
26
13
11
15
11
11
13
11
11
11
11
11
13
11
11
21
11
15
18
11
11
11
16
18
17
11
17
11
18
36
26
39
39
39
33
33
26
29
39
39
33
33
33
27
32
28
19
11
26
33
50
18
21
14
21
26
11
13
20
11
30
28
11
40
16
16
16
36
29
47
11
20
12
12
14
14
25
11
21
15
11
18
12
27
16
23
17
18
11
11
14
11
14
14
11
11
25
11
32
30
20
22
20
11
34
11
40
15
47
58
19
49
27
14
28
35
22
11
52
13
26
59
39
37
36
24
51
23
33
13
27
15
36
15
28
23
26
18
42
16
11
35
11
11
18
19
11
17
11
13
11
11
12
12
12
23
13
14
11
11
28
22
20
11
14
19
11
11
11
11
21
11
11
11
20
12
11
20
52
11
11
26
11
36
15
22
11
11
20
13
11
47
13
36
11
11
37
19
12
28
35
12
35
13
25
47
19
38
42
43
49
23
33
48
29
34
34
38
47
37
24
19
13
36
11
24
24
19
34
23
36
12
34
23
36
31
24
11
26
18
29
32
24
29
29
19
12
24
29
22
54
29
22
38
28
42
29
23
43
34
67
27
23
44
25
22
21
12
22
14
15
28
11
28
43
17
23
16
16
32
11
22
17
46
26
17
12
16
11
22
22
13
11
17
25
21
21
11
11
34
22
11
30
23
12
21
11
20
18
27
33
16
38
22
11
33
24
11
28
11
11
13
11
38
24
16
16
16
11
29
19
32
14
13
23
22
32
18
28
16
36
24
28
26
33
24
11
20
21
25
14
13
12
36
13
11
25
16
11
25
17
13
16
19
12
26
12
16
12
17
16
15
11
13
24
11
29
29
13
26
17
11
19
16
29
20
24
11
31
14
12
14
31
22
11
11
22
11
24
11
19
14
21
13
14
12
45
15
12
11
24
35
11
12
11
15
11
12
11
11
16
18
11
14
19
11
15
24
17
11
11
11
22
11
17
13
14
20
11
21
16
11
22
29
16
14
11
34
11
11
32
12
13
18
11
29
12
19
11
26
13
11
11
16
15
24
16
19
13
13
27
22
12
11
13
24
23
25
26
13
11
21
27
11
18
17
11
28
20
11
11
42
19
26
16
11
18
11
24
23
14
20
21
19
17
29
11
26
15
11
17
17
24
24
29
11
22
11
38
11
14
19
16
11
22
11
16
27
11
20
11
34
15
14
11
18
16
27
16
11
22
21
18
20
20
17
17
11
20
11
45
11
33
23
13
18
15
12
11
11
15
27
17
11
11
11
12
