119
101
103
101
101
116
103
123
116
101
101
123
101
101
101
114
107
106
121
101
124
115
101
122
106
108
114
103
110
102
108
101
101
116
112
101
106
107
101
132
101
126
116
109
123
101
115
126
119
113
126
119
101
118
120
101
105
102
102
101
110
104
101
121
104
119
106
101
115
101
101
101
101
110
119
103
101
101
101
101
101
116
119
129
139
139
129
101
103
116
108
106
101
101
101
101
101
101
119
111
105
101
102
105
101
101
101
122
109
103
106
101
101
101
109
101
120
106
113
116
103
105
101
104
104
101
102
108
101
103
102
