12
11
14
11
13
12
11
11
21
11
18
25
11
32
11
15
12
11
11
20
11
12
16
19
23
15
11
11
11
11
12
11
23
39
33
29
26
29
26
26
26
23
23
16
13
26
43
33
26
29
26
28
26
32
13
23
11
23
14
11
12
27
11
20
23
15
33
23
25
30
20
15
11
16
23
11
21
29
35
31
19
22
21
41
28
19
29
35
13
11
14
11
11
11
12
23
11
11
13
30
13
27
35
11
11
37
11
28
26
39
22
41
23
24
14
11
13
28
41
32
11
17
57
28
36
12
37
36
29
40
36
11
11
26
12
24
12
37
19
26
11
25
19
19
12
37
11
29
36
14
16
35
16
34
38
19
28
46
11
15
24
29
36
50
33
42
29
38
24
19
12
24
29
19
12
11
38
28
39
49
15
42
16
39
39
42
17
36
39
36
29
33
14
35
46
43
30
49
36
33
36
39
43
39
39
33
33
33
39
37
38
29
23
33
39
39
39
39
39
39
33
29
33
31
32
39
39
39
33
33
33
33
33
17
35
35
32
11
40
36
29
21
36
28
32
26
18
11
24
11
11
24
11
11
23
16
11
15
11
21
47
11
16
26
11
21
19
46
11
11
23
11
25
33
39
12
21
13
14
13
34
39
33
29
39
39
39
39
39
26
39
39
16
39
39
39
39
39
33
31
32
33
36
29
26
33
33
33
33
33
33
11
32
31
32
13
36
16
33
33
33
28
41
29
39
31
28
33
33
33
33
33
33
33
33
33
26
33
39
39
39
39
39
39
39
39
43
46
46
46
46
16
26
26
26
43
46
46
36
16
33
46
29
23
26
26
26
46
43
26
26
26
26
16
11
12
12
21
11
13
21
11
13
20
15
11
11
11
13
15
22
11
11
11
11
11
11
11
11
11
14
11
11
11
12
16
11
11
11
11
12
11
11
15
11
11
11
11
11
11
11
12
11
11
11
11
11
11
11
16
17
11
24
16
21
53
22
11
23
12
11
11
11
11
11
11
11
14
19
13
12
15
13
11
11
12
14
11
12
12
13
16
11
11
11
12
12
13
11
13
12
13
11
11
17
11
11
14
13
11
15
19
37
12
15
15
22
11
14
11
19
11
38
11
11
26
13
21
24
11
13
19
12
15
19
11
46
33
26
33
33
28
26
34
36
21
11
23
36
36
11
28
16
26
33
33
33
33
11
16
32
33
33
33
29
17
19
11
36
11
35
26
26
17
32
13
26
11
18
46
61
19
19
11
20
12
13
11
16
14
18
11
11
11
11
11
15
13
12
12
14
22
11
15
13
11
14
11
11
11
14
16
11
15
16
11
19
18
17
11
13
11
12
15
13
14
11
18
12
12
13
19
11
11
25
12
15
16
14
11
12
13
11
11
17
11
18
12
13
11
15
