11
11
21
11
12
14
30
11
25
17
11
24
18
11
18
13
17
12
11
17
13
11
11
11
11
11
13
11
15
11
16
31
11
11
48
26
11
25
23
26
26
26
36
19
46
29
11
34
34
21
11
23
29
19
27
12
19
13
20
21
12
38
11
22
28
11
28
11
13
11
18
19
17
19
11
32
32
19
19
11
11
17
30
28
50
11
34
51
20
11
36
24
19
28
11
11
11
12
11
25
25
13
13
22
14
16
20
18
20
16
43
11
24
39
11
31
11
38
17
11
29
38
23
45
26
30
29
36
33
33
33
11
25
20
23
21
14
32
21
11
41
22
11
21
17
12
18
20
18
15
17
13
43
16
17
23
13
11
28
14
18
21
11
21
16
11
47
11
40
15
12
43
11
15
17
13
20
21
14
34
17
18
16
13
29
44
21
17
60
32
40
24
27
11
39
46
39
33
36
39
43
33
36
36
34
28
39
31
34
37
32
36
39
36
39
39
39
33
33
39
39
23
33
21
32
33
39
39
39
39
39
39
33
36
33
29
11
35
39
39
33
33
33
32
34
31
42
40
36
31
41
16
29
17
35
12
26
26
22
12
26
19
11
16
22
37
24
20
25
27
11
13
13
38
19
11
33
11
36
30
11
14
11
14
12
11
11
17
18
12
12
11
11
15
12
39
39
36
39
39
39
39
36
29
39
36
39
39
33
39
39
39
33
36
33
29
31
32
32
34
33
33
33
33
36
33
29
33
23
36
33
33
33
36
33
25
44
29
11
32
33
33
27
32
33
33
33
33
33
27
32
39
13
39
39
39
39
39
39
43
46
46
46
46
16
26
26
26
43
46
46
39
16
31
38
46
23
26
26
29
46
39
26
26
26
36
49
39
49
46
46
46
46
46
46
46
46
46
46
46
49
12
34
29
13
24
31
16
23
38
24
13
38
38
36
13
36
19
12
39
43
29
23
39
37
11
16
34
26
19
29
29
22
23
34
42
33
42
39
35
34
29
21
24
22
38
38
29
38
25
13
38
25
19
13
36
11
29
28
38
20
34
12
28
28
42
29
29
23
38
30
35
29
11
29
35
12
24
29
22
24
39
22
29
24
29
19
33
28
38
36
11
19
28
28
38
16
12
34
23
26
11
11
37
26
12
36
11
30
38
39
29
34
19
13
26
39
30
23
22
26
13
16
11
38
26
11
38
30
28
27
11
23
15
29
28
28
29
29
19
38
19
37
39
27
30
19
28
28
27
11
28
11
31
24
29
26
26
14
28
27
11
23
24
30
29
27
29
23
16
11
28
27
11
26
11
19
14
14
26
11
19
28
29
27
30
28
27
19
29
27
29
28
27
30
29
29
17
11
22
17
29
36
11
11
27
29
18
28
28
28
19
29
28
37
39
27
29
24
14
11
36
29
37
29
28
24
11
21
29
29
27
29
29
28
29
27
11
11
27
29
28
19
28
28
27
11
28
27
26
22
28
11
30
26
16
26
26
26
29
29
33
29
26
19
26
26
26
33
29
29
26
29
19
26
33
29
33
11
35
26
26
33
29
33
29
26
24
29
28
29
49
19
26
27
42
26
22
29
30
19
28
26
12
28
24
23
27
29
34
25
29
17
11
28
