122
106
101
138
126
116
113
106
106
106
119
101
116
113
106
119
120
109
105
104
118
116
112
114
119
106
101
107
102
103
101
101
122
133
116
106
101
109
101
107
106
119
124
102
102
101
101
110
101
109
104
108
106
109
103
111
101
106
103
108
112
113
104
101
101
102
101
104
101
119
123
113
126
120
104
101
113
115
103
102
110
103
101
104
103
106
111
101
150
113
101
125
112
106
101
102
101
101
103
101
112
116
109
109
165
105
135
106
101
121
104
103
106
116
115
104
101
101
104
101
101
117
108
111
106
101
101
104
101
102
107
121
101
104
109
108
101
113
103
101
102
101
101
109
101
108
101
101
101
101
101
108
101
118
107
101
107
101
101
101
105
109
101
103
101
102
101
101
101
101
109
101
101
103
102
