28
26
26
33
46
53
46
46
49
46
46
49
46
29
23
17
11
42
14
11
19
40
25
48
19
11
41
16
18
11
26
11
39
43
33
33
33
19
39
45
17
22
17
11
33
28
16
11
22
20
17
14
20
21
11
40
20
35
27
44
11
39
20
39
14
11
31
14
35
43
41
21
13
32
43
18
24
11
24
12
29
11
26
27
11
41
11
29
26
11
12
12
19
39
43
16
40
39
39
39
39
39
39
32
11
41
18
16
52
16
25
31
37
28
44
15
21
27
38
38
43
23
38
50
38
21
19
31
23
20
29
40
15
26
53
34
31
35
14
16
17
25
19
12
43
17
32
12
34
23
39
37
36
19
11
25
38
26
18
14
37
38
13
33
11
11
34
32
34
19
22
39
24
22
20
38
24
19
13
26
12
43
20
19
19
19
11
11
34
29
19
16
29
13
36
11
15
24
28
43
19
19
12
44
11
31
19
38
36
11
19
28
34
29
12
38
29
37
28
36
13
33
19
19
11
15
14
28
43
29
29
36
24
28
42
24
35
19
15
31
19
12
28
28
38
34
22
19
28
42
29
26
35
48
38
24
23
43
24
40
35
12
38
38
43
23
42
29
23
38
29
35
12
43
29
29
39
39
39
33
33
26
29
39
39
33
33
33
33
13
29
25
33
33
16
11
43
12
11
12
36
13
11
14
39
20
23
11
30
36
35
36
47
28
28
17
11
19
11
33
29
12
20
41
15
14
14
13
18
13
13
14
11
15
13
14
11
25
18
11
18
33
42
19
18
40
11
17
12
46
30
11
53
33
39
57
45
13
11
25
16
13
33
19
23
53
23
33
23
33
22
30
30
52
36
23
36
27
21
11
12
15
26
30
11
12
25
36
34
11
11
11
14
23
26
11
18
17
30
24
48
17
11
11
43
26
14
22
18
15
21
34
11
29
49
18
15
12
11
32
42
39
21
20
31
13
35
26
11
42
23
13
45
19
42
19
23
43
16
43
38
34
29
11
35
28
35
36
25
36
43
13
11
38
33
26
11
35
28
37
44
26
13
19
16
19
11
35
16
17
13
17
14
11
11
11
15
32
11
11
35
13
21
33
11
28
39
21
37
35
11
21
11
13
28
11
11
17
11
11
18
19
36
12
26
34
47
11
23
11
23
18
41
31
28
11
42
24
11
24
33
19
14
28
33
34
36
11
24
32
19
33
13
21
11
15
13
15
11
23
16
15
11
32
17
11
11
11
17
11
11
11
12
13
12
11
11
13
11
12
13
20
18
11
19
11
11
11
11
11
29
11
20
11
11
11
11
18
17
15
13
11
13
15
20
12
22
12
16
11
12
35
33
18
17
21
11
29
35
12
14
11
25
16
16
11
20
36
41
17
13
19
21
11
13
15
17
33
17
11
31
23
16
25
23
31
13
11
23
11
11
16
11
20
15
24
11
24
16
16
15
19
15
18
11
11
27
29
14
18
11
11
13
13
15
15
11
13
24
11
20
11
11
11
11
13
11
11
12
11
14
17
11
12
16
13
11
11
11
11
11
13
11
12
11
14
12
11
11
11
11
17
11
17
11
11
14
12
14
12
11
13
11
11
11
12
13
11
11
11
11
11
12
11
28
18
14
12
13
14
11
12
11
15
11
11
14
13
18
11
17
12
21
11
11
11
11
13
11
11
24
14
11
11
11
11
23
20
12
24
11
11
11
11
31
11
46
26
33
36
11
25
13
11
16
11
25
14
16
21
11
20
16
24
14
14
23
19
13
11
30
11
21
12
25
27
20
16
26
15
31
13
16
25
34
11
35
23
19
22
28
23
20
11
29
27
12
19
13
27
21
16
19
11
13
14
13
11
11
12
11
25
34
18
33
16
20
29
19
13
11
33
11
17
11
32
13
11
16
25
