11
13
11
11
28
11
11
12
11
11
11
11
17
13
12
11
11
11
19
12
17
11
12
11
12
12
11
11
11
11
16
11
15
14
25
37
11
28
28
24
30
26
29
29
29
29
11
11
11
11
25
11
18
14
11
11
11
11
23
12
11
11
12
23
24
16
11
11
18
13
23
26
19
19
11
25
27
18
33
11
41
11
27
32
39
16
38
15
11
32
22
20
42
11
25
12
30
33
33
33
39
33
26
36
33
16
33
30
36
33
33
33
59
33
29
16
29
34
36
33
31
35
33
27
26
31
33
30
29
39
34
38
34
28
11
29
16
37
35
39
33
33
45
30
19
36
33
40
11
34
25
11
36
35
34
43
36
27
11
34
43
11
26
25
25
11
24
24
16
29
28
14
18
14
31
15
11
28
14
12
14
28
34
16
28
12
28
11
15
24
21
22
16
11
13
25
15
18
11
17
41
16
16
11
27
11
20
15
31
47
24
13
19
17
17
14
23
11
11
12
11
11
16
13
12
12
17
11
12
13
18
18
16
11
15
12
12
15
13
13
11
13
23
19
11
17
12
13
23
16
16
11
11
11
11
11
11
12
16
32
13
29
51
11
25
11
23
26
11
11
12
16
38
13
14
12
11
48
15
16
14
14
12
12
22
11
12
12
11
13
32
22
17
16
19
12
14
37
23
19
54
32
36
24
11
12
19
21
11
16
11
43
11
13
36
11
20
14
11
39
18
41
11
27
12
11
16
17
11
18
13
11
17
20
22
11
23
11
20
14
13
21
11
11
25
11
24
15
11
17
17
11
11
20
19
11
19
16
20
11
39
11
18
18
38
28
13
38
28
29
26
14
11
18
11
37
11
32
24
12
25
29
14
15
11
26
40
30
12
14
15
24
11
14
17
25
31
44
26
16
11
38
12
21
11
22
11
37
18
30
11
26
22
11
11
26
12
13
18
11
34
11
14
22
14
18
32
11
33
13
11
12
18
36
13
17
13
14
26
11
16
11
20
12
19
30
18
25
13
32
17
27
11
50
23
17
31
11
18
45
22
36
26
24
11
11
28
28
20
11
13
18
14
14
23
15
11
19
12
11
11
23
16
19
12
16
11
13
16
56
13
43
27
11
21
23
23
11
25
15
19
25
39
43
29
16
14
19
29
15
18
15
38
11
35
26
11
28
44
18
23
46
12
12
11
25
19
12
21
12
33
11
30
32
11
34
20
14
30
11
32
34
13
39
19
30
11
16
25
33
14
13
20
13
19
13
13
25
14
12
14
16
11
18
18
25
19
12
11
11
11
11
14
13
24
16
17
11
19
20
13
13
12
11
12
19
19
13
28
14
11
12
11
11
28
15
11
13
12
22
17
30
16
28
21
11
27
17
38
16
13
33
20
11
11
14
12
11
11
11
34
19
13
43
16
23
43
43
11
24
17
11
45
14
24
36
21
21
14
65
17
42
16
26
14
13
13
13
12
13
12
11
12
33
12
16
12
13
11
11
11
15
13
11
11
11
11
12
11
11
23
13
12
23
13
21
20
35
12
12
11
13
13
13
18
11
17
11
26
16
30
36
24
11
16
12
21
11
18
11
28
11
11
11
26
36
19
17
25
13
14
13
11
14
11
11
11
12
11
13
11
11
11
11
14
11
18
13
15
14
18
11
13
11
11
12
11
11
11
11
25
19
16
16
19
13
27
25
11
14
11
11
31
23
36
27
18
11
41
15
11
35
31
11
37
28
11
33
11
22
22
43
27
32
23
11
12
16
12
14
13
11
19
34
37
34
20
28
11
18
24
11
14
33
11
15
15
19
11
13
11
22
11
14
11
14
11
13
12
11
11
11
11
11
11
13
11
11
11
12
27
11
24
11
14
11
11
11
14
11
11
11
13
18
16
11
11
23
11
11
11
12
13
11
11
11
13
18
11
11
16
31
13
14
23
11
16
35
11
29
42
12
11
11
11
13
11
15
11
11
11
11
11
13
12
15
11
12
14
11
11
11
11
11
12
12
11
25
13
13
11
11
11
11
11
11
11
11
11
11
11
11
11
11
11
11
11
11
27
11
11
11
19
19
18
11
25
16
16
21
11
23
14
26
11
26
11
23
11
27
11
25
26
24
11
25
11
24
15
11
27
11
17
28
32
17
36
11
22
14
15
11
11
11
37
28
36
11
26
11
24
11
21
20
28
25
12
11
20
28
11
13
30
11
25
24
26
11
20
12
18
20
21
14
13
28
20
11
11
