12
11
11
11
11
11
12
11
12
16
19
12
11
13
11
11
15
12
18
11
11
11
22
11
15
11
11
11
11
11
11
15
11
11
12
12
13
12
18
11
13
16
13
12
11
11
12
11
13
15
17
26
29
25
11
26
17
11
11
20
13
11
14
14
11
11
11
11
11
31
12
11
16
11
11
19
20
15
11
14
34
22
13
28
11
24
18
25
35
30
26
37
11
11
17
12
20
13
11
11
24
23
18
36
20
13
33
18
11
22
11
20
18
16
26
16
13
19
14
22
38
19
14
34
12
20
26
29
33
11
28
40
55
11
21
19
12
32
18
18
11
21
12
11
17
12
20
16
11
11
32
22
38
36
25
27
25
26
38
15
14
15
24
22
17
16
29
22
11
21
17
38
24
47
32
15
11
24
11
15
11
13
11
11
13
51
41
12
32
21
39
11
32
32
48
25
16
14
17
23
31
27
15
24
11
16
27
20
14
52
43
11
38
34
26
14
20
11
30
11
12
30
21
18
43
33
29
16
18
17
35
16
25
14
29
26
26
36
16
19
36
27
11
28
32
16
14
18
11
32
11
23
14
34
11
31
31
12
11
32
23
16
14
42
30
16
29
11
39
29
15
15
14
11
21
26
11
31
11
11
24
47
18
16
22
11
13
12
11
11
19
15
14
13
11
21
13
19
23
26
26
26
26
33
29
33
33
28
25
32
33
33
11
28
19
33
26
39
33
33
33
33
33
33
33
27
28
33
33
33
11
28
33
28
29
62
46
46
46
29
33
31
25
39
43
11
35
39
39
33
33
33
33
39
39
43
33
26
26
29
26
36
24
35
23
33
36
11
43
16
16
11
27
33
33
33
33
11
28
33
29
29
36
28
40
16
19
17
29
17
27
34
11
11
34
14
33
11
16
11
11
19
24
31
11
11
17
24
20
57
32
11
26
11
15
17
16
15
18
11
20
31
22
33
27
36
11
49
19
35
23
37
17
11
21
20
22
17
15
11
22
11
14
20
19
11
13
21
12
25
19
11
15
11
11
11
30
14
11
11
31
31
18
22
23
20
31
28
13
12
39
11
29
21
11
12
33
37
12
21
29
13
11
40
18
43
11
34
29
11
14
17
14
14
13
11
24
24
30
33
36
12
34
26
15
20
32
19
27
13
11
49
18
20
41
11
13
36
13
23
32
11
12
12
15
21
11
11
12
15
11
16
11
11
11
11
27
11
16
11
11
11
11
33
12
29
11
20
15
14
14
12
22
11
20
26
28
12
12
11
11
13
13
19
38
14
35
37
21
23
11
29
11
24
14
11
34
22
11
13
17
17
31
29
11
27
11
19
36
27
35
13
15
19
32
17
18
39
35
11
11
13
26
15
33
17
53
12
22
21
14
14
11
14
13
16
24
15
12
12
21
11
11
11
13
18
17
11
14
11
12
13
14
16
11
11
12
14
13
11
14
16
15
20
11
12
