127
126
133
126
113
116
113
106
101
106
119
101
105
109
136
101
101
137
101
103
114
103
101
116
119
106
126
101
101
107
101
101
116
123
116
101
101
101
108
108
101
113
101
103
121
108
111
103
125
122
118
121
106
129
105
102
114
101
105
104
103
101
101
106
105
103
119
119
113
103
106
106
106
107
102
112
109
105
101
101
106
101
101
101
101
101
101
101
102
101
101
101
101
101
101
101
101
101
116
101
103
102
104
103
101
109
107
102
101
106
107
111
114
106
119
125
102
101
118
126
103
101
102
102
102
103
108
104
102
108
101
111
103
101
102
104
106
117
104
104
107
115
102
104
103
101
101
105
101
101
104
102
101
101
102
101
115
101
113
101
101
101
101
125
116
103
101
106
106
117
105
101
101
111
110
108
