11
20
11
50
24
28
30
22
29
20
23
33
63
16
30
28
33
33
11
38
40
19
16
21
19
35
30
28
29
38
51
15
19
27
16
19
63
57
34
40
11
42
39
43
39
43
41
39
11
35
20
36
45
33
22
28
40
45
27
28
16
11
15
12
15
11
12
12
29
15
13
22
14
11
15
12
16
11
26
11
56
60
43
28
15
11
36
11
41
15
34
39
46
46
38
21
30
46
27
43
55
43
49
13
11
47
11
23
13
25
24
29
20
15
45
28
29
16
16
13
33
41
38
22
32
19
20
25
21
30
30
36
16
19
23
11
11
29
13
11
27
11
32
34
22
11
11
19
35
27
26
35
11
26
12
34
18
14
20
18
16
29
21
38
29
14
38
20
41
28
29
13
18
12
33
11
18
12
40
28
11
16
11
11
18
13
22
12
11
11
11
19
11
13
33
11
18
17
17
11
11
11
12
11
17
14
11
11
11
24
11
15
12
16
11
41
11
26
13
13
23
38
11
20
11
28
26
12
35
31
11
24
11
11
33
32
38
19
13
12
27
43
20
22
13
13
12
12
36
19
17
15
11
42
36
36
35
17
44
53
19
13
53
48
48
18
12
20
17
15
11
17
48
20
22
15
11
15
11
14
11
14
11
11
11
16
23
25
38
33
23
12
22
12
14
18
11
11
14
11
25
16
11
29
13
11
18
11
11
11
11
14
14
15
13
12
15
13
11
25
12
17
11
18
23
11
12
13
11
11
11
14
20
14
23
13
27
11
11
16
12
22
16
14
13
18
11
13
15
11
16
19
11
32
18
23
13
15
31
21
18
16
16
23
48
17
12
23
21
16
32
11
18
11
11
21
18
12
12
21
11
18
24
11
19
11
20
19
27
20
18
43
34
22
39
11
16
28
22
27
11
12
15
11
16
11
32
29
25
16
22
49
33
11
13
29
15
28
29
11
19
52
30
13
11
49
39
11
38
13
26
26
29
41
35
39
23
33
20
24
11
67
30
11
21
12
33
26
25
14
11
32
15
11
37
24
11
28
15
11
34
46
11
25
11
31
43
14
14
47
12
11
36
13
11
44
49
18
41
29
19
11
32
39
42
20
32
24
11
32
23
13
24
31
12
30
31
13
24
11
11
11
11
11
11
11
11
11
11
11
11
11
11
12
11
16
17
11
28
11
16
13
23
13
30
11
25
17
12
11
11
11
13
26
13
13
32
24
33
36
19
31
11
24
39
11
11
11
11
18
22
15
12
19
19
16
13
25
11
16
11
29
17
18
11
25
11
11
13
16
19
12
15
46
11
31
13
51
19
40
26
11
11
23
46
11
18
23
34
20
11
17
21
13
38
11
29
16
11
40
32
26
36
25
37
16
13
25
17
11
11
11
11
31
30
13
22
11
48
17
11
22
11
45
33
20
12
30
13
11
16
26
31
11
27
33
13
16
13
27
11
11
11
13
14
11
27
11
17
25
26
23
11
35
11
43
12
32
34
32
11
11
18
19
16
13
13
19
47
13
29
15
18
37
29
13
41
16
11
22
39
16
13
11
32
11
24
17
11
34
12
11
32
11
28
17
11
27
11
22
20
11
22
11
28
11
13
11
11
18
13
11
30
11
14
28
11
11
15
12
13
25
11
11
11
11
18
11
13
18
15
16
12
11
26
24
11
26
22
39
29
11
26
11
28
28
18
11
18
30
36
11
28
28
27
11
29
11
27
37
29
11
26
11
28
28
18
29
36
20
28
29
17
19
30
28
11
27
29
29
27
29
28
27
30
28
27
29
28
38
28
27
29
28
29
29
26
11
18
11
18
38
17
11
28
11
28
37
36
12
26
11
11
27
28
37
19
17
11
11
11
36
28
22
15
28
37
29
11
26
29
28
37
36
13
19
37
29
28
19
28
38
21
43
33
23
19
19
19
33
26
29
29
29
26
33
