11
14
13
11
11
12
15
13
13
11
11
15
13
13
11
11
12
13
15
19
18
11
11
11
13
11
11
11
11
24
16
26
12
11
26
26
13
12
13
13
11
15
29
29
29
29
22
11
19
27
26
19
14
11
11
14
11
11
11
13
11
11
14
11
20
11
11
18
15
26
26
11
15
17
11
21
23
13
25
21
14
34
33
19
60
26
20
24
25
11
25
21
35
33
34
23
33
33
33
33
33
33
13
11
32
29
29
37
26
26
33
11
28
30
29
59
39
29
33
36
33
29
43
33
26
39
33
26
46
39
33
38
20
59
22
38
33
39
37
35
33
30
25
36
36
39
36
28
51
39
29
29
33
36
41
35
49
36
16
34
11
25
33
17
25
19
28
12
13
23
11
34
11
27
11
22
19
34
11
23
39
11
55
11
13
23
20
11
11
37
36
11
16
33
31
24
27
33
20
16
11
23
44
23
12
11
11
14
14
11
18
15
12
17
12
16
18
11
11
11
11
11
12
11
11
15
11
21
11
11
12
15
16
11
15
12
11
12
11
19
11
11
11
31
33
23
20
14
15
11
17
11
40
12
16
31
11
11
15
13
25
19
13
12
13
12
17
11
11
16
15
11
11
40
23
26
26
29
33
33
23
33
37
29
46
33
29
40
36
33
13
19
33
29
23
33
33
11
28
33
33
33
36
33
33
27
25
33
27
30
45
11
25
11
17
15
11
25
32
41
11
29
21
22
11
28
11
17
37
14
14
30
11
29
36
19
21
20
23
18
14
18
15
37
18
19
12
40
16
22
11
34
22
20
17
19
16
16
13
11
24
16
41
11
36
17
12
30
23
11
23
11
28
41
24
20
14
11
11
35
21
34
11
19
46
11
18
11
29
12
31
11
37
11
34
20
11
24
31
11
23
18
12
23
13
12
11
13
14
13
33
17
45
11
12
15
16
52
17
11
34
22
11
22
40
50
44
26
23
12
23
26
11
15
23
11
11
28
16
18
11
11
20
13
11
19
15
22
11
27
16
16
20
13
40
23
32
13
15
20
13
15
16
16
11
15
17
18
11
40
32
13
26
11
28
15
11
25
37
39
11
35
11
28
35
19
12
51
11
11
24
32
39
56
11
24
15
32
38
11
11
28
17
30
12
29
44
11
20
23
11
34
48
16
35
14
11
15
11
15
11
21
13
11
11
43
11
11
19
14
21
13
21
13
23
16
11
13
28
13
11
11
18
11
27
39
13
24
13
35
11
15
11
16
25
44
22
11
29
24
16
11
44
33
15
21
13
11
31
11
36
11
29
14
11
37
19
19
35
46
28
41
51
11
17
13
11
11
30
36
27
18
29
16
32
33
11
17
22
13
11
33
38
41
24
22
11
20
20
15
14
11
32
26
11
15
11
11
31
15
22
13
11
38
11
23
20
29
11
31
18
11
41
14
32
12
12
42
11
13
29
11
20
26
24
19
20
16
31
13
27
28
11
36
16
11
22
11
28
23
11
11
37
11
15
11
20
16
11
25
11
17
11
18
22
17
28
25
22
23
16
30
23
19
29
16
43
33
11
17
19
11
20
18
11
11
12
11
14
11
11
12
15
11
23
21
12
12
26
11
27
31
13
11
11
11
16
12
16
11
36
14
19
11
11
22
16
11
11
29
11
12
11
12
19
24
11
22
11
11
14
15
15
11
19
11
14
14
14
25
24
14
24
11
29
11
11
11
11
12
11
16
11
11
17
13
11
11
11
11
11
11
11
11
27
18
11
11
11
11
22
23
14
11
23
22
27
26
17
11
19
11
33
18
12
11
25
13
21
12
12
11
11
24
13
11
27
14
12
11
35
11
14
11
13
11
19
26
17
11
16
26
33
30
18
17
11
33
11
25
11
25
26
16
13
30
11
27
30
29
24
17
11
28
31
11
20
24
11
29
12
11
28
20
30
11
17
11
32
33
22
11
26
11
23
15
11
24
11
16
31
14
11
11
14
11
11
12
11
12
11
12
14
13
11
12
11
14
11
12
11
35
36
23
15
11
45
13
16
33
22
11
30
16
14
14
11
14
16
13
13
11
15
17
11
