147
111
117
128
101
108
126
105
119
101
101
102
114
112
102
116
109
101
102
146
105
103
106
109
101
101
109
106
127
123
103
101
110
119
129
119
110
106
119
113
123
103
113
101
133
111
101
101
108
101
101
111
101
101
106
119
113
123
133
113
113
103
101
102
103
101
102
106
109
119
106
113
119
119
109
136
123
143
116
113
106
103
101
138
139
139
139
101
120
108
125
110
108
125
101
101
127
139
119
114
101
106
109
116
116
116
119
119
119
116
116
113
103
113
109
106
116
106
109
109
101
118
101
101
120
119
119
116
119
119
119
102
102
101
101
101
106
101
106
107
102
101
101
101
101
116
103
103
101
102
113
102
123
101
107
101
112
101
101
101
101
102
