101
101
105
105
101
112
116
101
110
101
116
103
104
111
113
101
109
106
101
101
101
120
116
101
118
133
107
123
109
109
125
119
113
109
106
101
105
101
123
114
104
104
103
103
102
103
101
101
109
104
105
103
107
101
106
101
101
106
106
105
103
107
110
103
107
114
101
102
114
116
110
118
105
102
101
125
101
115
108
101
101
101
101
101
101
104
112
123
111
107
103
101
103
113
105
101
109
115
101
111
101
102
121
111
101
108
140
107
101
101
102
101
116
104
108
105
119
104
111
126
111
102
101
101
101
101
102
108
101
114
121
101
101
102
101
102
101
103
113
105
106
114
108
101
101
103
102
101
101
113
101
102
101
101
101
102
104
103
102
105
101
102
101
101
101
115
113
101
112
101
115
101
102
117
101
113
109
101
