117
111
140
109
123
112
126
114
101
132
136
124
106
114
138
110
109
105
105
103
102
133
131
101
101
104
112
114
119
121
102
107
103
127
101
105
101
104
119
103
101
105
101
106
103
101
101
101
124
101
106
126
117
101
138
109
114
134
111
112
103
101
112
105
101
106
101
108
108
108
108
105
101
101
105
106
105
108
110
101
118
102
106
105
125
113
113
116
106
116
103
109
110
101
135
122
101
104
109
131
119
105
106
119
101
101
102
101
103
123
126
109
106
104
110
104
126
119
108
102
108
101
111
106
101
123
104
101
101
101
101
101
101
101
105
101
129
109
119
101
120
121
104
103
101
108
106
101
107
101
101
101
116
101
101
114
116
101
110
101
101
103
118
101
105
101
124
106
106
103
101
119
