11
20
15
14
15
12
11
13
28
32
14
12
18
11
16
17
18
11
22
11
19
19
17
11
11
11
18
11
43
20
11
19
12
12
17
13
11
54
26
48
11
12
18
13
15
11
30
21
38
48
11
25
15
11
15
23
23
16
18
20
19
20
11
32
38
11
22
33
28
18
36
11
28
11
11
23
15
22
17
14
15
14
11
40
24
13
17
27
11
32
17
57
33
24
24
12
11
12
39
18
18
24
17
11
36
11
30
16
19
29
11
16
41
15
22
26
11
39
16
32
15
11
20
45
51
28
28
30
13
35
11
36
16
17
19
11
44
20
16
12
30
30
17
30
17
11
37
35
25
11
28
18
20
16
11
23
15
31
13
29
14
18
11
19
20
20
11
32
11
11
11
24
23
13
18
25
45
37
28
11
11
15
11
11
14
19
11
24
21
15
11
12
14
30
18
17
11
27
13
14
11
11
11
14
12
23
33
20
12
31
18
17
14
11
11
14
11
12
11
13
19
11
11
11
11
11
16
16
29
25
28
11
25
23
16
19
29
18
18
19
11
11
12
11
18
14
11
11
11
23
53
26
26
23
37
17
12
15
11
39
28
30
19
14
31
17
17
16
27
11
41
36
13
46
34
31
17
11
31
20
11
28
17
11
11
21
16
15
20
11
11
18
12
15
21
16
11
13
38
24
11
13
11
29
11
29
14
15
13
11
21
13
11
37
11
15
15
22
19
15
23
34
11
13
36
11
40
18
43
36
11
27
36
17
43
13
12
15
28
29
48
22
25
19
31
15
26
26
33
29
13
19
29
33
23
33
33
33
11
28
33
29
29
29
33
39
33
33
33
33
35
34
19
24
33
45
39
39
39
43
11
24
11
43
56
55
28
23
11
40
31
12
11
11
16
11
11
13
13
11
17
11
11
13
15
11
28
15
21
13
14
12
19
11
11
16
15
12
11
11
17
23
11
18
11
11
34
18
15
11
11
11
13
13
14
14
11
15
17
11
17
13
16
19
12
11
29
21
11
24
35
33
26
51
11
30
15
45
18
31
21
22
15
22
40
17
23
37
11
11
15
13
11
13
11
40
11
38
18
16
14
28
16
19
11
24
15
16
22
26
28
38
12
61
23
33
18
24
12
14
17
19
40
30
43
11
32
21
32
11
29
34
41
42
11
43
19
49
11
18
43
41
25
33
28
39
11
24
40
11
27
27
11
37
11
29
16
11
27
29
11
19
19
22
11
21
12
13
14
14
11
18
30
38
44
13
29
36
11
11
11
30
11
11
18
11
15
27
11
11
28
20
26
23
37
37
35
40
11
17
22
33
53
19
36
30
45
12
35
11
22
14
17
12
11
15
24
11
43
13
