39
46
46
46
42
28
45
49
46
46
26
31
11
37
40
37
32
33
39
39
36
36
33
39
43
37
38
33
33
33
33
46
33
11
25
36
31
28
39
30
39
33
25
44
53
45
41
34
36
22
14
11
41
11
42
18
35
11
35
29
33
35
18
13
20
25
32
64
11
33
18
11
16
11
11
15
38
39
29
29
33
39
39
39
39
39
39
33
33
33
33
27
32
39
13
46
33
29
26
11
25
33
23
39
29
33
11
28
23
29
33
26
33
49
34
62
29
39
39
36
39
39
36
16
33
34
11
33
32
15
18
18
18
11
36
19
49
36
36
26
15
36
34
11
28
36
31
11
34
11
46
18
11
40
25
12
13
43
29
26
11
24
33
17
11
33
11
18
39
17
26
40
17
15
25
29
11
20
16
18
27
17
27
34
31
29
36
19
24
29
29
40
26
29
32
17
16
31
18
26
19
29
11
28
30
16
17
17
17
22
44
28
31
11
34
29
45
23
18
35
28
17
15
29
14
11
30
28
21
33
17
16
23
12
23
12
17
12
29
35
46
34
21
20
26
31
27
21
12
12
14
15
11
15
12
16
15
15
11
11
13
11
11
13
11
18
11
11
18
12
14
17
11
29
19
11
22
39
39
39
33
33
47
11
11
19
11
24
13
14
15
13
17
22
12
26
38
15
18
29
29
16
35
14
13
18
16
13
16
35
30
15
18
11
11
35
12
22
28
32
11
48
11
20
27
18
11
17
18
11
39
19
11
46
33
38
46
33
46
46
19
12
25
44
44
33
18
24
39
11
13
57
40
13
19
31
20
11
22
26
11
40
11
25
11
20
11
11
12
28
11
23
11
24
11
15
25
11
20
13
13
11
55
23
28
24
26
33
19
28
24
18
12
11
37
15
11
11
40
17
11
36
14
19
43
19
21
22
11
14
28
41
41
18
19
22
17
12
13
30
43
22
18
16
11
11
42
11
11
11
26
11
15
48
21
41
23
11
55
11
36
42
27
25
27
28
48
11
26
44
33
30
35
17
16
11
24
38
30
18
11
37
29
14
18
35
33
11
28
38
11
30
36
16
16
35
19
29
36
11
20
12
19
11
16
11
11
21
11
28
14
19
31
12
11
18
13
11
11
11
20
31
13
23
34
40
11
15
15
11
28
33
16
11
11
23
19
11
38
58
34
12
14
11
26
36
46
20
18
18
17
13
11
30
20
13
34
24
11
26
11
23
33
11
34
13
36
22
44
28
12
14
17
16
21
11
14
19
11
11
16
14
14
25
11
12
31
13
14
13
13
13
