115
101
142
143
101
115
113
107
131
101
104
102
101
123
128
110
108
105
108
102
118
103
101
120
119
125
104
123
109
120
113
110
113
101
101
115
119
113
121
108
103
109
106
101
116
106
116
123
106
126
123
118
111
109
103
133
126
128
105
101
120
115
126
106
101
101
103
119
123
113
101
121
109
115
122
119
105
107
105
108
118
123
112
101
101
105
143
113
136
124
117
119
107
101
123
118
124
133
113
129
172
104
102
104
111
101
104
106
109
102
106
101
102
113
102
115
111
120
129
113
113
111
105
101
101
102
101
106
116
101
101
123
101
102
127
114
108
108
104
111
104
111
102
104
101
101
101
101
106
103
104
101
101
101
101
107
117
101
101
101
101
115
103
104
114
101
101
113
102
101
101
