118
106
136
103
103
101
122
110
101
101
109
116
103
105
101
106
119
101
118
122
105
106
101
105
103
110
103
105
102
113
104
117
101
101
102
101
101
109
102
114
109
103
126
104
102
101
106
112
109
102
108
136
102
110
127
107
108
101
103
101
112
103
108
101
111
116
108
103
101
103
106
108
110
111
106
120
110
108
125
118
102
128
101
110
113
112
116
123
113
129
103
114
111
103
129
108
115
108
101
136
120
111
124
107
156
115
139
109
129
101
128
116
128
108
121
101
136
104
101
119
102
104
123
118
101
101
110
101
101
101
122
107
110
115
101
109
101
108
108
126
124
118
104
116
108
101
103
101
107
123
107
119
110
101
101
104
105
120
118
101
103
103
106
101
101
103
115
101
111
101
103
111
104
