56
40
26
40
22
35
11
13
11
16
12
25
16
13
22
13
13
17
30
11
19
18
15
14
11
29
11
28
11
22
11
31
14
46
25
11
38
14
12
26
20
19
11
23
11
18
11
47
11
13
34
23
27
17
38
33
11
17
25
54
18
16
60
29
13
36
13
20
11
40
11
31
23
17
11
17
32
34
44
43
13
28
14
12
15
14
12
11
33
21
21
16
14
11
20
15
18
33
11
63
64
36
11
32
21
12
11
12
15
14
44
29
30
16
22
35
36
32
24
25
23
11
15
36
16
53
43
21
31
36
50
25
14
13
32
28
36
24
26
13
12
21
16
43
40
11
18
11
37
20
18
19
32
19
11
22
21
36
32
46
21
18
12
14
21
26
31
19
12
11
14
11
18
11
23
15
13
14
47
11
36
11
11
14
55
34
51
20
61
36
61
11
24
40
15
18
42
27
26
11
17
12
12
15
11
11
14
24
12
16
11
18
13
14
11
25
13
11
11
11
11
14
11
11
13
19
16
27
16
15
11
27
11
31
12
16
29
15
11
17
22
17
18
35
29
36
19
11
11
13
22
14
14
11
14
13
17
11
12
14
18
11
14
14
21
11
25
43
26
11
31
11
29
13
36
20
41
16
15
20
27
11
11
11
45
39
11
21
29
16
23
11
30
26
33
25
41
38
28
47
25
14
37
34
11
13
43
12
38
30
31
19
50
25
35
45
25
23
17
11
12
11
16
17
12
11
18
17
11
11
17
16
35
14
12
11
22
11
12
11
11
19
14
13
19
23
16
11
13
17
16
27
15
11
11
17
13
12
15
15
16
19
11
17
30
14
17
13
21
11
32
12
11
13
17
36
23
45
17
29
38
14
16
11
13
15
30
12
13
11
16
13
11
11
11
13
12
19
17
11
32
35
18
11
38
12
17
19
39
17
16
23
25
27
14
15
20
11
33
21
21
13
33
43
11
46
33
11
56
36
24
42
11
35
13
16
27
52
46
47
11
37
49
33
31
11
24
53
16
53
49
25
28
38
28
43
45
26
47
49
19
11
45
49
24
33
14
19
11
35
39
26
39
33
31
11
44
39
39
29
49
18
28
40
37
11
38
22
11
33
29
20
13
40
11
11
32
43
46
25
13
15
23
19
11
12
17
18
31
22
21
11
15
24
13
11
17
17
20
11
16
30
17
33
18
11
21
14
11
12
37
33
11
12
13
20
24
16
18
23
19
17
18
11
22
37
47
32
34
30
28
35
12
29
29
38
38
35
19
12
24
23
38
34
22
23
29
33
39
38
34
12
16
14
21
11
32
29
34
35
11
23
13
24
11
26
32
11
33
26
11
28
11
11
46
11
29
24
26
11
22
15
11
11
12
11
32
11
24
11
19
20
19
12
21
11
31
16
29
11
19
21
15
12
18
11
15
11
30
32
14
11
15
36
15
31
11
29
36
11
19
20
11
17
17
22
11
20
28
11
25
32
11
37
11
21
11
33
17
11
27
36
16
11
11
30
12
15
27
16
36
11
11
31
17
34
16
21
18
12
18
11
21
11
29
16
19
11
19
18
25
11
16
11
13
14
18
11
24
14
11
27
12
13
14
17
17
24
11
18
13
19
28
19
12
12
17
11
11
11
11
24
13
18
14
28
11
20
11
28
11
11
32
20
11
24
32
11
17
15
11
11
21
11
15
37
31
20
15
11
18
11
21
22
22
11
22
16
17
11
35
11
16
19
11
25
13
11
24
14
14
14
17
11
16
24
32
11
11
11
25
19
12
28
13
11
13
28
15
15
12
12
18
12
16
21
15
11
21
20
11
17
12
16
14
11
15
35
19
29
11
31
36
17
11
11
15
18
11
17
22
13
11
11
18
11
11
11
14
11
11
11
13
11
11
16
15
11
11
11
25
11
11
15
15
11
12
11
13
11
11
11
15
21
14
11
12
14
12
16
14
11
11
11
11
12
11
12
11
11
18
11
39
11
14
20
21
14
36
34
50
11
26
18
17
14
11
13
11
11
15
14
18
