106
106
136
143
123
112
107
116
116
101
101
101
102
112
102
101
104
106
106
111
102
104
119
106
101
102
119
101
107
108
103
109
101
108
122
120
119
101
101
101
119
101
101
101
125
101
116
106
103
111
113
101
114
101
101
130
103
103
103
110
111
126
106
101
107
104
112
119
127
103
122
113
126
113
101
122
104
118
115
105
117
158
114
104
103
105
108
109
104
105
101
106
116
101
106
108
101
128
115
111
115
112
125
128
101
105
130
139
113
101
103
113
103
116
129
116
119
119
119
109
123
123
106
116
101
101
111
112
116
101
113
101
101
101
101
118
116
119
119
119
119
106
101
102
101
107
106
116
116
116
119
119
119
119
119
113
106
111
112
117
108
106
109
116
116
101
112
101
113
116
