125
101
135
136
113
113
113
110
112
123
117
101
115
114
109
141
115
101
101
118
104
118
110
106
104
105
140
105
102
110
102
121
109
133
101
108
116
101
126
101
121
108
119
101
106
108
111
136
106
120
101
105
114
116
101
111
120
112
106
103
110
108
134
109
109
109
106
113
109
111
101
113
102
112
103
108
103
116
117
104
122
102
101
125
109
113
102
112
101
103
105
101
111
110
109
102
101
109
114
101
116
105
142
101
112
107
103
101
111
101
101
122
101
120
108
120
103
103
101
106
101
103
103
106
114
101
111
107
