134
106
101
138
126
119
103
103
102
101
101
106
101
112
118
101
103
102
125
118
119
125
101
109
112
121
109
101
104
101
101
111
123
101
118
126
101
102
126
106
113
101
110
101
101
102
109
106
110
107
101
104
101
107
103
101
109
114
118
114
106
101
112
102
108
102
101
101
103
102
103
106
101
120
101
110
112
101
101
105
101
107
106
122
101
101
119
105
123
119
120
116
119
133
139
139
139
106
107
103
123
103
107
169
101
101
135
139
119
101
101
102
123
123
103
116
119
119
119
109
123
111
117
101
123
101
101
117
101
101
125
101
102
101
108
104
102
122
121
103
102
104
106
101
101
106
101
101
104
102
108
104
102
101
101
101
102
101
113
113
106
103
106
101
116
101
107
112
101
121
119
103
