11
11
21
28
15
11
25
14
21
28
42
26
32
33
11
21
26
12
49
38
43
19
15
11
27
11
31
27
35
36
27
11
28
33
33
33
33
33
11
25
36
39
24
22
33
33
33
34
40
31
33
33
23
33
11
35
23
29
37
33
26
46
33
33
39
39
39
46
13
16
60
35
38
39
33
33
33
36
36
39
24
29
39
36
36
37
18
13
14
15
24
11
15
15
12
43
43
41
35
16
15
19
19
16
14
53
12
14
14
25
26
34
19
19
12
15
15
37
37
16
11
17
25
16
13
33
11
15
19
11
20
25
12
25
12
11
27
42
28
11
22
40
18
12
13
19
16
11
22
11
11
17
24
19
19
12
11
11
14
11
12
12
24
15
17
13
13
11
18
15
33
21
24
23
11
11
38
44
15
40
21
36
27
11
12
11
39
13
16
11
16
21
17
11
14
15
13
13
21
14
11
14
25
12
11
11
14
12
17
14
14
23
26
26
26
23
33
31
32
33
33
19
27
33
33
36
29
33
29
16
33
33
19
33
33
33
33
33
33
11
32
33
33
33
39
33
33
33
33
46
46
46
30
33
33
11
38
43
46
39
39
33
33
33
33
46
39
36
33
33
26
29
26
29
13
26
19
24
45
33
26
36
13
26
26
33
33
33
33
33
33
11
28
19
29
38
41
33
33
33
29
33
18
31
33
39
39
39
39
47
36
11
45
38
14
47
44
11
35
17
27
11
45
42
23
33
56
29
58
34
47
52
11
22
35
38
93
16
30
30
33
28
34
30
18
14
16
29
31
11
22
13
20
11
56
41
36
49
36
33
43
18
35
12
24
11
21
28
30
13
11
24
11
38
39
18
22
17
16
11
11
17
21
11
19
16
11
11
11
12
25
12
18
28
15
11
11
11
12
25
16
15
14
13
14
14
13
13
26
24
11
11
11
11
11
11
13
13
13
11
18
11
12
29
11
22
26
17
11
11
13
11
13
18
11
13
13
11
30
15
14
17
11
22
23
11
11
51
20
18
12
20
33
11
31
12
12
11
43
20
11
11
36
13
12
41
16
11
35
54
11
11
23
56
16
43
22
11
32
11
14
13
13
23
20
11
13
15
12
12
17
17
11
35
32
36
44
14
14
17
11
17
13
14
12
14
11
20
13
11
11
29
12
13
15
14
18
19
12
11
11
12
13
12
11
13
30
18
12
12
15
11
11
16
12
19
16
11
28
11
23
16
19
11
28
14
11
23
11
11
11
17
11
11
11
16
33
33
16
20
35
16
13
11
13
11
13
16
15
16
11
11
11
11
11
11
14
17
11
11
11
11
12
12
11
12
11
11
11
11
11
11
32
18
11
35
33
18
29
15
17
13
22
14
19
17
12
30
16
22
11
23
31
14
35
11
23
11
11
36
17
11
11
21
26
13
18
11
25
18
11
22
23
29
29
29
29
31
28
29
11
18
29
29
29
29
16
33
29
29
34
22
27
29
29
29
28
11
29
29
29
26
29
29
29
29
16
33
11
22
33
33
26
29
26
29
33
33
23
13
26
32
27
11
18
26
26
29
29
29
29
29
26
26
23
33
13
11
12
20
28
27
29
28
29
38
29
29
33
23
18
11
23
15
26
11
33
24
23
24
41
26
17
35
12
17
33
26
26
26
22
28
31
29
26
26
13
19
13
11
35
11
15
11
38
26
29
19
24
38
19
26
23
26
11
38
26
33
19
26
36
36
11
20
28
28
