101
110
101
114
107
106
101
101
101
105
113
101
102
101
101
120
134
101
106
101
115
110
109
101
103
101
107
101
101
101
114
104
108
101
102
109
111
106
123
109
116
106
117
115
126
113
113
109
113
119
109
103
113
101
132
117
103
102
134
115
103
102
129
105
124
103
120
103
126
116
113
101
106
101
106
128
125
111
116
110
101
103
106
103
126
118
106
121
101
122
103
126
125
121
109
116
101
108
101
111
106
126
108
159
108
116
103
115
101
119
103
101
103
117
111
122
119
119
119
123
109
115
105
101
106
107
101
104
106
101
116
106
101
105
101
105
105
118
101
110
119
101
118
115
101
122
101
104
105
104
101
101
115
104
116
116
101
119
106
101
101
102
113
101
103
101
122
106
106
101
101
101
115
