21
13
23
26
39
39
13
46
46
43
46
46
43
46
46
36
29
13
17
11
38
32
31
31
17
11
20
20
11
11
33
20
12
13
27
25
16
29
27
36
24
34
17
14
14
11
11
47
24
16
39
20
29
11
22
11
41
12
43
17
22
18
36
35
37
15
16
54
54
25
32
24
32
36
31
32
17
15
11
36
18
23
44
42
31
13
11
18
21
20
12
26
32
36
27
23
44
43
22
12
38
33
13
25
30
11
22
27
17
11
11
38
17
12
33
30
46
30
11
11
11
40
21
40
29
19
33
26
27
23
30
19
35
18
24
16
44
32
37
46
28
27
31
19
53
16
33
11
35
39
39
33
33
27
32
23
32
31
33
29
33
26
33
33
33
33
33
13
27
32
33
27
27
47
33
27
25
33
33
33
29
31
24
33
33
39
11
29
33
16
19
11
25
30
11
32
37
31
11
12
44
16
15
24
34
15
20
15
19
18
11
33
25
17
18
11
27
15
13
34
16
14
11
11
11
11
18
11
11
13
25
11
22
25
15
13
11
16
18
53
27
13
29
12
36
33
18
28
36
11
26
11
23
21
32
24
23
18
18
11
35
16
23
13
18
19
11
24
13
11
25
20
15
14
25
12
23
11
20
15
26
46
46
46
33
29
33
36
39
37
32
39
39
33
33
33
33
46
39
36
33
33
46
31
13
25
18
40
22
24
15
23
49
14
13
17
11
28
15
29
17
11
19
34
14
17
23
14
11
22
11
32
11
11
29
12
11
25
33
33
33
33
23
26
12
19
40
11
32
31
17
11
11
29
12
20
12
11
16
15
30
25
11
18
11
21
13
11
22
19
16
23
11
62
59
16
23
19
22
27
32
16
14
26
22
11
29
22
31
15
13
23
28
39
12
12
11
11
13
19
17
13
28
31
14
21
24
11
19
11
15
11
19
37
14
15
11
20
17
13
11
38
31
19
22
22
11
33
11
29
23
44
23
31
12
21
12
14
31
32
18
11
23
39
11
26
11
24
33
11
34
11
11
18
36
17
31
30
11
23
20
29
27
11
39
18
16
22
11
11
52
44
20
15
11
11
18
11
28
11
24
14
16
20
19
11
20
11
34
26
25
20
11
22
11
17
14
11
25
28
11
21
12
23
28
31
11
16
39
11
23
11
24
33
11
11
11
29
11
12
30
14
21
13
19
42
11
28
22
12
65
30
41
31
12
36
29
11
18
43
11
25
39
17
24
16
22
33
28
16
12
18
11
11
11
11
11
11
25
20
14
11
11
11
26
11
15
14
19
16
19
25
41
16
14
26
37
11
21
14
15
34
28
11
19
22
27
12
45
23
11
12
11
13
23
16
11
17
26
15
13
22
11
