11
15
12
15
12
12
11
11
18
11
12
14
21
16
13
17
28
23
12
11
11
13
11
13
17
17
11
26
11
14
12
15
12
12
11
13
13
11
12
14
17
11
23
12
28
23
11
25
36
37
16
19
11
11
11
13
12
11
13
16
11
13
11
11
12
24
20
22
23
11
23
34
18
11
20
38
11
22
13
21
19
23
12
15
11
11
12
11
22
16
34
22
19
19
14
29
23
26
39
11
15
16
16
30
44
39
31
29
39
25
12
28
19
28
11
37
16
32
12
22
47
13
37
32
27
24
49
36
35
40
23
20
33
26
33
33
33
33
36
24
16
31
27
36
31
27
11
29
16
14
18
20
15
15
19
13
16
19
11
42
20
11
32
28
11
27
11
26
51
26
30
37
11
17
11
18
19
18
14
30
13
16
43
18
11
30
29
11
46
24
23
29
27
25
29
16
48
28
39
33
36
39
43
33
36
37
32
43
39
34
38
36
39
11
38
36
39
39
39
33
33
39
39
43
29
36
33
39
39
39
39
39
39
33
36
33
29
39
39
39
33
33
33
33
11
28
27
18
53
11
39
19
11
35
22
17
12
12
11
27
15
28
16
16
20
37
15
11
23
11
39
11
16
20
12
12
15
28
11
20
13
17
11
30
20
11
16
23
31
32
29
19
11
38
38
34
19
12
24
24
32
42
16
29
13
43
29
23
38
28
43
29
29
19
16
24
29
35
11
12
37
19
36
11
38
29
33
23
28
37
11
29
29
37
11
35
13
36
11
25
11
11
44
20
19
19
19
11
14
23
38
38
36
12
38
25
13
29
43
13
39
38
25
19
12
39
38
13
42
24
19
11
37
28
35
11
28
32
33
33
29
39
22
29
28
45
16
24
47
29
34
29
16
24
45
23
53
26
23
16
29
33
45
16
29
19
21
34
26
34
41
49
29
26
39
28
34
22
28
35
22
23
39
23
29
29
34
22
29
19
28
24
13
15
11
18
12
37
26
19
12
37
25
22
38
28
36
11
15
19
22
37
13
39
37
19
12
24
29
22
37
11
35
15
11
11
41
29
33
43
39
19
22
24
36
44
35
35
34
29
16
19
26
29
31
32
33
36
33
33
33
29
16
36
33
33
43
33
43
39
39
31
38
39
43
39
39
39
39
39
39
39
39
39
39
39
43
13
38
24
19
12
28
33
14
38
25
13
27
38
30
28
40
11
26
11
11
28
28
37
20
33
15
37
36
11
11
19
17
20
28
37
29
28
34
13
20
28
19
28
11
28
29
27
29
29
37
11
29
28
38
29
11
27
19
28
28
27
11
28
29
11
27
28
28
19
21
26
28
28
28
30
30
29
18
11
28
11
29
11
27
28
29
24
13
29
28
19
29
28
27
11
28
20
17
28
28
27
29
28
28
28
30
27
11
28
11
28
28
29
35
11
11
18
28
29
27
24
25
29
28
35
12
28
19
29
33
22
11
29
24
14
21
26
27
38
29
19
18
19
28
29
18
29
29
27
11
28
30
27
11
28
28
19
28
28
28
14
24
24
20
11
11
28
28
29
27
29
20
28
33
30
12
28
28
39
37
36
32
18
38
29
27
11
29
28
28
11
27
27
36
11
38
29
28
27
11
28
19
37
20
29
28
27
29
28
19
28
18
30
11
26
11
11
27
29
11
27
19
28
28
39
11
28
27
29
28
