111
101
116
103
113
143
105
106
126
123
111
116
101
108
108
101
101
125
124
124
101
119
113
105
130
126
113
123
101
113
101
101
101
106
106
121
101
103
116
128
131
113
103
102
102
120
101
101
101
101
106
115
101
105
111
101
104
102
101
108
102
102
103
104
106
112
104
111
111
133
107
117
135
124
136
123
136
129
106
103
119
133
139
139
139
133
127
103
136
107
104
102
112
101
101
106
128
101
101
108
126
116
102
114
101
101
105
122
106
101
103
101
102
101
102
101
101
103
101
103
101
101
101
106
106
125
104
116
119
101
109
101
107
101
101
101
101
113
101
102
103
106
101
101
105
104
105
101
102
103
102
101
101
101
102
103
102
101
102
101
101
123
106
101
