105
104
101
101
102
101
114
101
112
120
109
109
103
131
114
126
102
110
102
110
101
109
101
109
105
102
103
101
101
102
108
132
103
123
108
101
110
101
101
105
109
103
103
105
101
103
117
104
101
104
111
131
109
106
101
101
103
112
113
103
101
101
119
101
102
114
103
101
101
101
102
101
104
101
110
107
105
101
102
101
103
119
101
107
121
105
109
146
101
101
104
113
116
106
103
116
122
101
106
114
105
106
101
110
103
110
103
138
106
103
103
105
109
101
101
101
108
122
114
101
106
110
127
105
101
109
101
104
107
108
101
