12
11
24
25
36
37
15
12
19
14
44
18
17
24
11
27
26
26
46
11
19
16
11
33
15
33
32
50
18
13
31
39
33
29
24
33
27
27
41
36
39
19
47
26
33
29
43
33
33
11
28
36
31
32
39
22
11
33
30
26
23
33
27
32
39
39
40
48
19
14
56
33
39
39
39
33
33
16
37
38
43
37
25
43
43
29
38
25
28
54
39
40
31
11
37
21
19
37
20
48
11
18
11
42
14
27
12
13
11
18
30
11
44
11
15
14
45
27
18
11
11
30
21
20
18
13
14
15
12
13
46
26
12
42
11
16
34
38
18
15
11
36
19
25
21
30
14
18
14
26
17
11
34
37
14
54
11
11
30
41
16
19
11
20
11
26
16
20
45
12
30
18
11
11
20
43
19
13
31
22
17
48
11
29
26
21
32
21
29
23
26
26
26
33
33
36
33
33
29
29
33
33
36
43
33
33
33
31
35
33
26
33
33
33
33
36
33
33
33
11
28
33
33
13
19
46
46
46
39
43
33
43
39
37
32
39
39
33
33
33
33
46
39
36
33
33
26
29
26
27
29
33
26
23
33
21
41
23
11
12
13
14
32
33
33
33
33
26
33
13
33
35
47
33
33
33
33
29
31
28
37
33
46
39
39
39
20
16
18
31
13
44
56
49
22
15
38
33
16
22
33
41
13
22
23
29
16
33
53
33
23
46
56
36
26
53
11
45
23
26
67
38
27
22
28
15
17
27
11
31
12
19
11
12
11
11
11
11
12
12
24
17
11
11
14
11
11
11
20
11
13
11
13
13
20
16
27
17
13
13
11
16
12
17
15
11
15
32
17
34
22
20
34
25
12
19
12
15
11
12
12
13
23
13
19
15
17
17
12
14
13
12
13
16
20
13
13
11
11
29
19
16
33
42
39
23
47
35
23
23
35
34
33
42
23
42
23
35
11
18
12
37
35
11
16
14
35
12
43
14
28
36
11
20
15
29
22
28
28
43
30
23
33
29
29
29
11
30
28
42
34
30
34
22
33
23
30
24
22
43
33
46
11
11
38
36
