119
101
102
101
129
113
109
122
120
111
105
101
121
112
109
101
105
110
105
120
105
119
108
123
101
110
106
104
129
111
102
109
101
101
101
137
101
122
109
116
107
101
104
113
119
106
101
105
119
113
101
120
101
101
114
121
114
111
105
127
112
101
102
104
116
116
106
113
119
103
125
101
103
101
103
103
101
103
126
101
101
120
119
136
109
123
133
133
106
113
139
136
139
139
139
109
102
109
115
106
101
125
108
111
110
119
109
101
105
115
105
101
117
102
126
106
113
116
111
106
101
106
126
119
101
116
106
107
105
116
106
104
107
110
106
105
111
109
101
101
114
104
116
110
102
106
106
105
101
104
115
116
114
108
104
101
101
110
101
101
101
109
109
116
114
138
116
109
115
105
106
