34
26
26
46
59
46
46
49
46
46
49
46
39
39
39
28
15
35
29
39
33
39
19
35
11
24
15
16
17
18
19
11
12
36
26
11
14
12
15
20
11
19
23
22
36
11
46
30
11
15
20
16
27
33
26
36
35
17
30
26
23
11
34
33
11
37
11
43
26
39
29
12
25
35
11
18
35
36
38
43
20
43
26
29
12
11
49
11
11
30
37
32
11
20
20
19
46
29
34
43
28
38
14
17
19
31
16
16
22
29
23
11
29
11
46
12
25
15
11
20
32
11
21
17
18
33
30
13
29
25
11
31
12
12
26
28
27
46
48
47
12
40
11
40
13
11
45
39
11
35
39
33
33
33
33
36
33
29
31
32
33
36
36
33
33
27
20
32
34
32
33
11
32
39
33
26
11
28
33
33
26
16
19
17
25
33
33
11
28
13
36
11
19
25
17
11
25
26
23
14
21
16
11
23
18
19
36
33
14
11
31
40
16
43
11
30
19
11
39
14
23
11
28
14
20
11
14
11
11
12
12
16
12
16
14
19
12
15
11
20
40
49
27
36
26
34
31
21
28
27
33
28
19
25
11
13
11
32
16
22
15
11
27
14
23
30
11
33
24
11
12
28
11
31
23
14
31
11
20
11
13
11
13
11
16
18
12
11
14
11
15
13
11
12
16
11
11
11
13
12
12
11
12
11
12
11
12
17
14
14
11
14
18
11
12
12
14
11
14
14
12
13
17
11
12
11
11
15
20
13
13
14
11
18
17
27
12
25
13
24
11
25
26
11
29
11
40
32
16
27
16
13
13
27
20
15
15
14
11
16
11
11
33
23
29
16
13
37
20
11
13
11
11
13
14
20
23
11
16
19
32
11
27
42
12
11
11
12
11
14
29
21
13
11
27
24
11
17
42
23
11
45
32
28
38
53
26
19
16
26
26
26
24
49
46
11
11
37
23
49
43
23
26
26
26
46
46
26
26
26
36
46
73
39
46
46
46
46
46
46
46
46
46
46
46
39
33
33
30
18
20
37
40
22
13
15
11
14
11
36
11
50
52
11
30
11
13
19
12
13
28
18
36
18
12
14
32
15
19
12
17
43
11
48
44
45
46
46
46
46
26
29
26
36
29
33
33
23
33
33
34
25
39
36
33
29
26
33
43
39
39
33
29
39
36
39
39
39
39
39
39
39
39
39
39
40
43
33
33
29
26
33
33
45
19
46
11
33
39
32
37
11
18
33
29
33
31
28
33
33
33
43
30
21
34
11
29
36
11
29
45
26
26
11
11
34
26
26
29
19
29
11
35
11
11
37
36
14
35
29
27
11
11
16
11
14
11
16
17
17
16
11
11
11
27
11
25
12
16
11
13
11
12
14
19
14
11
11
13
14
11
12
11
17
11
33
28
25
33
33
19
36
11
35
32
39
11
15
11
37
21
11
28
11
38
13
21
21
19
11
15
11
11
11
17
17
11
23
13
19
15
15
12
11
28
11
18
11
15
32
28
17
18
11
12
16
31
11
14
11
15
11
11
12
17
23
12
14
18
28
11
12
16
26
32
15
13
19
12
11
13
11
20
17
13
16
14
11
11
11
20
19
26
18
12
11
26
11
11
11
19
12
11
11
19
11
13
31
26
14
12
11
11
12
11
11
14
23
24
29
13
11
28
13
33
26
26
26
28
22
28
33
29
26
21
28
33
39
29
12
11
29
25
28
20
11
11
19
11
25
21
17
17
13
25
22
12
15
21
34
12
31
30
29
19
12
16
19
11
11
25
16
11
41
14
11
21
11
41
28
11
31
11
34
11
32
29
12
11
13
11
11
14
14
11
13
11
11
11
11
