15
23
26
23
43
49
46
49
46
49
46
38
20
11
42
35
18
13
23
20
11
28
19
50
46
47
30
16
13
11
11
14
12
15
11
36
35
23
38
19
47
11
30
11
15
18
11
37
22
11
11
11
11
27
24
29
19
23
33
24
38
27
17
23
17
11
39
26
14
23
11
20
16
19
11
40
14
14
33
17
32
11
11
35
11
18
11
11
11
16
31
26
34
48
11
11
29
11
36
37
29
11
22
15
33
19
13
36
36
24
33
29
13
35
12
35
22
11
11
24
11
29
38
38
29
38
28
20
36
12
44
13
38
28
42
29
22
25
33
38
21
45
26
19
49
30
46
21
28
43
23
36
12
34
19
22
27
19
12
22
29
32
11
24
24
36
11
29
29
34
36
26
29
29
51
25
26
29
23
36
32
25
23
43
24
25
19
12
34
24
33
42
13
38
29
29
36
11
29
38
19
28
36
11
20
24
19
29
36
23
38
14
29
12
24
29
22
38
25
19
11
15
29
19
16
34
35
12
24
23
36
11
19
35
12
34
23
36
11
29
30
36
23
26
27
58
18
43
11
29
16
29
23
35
31
18
22
21
43
11
18
11
60
26
23
13
20
14
19
11
13
39
39
49
39
39
39
39
33
39
39
43
39
39
46
39
39
33
36
33
29
33
22
41
26
33
33
27
32
28
34
33
29
36
29
33
33
33
33
11
25
33
29
33
24
28
33
33
29
36
33
33
27
32
32
34
29
43
46
39
39
39
39
39
43
46
39
53
46
39
29
26
29
46
46
46
46
39
43
33
26
26
26
43
46
29
26
26
33
46
49
49
46
46
46
46
46
46
46
46
46
46
46
46
33
33
29
15
11
16
21
20
14
17
17
14
11
11
13
11
15
13
19
11
13
25
11
41
24
27
17
11
14
36
14
11
40
11
45
11
11
32
48
19
45
49
46
46
46
46
46
33
16
26
20
11
31
36
33
24
32
33
28
50
11
28
11
32
33
36
33
43
39
39
35
27
39
36
39
39
39
39
39
39
39
39
39
39
39
36
33
33
33
49
33
33
29
26
23
43
27
25
33
26
26
33
33
36
33
21
39
32
33
29
33
26
26
26
33
26
20
33
29
26
26
21
34
26
26
26
29
19
29
29
29
29
26
12
37
26
29
23
29
25
11
20
28
11
20
29
29
29
29
29
29
29
29
29
29
26
29
29
29
29
29
29
29
29
29
29
29
29
29
29
29
29
26
14
24
15
12
11
11
11
11
14
11
11
17
15
12
11
11
11
18
11
13
11
12
11
17
11
12
11
33
26
26
26
26
26
26
22
37
29
17
42
26
29
17
28
29
29
25
30
29
11
28
29
29
29
29
29
29
29
29
29
29
29
29
29
29
29
29
29
29
29
30
33
23
26
26
26
23
29
29
13
29
26
36
26
26
29
11
22
29
28
27
26
26
26
29
29
43
19
26
26
29
29
29
29
26
26
33
26
29
29
13
11
18
26
29
19
19
26
19
43
26
29
33
43
26
18
27
29
29
30
26
26
11
32
13
