111
106
117
101
101
104
109
103
111
109
136
129
119
101
106
101
108
104
109
110
101
116
106
106
101
129
114
102
110
104
101
110
101
101
102
108
113
118
129
101
105
103
101
109
109
119
101
101
109
119
101
102
108
106
101
104
115
105
126
122
103
110
101
106
108
119
113
123
106
113
101
103
101
103
129
101
101
103
101
101
101
113
119
123
139
113
106
143
101
108
109
143
103
139
139
139
136
101
101
110
116
120
187
101
109
113
139
101
108
101
108
111
101
125
101
101
106
115
108
106
101
115
103
122
101
118
101
101
103
104
101
101
102
107
108
116
105
104
101
108
101
101
114
101
101
101
101
109
104
113
101
104
109
109
101
106
109
101
113
107
101
123
108
102
101
101
101
102
102
101
112
101
