11
39
39
46
53
46
46
49
49
46
46
26
29
23
39
39
43
33
33
39
39
39
33
33
39
30
19
21
11
14
11
19
21
33
11
11
34
14
35
11
38
26
11
28
46
19
56
40
11
38
11
54
11
11
36
21
28
31
33
33
11
28
33
29
34
31
32
19
29
11
25
33
32
50
43
46
39
29
33
36
33
29
29
33
26
33
33
33
22
37
39
39
39
36
26
13
42
33
39
39
26
33
33
43
36
30
26
43
18
24
33
29
43
26
23
31
32
31
20
36
43
16
29
38
31
11
32
19
33
20
14
39
18
18
29
18
11
36
38
11
20
12
11
24
39
40
39
42
31
13
29
14
34
15
22
15
18
23
29
21
29
22
12
11
14
11
11
11
11
11
22
22
18
33
27
11
27
11
38
16
22
14
32
16
15
14
11
34
11
25
16
11
43
13
18
38
12
29
11
32
12
39
22
11
17
34
29
14
17
20
12
26
27
25
37
31
18
23
26
26
26
26
49
45
17
31
43
31
11
29
18
33
29
25
32
59
11
34
33
11
36
11
20
34
40
39
16
13
11
11
17
21
11
13
11
12
13
36
43
33
23
28
38
13
11
11
12
13
30
39
29
23
22
33
17
17
36
12
34
43
37
45
27
31
11
32
29
11
11
36
43
45
11
26
36
43
15
35
37
13
11
32
11
42
28
45
12
12
11
26
35
46
23
18
34
36
44
36
43
13
23
42
45
25
21
11
11
27
25
12
11
15
15
11
39
20
11
24
13
16
35
27
16
11
42
39
15
11
12
25
24
23
26
39
39
19
23
11
11
40
24
11
25
41
45
43
36
43
23
23
26
27
21
20
30
23
28
11
15
21
13
30
21
11
12
11
28
11
11
17
11
12
11
11
11
11
11
20
22
12
17
17
14
12
11
20
19
28
25
12
13
11
11
11
12
12
26
11
11
15
11
13
11
17
11
11
11
11
20
13
25
16
42
18
13
19
11
26
11
19
26
14
20
19
11
11
19
11
11
18
11
16
11
11
14
11
15
12
11
15
11
25
16
48
11
20
31
13
16
11
12
11
13
18
13
19
19
14
11
24
14
20
11
11
15
13
12
18
11
11
11
12
11
11
11
14
11
14
15
18
20
50
19
17
15
27
19
42
15
13
17
16
26
17
15
17
21
11
16
27
33
11
14
22
17
14
16
41
11
11
11
13
11
44
21
35
43
16
34
11
14
15
17
13
11
24
14
11
23
45
17
22
21
11
42
29
11
24
11
12
11
16
15
20
11
14
23
12
12
11
14
22
17
15
11
20
15
12
11
13
13
14
11
19
12
16
25
13
13
11
15
15
14
14
11
11
14
13
11
11
39
12
22
33
26
23
25
11
16
11
11
11
11
14
15
12
27
14
13
11
11
11
11
11
12
11
11
11
11
13
16
12
12
11
11
16
11
11
16
19
11
11
19
11
11
11
17
11
16
13
11
13
17
12
14
23
27
36
28
34
11
35
27
14
11
23
11
22
15
12
28
16
11
28
13
16
19
11
26
11
19
11
22
11
32
11
35
23
13
11
13
11
23
37
36
29
23
34
11
26
11
20
11
30
24
11
36
16
33
11
27
23
29
15
22
33
13
11
23
18
11
21
19
16
17
21
18
11
25
11
11
12
14
21
11
26
26
21
11
11
15
11
11
11
15
29
25
11
19
36
28
13
11
33
11
11
13
11
14
11
25
16
12
11
14
13
14
11
11
11
13
12
17
11
18
11
11
15
13
12
11
11
11
16
16
11
11
11
12
11
13
11
11
11
11
15
16
15
25
40
35
33
32
33
26
23
27
32
24
12
16
28
28
29
23
29
19
29
24
28
29
23
26
11
25
27
25
11
11
11
20
12
12
12
11
15
14
13
11
16
11
27
42
17
11
20
17
19
33
25
17
11
29
27
24
27
29
33
20
29
36
21
24
25
11
20
28
11
11
11
24
11
14
12
11
14
15
