22
32
40
11
11
34
33
24
11
11
27
18
11
11
13
11
11
11
13
11
12
19
11
22
11
29
22
15
16
15
17
17
16
16
26
21
31
11
11
14
46
33
15
36
13
25
15
11
13
26
56
12
25
12
24
25
46
36
41
31
31
28
46
38
25
25
42
34
40
46
11
11
11
24
13
15
33
30
26
11
17
11
19
15
12
11
20
11
13
13
12
11
12
13
13
17
21
11
16
21
11
11
23
14
62
37
42
41
26
18
19
12
12
11
13
20
40
23
11
22
20
28
45
53
33
17
54
11
38
11
15
12
11
11
11
19
12
15
14
24
21
19
13
32
18
38
13
34
21
37
14
12
43
17
11
11
36
13
35
14
26
16
33
35
52
24
42
13
17
11
29
11
11
39
24
22
11
13
11
13
12
11
15
14
12
12
27
12
21
27
23
11
20
15
23
11
26
16
11
19
17
34
22
11
40
16
13
18
15
37
30
50
71
28
28
13
11
18
11
14
11
14
15
22
11
27
22
11
16
15
15
13
11
12
23
11
13
20
11
11
14
11
15
20
14
11
15
11
11
21
11
17
13
20
14
11
11
11
12
11
12
11
27
27
17
35
51
11
40
13
23
20
16
14
20
11
31
11
15
12
14
13
12
12
11
11
15
20
17
16
13
12
16
20
11
11
12
11
17
28
40
42
19
33
59
46
56
48
31
19
11
45
24
11
19
13
22
23
47
18
12
12
11
19
24
13
13
11
13
13
17
14
48
33
33
14
24
14
18
11
11
15
11
11
15
12
11
12
15
11
13
24
12
18
14
11
11
18
13
18
11
11
15
14
22
22
18
11
13
11
11
11
25
23
13
26
11
24
19
11
11
21
15
11
18
21
13
11
12
11
11
11
11
12
28
11
28
14
18
12
21
12
11
25
11
26
11
25
21
11
23
21
30
14
11
11
11
19
20
11
12
22
13
17
13
17
11
20
26
11
13
18
19
11
33
36
26
16
23
33
14
11
28
11
26
16
11
39
17
11
43
15
11
30
35
13
53
22
33
14
28
38
11
53
49
19
30
45
22
33
44
43
16
39
11
27
35
29
30
56
33
34
22
16
39
23
13
26
23
39
53
29
11
46
35
24
13
51
11
61
44
26
11
48
27
22
46
13
23
31
11
11
11
11
29
11
30
31
17
11
12
12
12
11
13
12
18
16
16
11
17
13
19
11
13
11
11
11
12
13
20
11
19
12
20
28
13
28
11
39
26
21
18
11
14
20
14
12
11
12
14
28
26
12
11
13
30
20
14
11
16
11
11
13
11
19
11
32
33
36
11
11
19
21
18
12
28
14
12
13
11
22
14
15
14
12
18
18
11
17
29
46
29
47
44
49
20
22
33
44
53
34
19
22
36
51
34
34
58
25
73
15
29
17
14
17
14
16
11
11
12
12
11
12
15
14
11
17
14
11
11
16
14
14
13
15
12
11
11
14
13
19
12
18
16
14
12
11
11
13
11
11
11
12
14
12
17
15
11
13
12
14
12
16
13
