58
26
29
46
66
46
46
23
46
46
50
46
35
20
32
14
19
13
28
32
20
32
18
11
25
11
36
47
23
12
33
11
24
30
14
25
11
28
32
11
37
46
26
31
35
33
26
39
33
23
33
33
36
46
26
14
11
41
22
19
11
13
11
16
11
29
13
11
41
13
28
12
18
23
30
22
11
22
19
15
12
27
12
42
17
59
21
15
37
32
42
25
11
37
29
26
16
33
39
39
39
39
39
39
33
33
33
33
26
33
35
34
43
29
33
31
32
29
33
33
23
33
29
33
29
33
29
36
36
33
28
32
32
39
39
36
39
39
49
40
13
18
62
37
13
17
11
51
43
48
11
33
17
38
23
36
20
52
57
41
11
22
13
14
11
12
24
21
18
11
12
19
15
11
14
18
11
28
11
11
11
20
23
13
18
11
12
16
19
20
29
11
30
33
13
25
40
36
17
13
14
25
28
27
12
16
19
11
11
25
11
16
11
16
19
12
13
11
13
11
19
16
17
11
16
11
12
11
11
13
14
12
11
15
12
12
23
11
20
12
29
14
21
13
37
56
29
29
20
17
59
41
42
11
59
11
32
39
19
14
22
46
12
27
36
11
38
39
11
35
19
16
11
34
11
23
20
12
29
36
46
36
27
23
32
17
21
13
11
36
40
22
11
39
39
35
37
29
23
11
24
31
19
19
39
36
14
19
11
22
13
25
11
36
26
17
36
34
11
24
15
32
11
30
11
34
25
14
18
11
36
26
13
18
24
17
11
25
35
45
48
48
31
11
37
15
12
41
43
11
29
35
34
34
36
36
11
43
46
31
43
36
22
11
49
29
22
37
15
40
30
49
24
37
29
14
28
36
44
53
16
39
16
47
12
16
43
39
24
37
30
33
49
43
21
24
30
35
11
44
11
45
51
35
12
25
30
40
27
46
12
19
11
38
20
11
38
36
44
42
39
19
11
42
16
11
35
35
29
17
28
11
31
18
32
11
11
13
15
33
13
15
11
28
16
11
11
18
12
16
13
18
24
11
14
11
13
11
43
39
27
21
16
26
33
16
11
11
11
20
21
12
20
11
15
11
11
25
18
16
11
32
12
46
11
14
18
17
15
21
12
23
28
11
29
49
29
28
13
16
22
14
38
11
30
18
16
12
33
22
11
18
18
13
28
37
12
29
30
24
23
11
22
21
20
28
13
38
14
33
33
36
31
11
28
17
35
35
11
33
14
37
13
11
11
24
27
36
11
39
20
14
12
11
34
33
11
12
27
13
17
19
11
31
12
11
11
31
11
25
13
19
19
13
11
26
18
16
13
18
11
34
28
11
