38
46
43
56
46
13
49
49
46
46
26
29
19
37
39
39
11
32
33
39
39
39
33
33
39
63
43
33
33
31
35
46
33
33
24
36
25
39
39
43
33
30
11
33
52
49
14
40
20
20
11
19
20
12
19
20
18
11
36
19
17
21
24
21
32
11
22
51
55
23
52
21
19
11
22
11
12
19
11
19
39
31
31
36
39
39
39
39
39
39
33
33
33
33
33
11
28
39
36
36
31
31
33
29
31
25
13
33
36
33
29
31
32
35
31
35
34
59
33
39
39
39
43
39
35
30
13
23
19
11
13
11
32
11
19
11
12
11
11
13
29
25
30
43
11
39
26
21
16
26
15
32
31
25
31
16
28
16
22
14
29
22
23
27
24
13
33
15
14
12
21
18
11
11
35
12
31
11
17
13
13
16
17
19
17
11
11
11
31
47
13
18
21
16
13
11
24
11
11
21
11
19
22
12
17
26
11
28
19
24
15
34
28
11
23
25
11
29
22
37
34
11
18
22
34
19
12
40
42
30
48
23
56
46
15
27
11
39
53
22
11
11
27
14
17
11
16
30
32
30
16
17
14
13
11
11
11
20
16
16
12
29
20
29
32
24
20
20
15
13
14
11
18
18
11
12
11
12
11
11
19
11
19
15
11
25
15
11
22
12
11
11
19
12
12
11
11
20
12
12
13
11
26
20
19
11
12
18
13
18
14
17
22
20
16
13
20
13
25
29
13
16
11
15
11
28
16
19
11
26
11
18
11
29
12
11
26
11
20
15
16
12
14
23
47
11
27
11
12
11
31
11
19
11
11
15
14
13
13
25
14
13
13
11
12
11
16
15
16
16
25
11
23
39
28
29
13
18
11
28
15
11
17
15
11
13
11
27
12
13
11
16
11
23
19
33
15
52
15
33
28
45
11
30
49
43
23
14
12
13
36
13
29
19
39
36
46
46
23
19
26
13
21
22
52
33
40
30
22
11
30
13
25
17
11
11
11
11
11
12
11
11
12
16
13
11
11
11
12
23
16
11
12
15
11
21
12
11
11
11
15
24
13
11
17
18
11
20
14
11
11
12
11
11
15
11
11
16
11
25
25
24
13
17
11
25
11
11
11
11
11
13
13
14
13
14
13
13
12
16
14
12
20
22
13
12
16
21
12
14
13
11
18
12
32
11
37
35
15
11
17
20
13
11
15
13
14
26
23
11
15
18
25
16
29
11
11
15
11
11
17
11
11
11
12
21
11
18
38
26
11
25
20
16
16
16
23
12
11
11
17
11
16
12
16
28
18
11
18
11
39
32
33
13
31
20
33
11
34
13
18
33
23
40
35
15
11
11
33
12
20
11
