113
108
101
109
119
119
116
101
113
106
101
105
101
103
104
111
103
133
123
116
116
105
101
102
123
107
101
119
106
115
121
126
108
115
115
106
101
105
104
104
105
122
106
128
118
126
105
116
105
112
106
105
129
120
115
103
113
101
112
113
106
106
129
103
113
101
101
123
106
106
118
118
109
117
106
129
114
101
102
101
112
119
125
118
139
118
101
116
119
109
101
106
115
116
116
123
119
102
101
105
101
101
101
104
114
109
115
101
102
106
101
112
119
103
101
126
119
111
135
117
102
101
110
101
101
101
104
105
107
103
101
104
106
101
101
101
101
107
102
101
102
105
104
101
102
101
101
101
101
102
106
105
101
101
108
104
101
101
101
101
103
101
101
102
101
105
101
101
104
103
101
113
101
101
103
