13
23
11
35
27
40
40
25
11
36
11
24
34
11
26
11
25
18
11
29
32
18
12
33
36
29
11
28
12
18
24
23
11
35
26
11
19
16
11
44
11
12
15
51
25
32
32
20
26
56
23
17
38
12
37
50
26
42
41
11
29
18
20
66
19
11
24
24
39
15
48
12
17
19
11
14
11
15
15
11
24
32
18
24
11
22
13
16
12
16
24
25
36
62
71
19
26
15
12
20
17
14
23
55
39
11
26
70
17
35
55
37
38
13
22
40
11
31
26
15
17
15
14
16
35
27
11
15
28
19
29
14
33
11
29
11
11
31
43
24
21
18
24
23
33
26
24
28
30
29
16
11
11
18
11
32
15
11
12
35
20
22
22
18
21
15
12
46
12
31
11
15
22
18
21
40
21
28
21
23
36
20
32
23
47
21
34
17
24
30
28
13
13
14
35
11
22
19
11
17
14
11
19
16
24
21
11
16
11
11
22
41
18
28
11
23
11
14
11
13
11
12
11
22
11
11
31
11
18
16
21
12
15
22
31
13
11
17
18
11
11
11
15
15
17
25
14
16
34
15
26
24
11
33
26
28
17
36
42
23
21
33
13
35
19
11
36
45
46
59
26
28
18
13
40
13
22
13
22
11
38
11
14
38
38
33
33
42
29
26
33
11
27
15
13
26
23
31
39
36
39
39
39
39
39
33
39
39
43
39
35
31
39
39
33
29
33
33
23
29
39
33
33
33
33
11
28
36
33
29
29
33
36
33
33
33
36
33
29
11
28
29
43
33
32
30
23
33
33
33
11
28
33
33
11
35
33
39
39
39
39
39
39
43
46
46
46
46
39
26
26
33
46
46
46
49
56
43
23
26
26
33
46
36
26
26
26
39
49
39
63
46
46
46
46
46
46
46
46
46
46
46
43
23
23
11
25
13
29
37
36
11
15
13
38
34
23
46
23
11
35
28
11
13
38
28
34
11
17
12
111
28
39
28
35
11
22
23
29
23
13
11
42
46
46
46
46
39
43
14
11
15
52
11
24
35
11
13
29
11
11
41
11
26
18
11
27
14
21
12
23
13
14
40
27
35
26
25
15
27
21
23
16
39
48
11
34
30
15
21
13
45
19
32
12
30
29
45
13
36
13
43
11
23
16
12
25
49
17
18
19
18
32
33
33
29
40
27
12
20
11
11
13
25
28
16
12
14
11
11
28
17
13
33
29
33
11
26
19
11
11
13
29
11
26
31
11
24
13
12
11
15
16
19
11
11
12
12
11
25
11
22
15
12
13
12
11
17
11
11
18
13
18
11
11
22
16
15
11
11
14
11
11
11
12
11
20
11
19
29
14
34
11
18
11
11
11
11
11
22
13
25
11
25
32
11
23
17
13
11
31
11
19
19
13
27
31
19
37
29
13
27
11
26
11
24
12
13
16
26
30
16
11
21
27
29
23
11
22
11
28
29
11
11
17
11
21
17
11
28
11
11
12
11
27
16
17
14
19
18
17
11
11
14
14
11
29
28
13
27
25
11
11
16
11
11
11
26
12
11
13
11
11
33
17
22
11
21
14
11
27
11
24
11
24
11
18
42
26
19
20
42
26
19
15
17
15
11
18
13
12
11
11
26
26
23
26
23
30
29
29
29
36
16
13
19
26
26
26
26
26
33
21
35
26
29
26
29
29
29
33
23
11
18
18
11
25
11
13
21
25
11
19
11
12
12
17
14
11
11
11
11
11
12
17
11
14
12
11
19
13
17
16
11
21
18
15
13
15
11
11
18
15
11
16
12
15
14
17
26
11
26
11
23
11
27
11
11
23
12
19
16
22
11
12
11
22
11
30
35
