11
11
20
14
25
29
11
11
11
25
11
17
21
11
11
11
11
11
17
11
13
11
14
12
11
16
11
13
24
11
11
11
23
13
49
22
26
26
16
26
26
24
38
26
13
26
56
19
26
29
26
29
11
11
17
13
14
22
16
13
14
18
19
12
14
13
30
11
11
15
19
11
18
36
32
21
31
11
12
14
25
14
11
29
16
30
41
38
39
31
23
11
36
33
33
22
45
29
11
23
23
36
12
37
21
11
34
56
36
23
26
11
29
30
11
26
11
33
26
49
19
19
12
28
34
29
30
26
13
39
28
26
11
17
11
34
19
11
35
23
28
19
20
54
12
43
13
38
19
35
11
15
24
35
19
12
37
20
35
13
37
25
20
13
43
19
51
25
19
16
30
22
36
11
11
19
28
46
12
38
19
26
12
38
28
39
24
19
19
12
24
38
30
28
36
11
15
13
32
34
19
36
46
24
35
11
24
23
29
38
25
19
19
13
39
39
24
23
39
38
28
38
24
19
19
12
39
24
19
11
18
11
19
36
11
29
35
16
29
19
19
11
11
37
36
30
38
24
23
42
29
23
36
11
28
38
25
22
38
30
55
36
16
23
41
29
46
20
38
19
35
19
16
29
29
16
34
35
12
24
26
25
47
30
38
29
38
43
24
35
19
16
29
29
16
24
38
38
28
42
25
28
46
11
29
34
11
11
29
34
19
12
43
14
35
11
38
29
38
29
35
19
11
22
33
19
12
43
14
38
39
25
23
36
11
15
19
19
11
20
25
12
39
34
23
36
19
36
22
39
11
23
19
19
11
11
14
29
13
36
19
12
22
35
43
23
43
29
22
27
11
42
44
42
44
32
55
38
46
31
41
23
21
38
46
16
29
16
34
35
29
29
11
48
19
34
39
16
34
38
23
39
26
44
38
33
43
33
43
39
36
39
39
29
21
38
33
33
33
21
11
20
29
28
14
11
17
11
13
26
20
16
11
15
13
11
15
12
11
12
12
11
13
12
11
12
17
13
12
11
11
12
16
21
12
11
11
11
23
17
11
16
11
11
11
50
52
11
29
13
12
20
21
24
29
32
28
11
11
13
14
22
12
12
11
15
26
13
13
15
43
33
33
33
33
33
29
29
26
29
26
36
31
25
36
33
33
33
33
33
26
26
13
33
33
26
11
28
13
39
36
49
24
31
33
21
48
33
29
31
22
13
29
14
12
11
13
15
11
13
11
11
12
12
11
14
11
14
14
13
18
12
17
15
11
11
11
16
11
11
11
13
12
22
13
14
11
11
21
11
11
18
12
12
11
11
11
13
11
18
18
13
11
12
11
11
14
11
11
11
13
18
12
14
12
18
17
16
13
11
11
27
11
11
11
11
12
17
11
11
12
11
11
11
11
11
11
12
12
13
11
11
11
12
11
12
16
11
12
12
13
13
13
12
11
11
11
12
11
11
13
11
13
11
11
13
12
14
11
19
12
24
12
11
13
11
11
11
11
20
16
13
11
14
13
11
23
21
26
27
16
12
13
13
17
11
11
15
11
11
11
15
12
11
12
12
15
12
11
15
13
13
14
11
15
14
11
16
11
13
12
14
12
19
11
11
19
13
11
11
15
12
11
12
19
15
20
21
11
11
12
11
19
11
13
17
11
11
14
13
11
14
13
11
11
11
11
11
12
12
21
12
16
16
11
13
15
19
11
11
11
11
11
12
11
12
11
12
15
11
11
11
14
14
13
11
11
11
11
15
11
16
11
11
12
12
12
12
20
11
11
14
22
14
11
11
12
11
11
14
11
12
13
22
11
12
12
13
11
15
13
11
14
11
13
11
11
11
11
11
14
11
12
11
11
16
11
15
15
11
11
16
15
11
11
12
11
14
11
15
14
11
14
11
13
11
11
11
11
13
11
12
11
11
11
11
13
11
11
13
11
11
12
16
11
11
13
16
13
11
11
13
16
11
12
17
11
11
19
12
17
11
11
13
11
11
13
11
11
19
18
16
11
25
12
17
17
13
17
16
12
19
13
14
14
11
14
17
16
11
14
11
13
11
11
11
12
24
11
11
22
33
33
28
11
23
15
11
23
26
26
16
11
15
29
16
29
29
36
26
