11
11
19
25
17
36
16
19
20
32
29
38
19
22
13
36
39
29
11
38
33
30
19
11
23
31
11
32
30
35
33
11
38
13
16
36
33
11
30
67
54
43
35
56
41
24
41
11
42
32
11
28
33
26
35
23
18
34
33
23
42
33
36
16
20
13
11
20
20
16
21
16
26
22
12
12
13
16
12
12
13
17
13
15
20
16
11
11
12
11
26
11
19
29
25
40
13
42
12
46
11
36
26
19
25
27
19
16
35
26
14
19
14
11
23
22
35
26
27
34
19
52
11
11
17
23
17
31
13
32
37
28
47
43
29
15
23
18
28
22
30
19
58
32
61
39
37
22
15
29
11
18
29
32
17
26
11
11
19
13
15
31
12
11
24
12
14
19
26
42
39
11
23
18
28
11
12
26
22
23
26
21
11
24
44
17
25
34
25
11
13
17
12
16
19
32
11
15
26
11
15
30
13
13
12
13
16
46
19
11
15
19
13
20
22
28
42
14
11
12
11
40
28
11
11
38
11
39
26
11
30
13
11
11
11
11
30
15
37
35
16
24
36
36
11
11
19
13
21
20
11
22
11
20
21
27
11
16
18
19
25
25
61
63
17
25
44
20
35
32
11
21
19
32
11
49
22
38
13
12
18
12
12
25
37
19
36
11
32
11
32
19
19
43
38
38
16
33
45
14
16
24
29
49
19
25
44
24
14
14
26
11
26
36
32
43
36
11
12
19
28
37
36
17
14
14
17
11
25
15
11
25
30
13
21
11
22
11
11
15
12
11
11
18
29
16
11
24
29
11
22
19
30
24
11
21
11
15
13
16
30
25
24
21
11
11
17
16
14
14
11
13
18
15
11
11
11
11
11
17
17
11
11
21
11
12
12
30
33
14
17
14
13
28
31
13
11
12
14
16
17
11
15
19
20
29
26
22
23
38
17
18
44
13
26
28
47
49
23
26
50
11
48
33
26
46
30
39
23
29
16
29
35
31
23
29
47
33
23
24
12
11
19
17
11
16
11
14
11
12
16
12
11
12
23
15
24
15
13
13
11
19
15
11
11
12
22
11
26
11
11
11
16
12
12
11
12
13
17
18
17
13
13
13
16
11
15
16
11
11
41
16
16
12
12
34
11
11
12
18
13
11
19
16
11
15
20
14
11
14
14
11
14
11
14
11
11
11
15
15
12
16
12
35
46
26
16
16
12
19
17
14
15
19
30
29
13
16
26
27
21
11
13
23
11
19
11
32
16
17
13
23
23
11
14
14
11
21
11
22
20
21
11
22
26
15
11
14
11
15
24
11
19
36
42
11
38
39
39
16
39
39
29
39
39
39
39
39
39
39
39
39
39
39
43
33
33
36
33
33
33
29
26
23
11
32
33
33
26
26
33
33
36
33
26
11
25
11
32
33
29
33
26
26
26
19
26
26
