137
101
101
137
119
116
113
106
111
111
105
117
123
102
113
114
106
126
119
126
116
103
119
101
126
103
129
101
112
101
136
112
134
116
101
121
104
119
123
124
101
101
101
119
103
124
108
113
101
108
119
112
103
121
106
112
147
126
107
102
103
118
104
116
108
117
126
103
131
118
101
110
109
109
113
124
125
101
132
122
101
101
114
101
105
129
103
106
103
104
103
101
101
102
112
101
110
105
101
101
111
175
112
102
101
111
101
124
101
105
101
103
130
103
101
109
101
101
101
109
103
102
101
104
103
125
103
115
101
101
106
102
109
127
123
106
101
101
103
109
124
110
121
101
104
105
101
101
101
101
109
104
101
102
101
103
113
102
111
113
111
103
116
109
101
102
119
111
115
108
109
101
