17
11
14
16
16
11
11
12
20
17
12
11
12
18
11
18
19
14
26
12
13
13
32
11
27
11
24
13
11
25
19
33
29
26
23
26
26
26
19
41
41
23
43
11
17
26
29
29
26
11
25
11
16
11
11
26
32
35
32
40
15
11
23
11
23
19
11
11
37
32
11
24
27
11
19
28
13
43
24
50
22
46
26
15
32
39
21
26
11
18
11
11
22
13
11
42
11
27
22
45
38
22
34
52
13
24
22
13
15
11
46
11
22
29
11
41
11
22
33
33
39
33
26
26
23
23
23
31
34
32
11
22
11
15
11
19
12
14
50
11
18
12
44
19
19
16
29
13
43
29
23
38
19
33
25
43
18
24
40
33
66
23
38
28
36
39
11
15
19
22
47
11
18
11
28
38
25
19
12
38
25
13
39
19
24
32
39
13
38
25
32
19
25
33
38
19
35
22
43
19
16
35
29
28
36
19
19
19
11
29
36
13
38
19
38
47
29
38
25
23
28
38
25
12
38
38
43
23
38
34
23
38
28
38
24
19
22
24
29
19
12
33
23
38
38
36
16
24
35
24
37
45
19
36
19
22
38
28
43
23
38
24
23
42
14
35
19
13
27
47
48
38
24
29
22
38
35
24
28
38
28
28
19
28
38
24
29
22
43
34
38
19
35
23
28
29
48
36
11
25
13
37
25
19
19
12
29
24
19
12
37
19
16
13
36
11
33
31
11
15
11
23
29
28
38
35
12
34
23
36
11
11
38
33
25
38
25
12
36
11
19
29
30
36
29
29
38
35
19
16
29
19
22
24
23
53
33
23
29
39
22
48
47
35
29
31
57
53
33
46
16
24
47
39
35
29
22
27
11
42
44
48
24
26
49
33
47
28
39
33
43
33
48
28
42
39
33
42
36
33
33
33
33
21
11
20
12
12
11
30
23
29
27
11
12
17
12
11
15
13
21
11
11
13
11
14
11
11
13
14
15
14
11
11
12
11
14
11
13
11
12
20
12
15
11
12
13
93
13
11
11
12
23
26
34
12
12
12
14
14
21
11
12
11
25
13
26
15
12
13
30
22
11
14
20
15
18
28
24
11
33
33
13
33
33
27
25
23
36
26
49
11
25
36
28
47
33
33
33
27
22
11
31
33
33
33
33
19
33
36
35
34
26
29
33
29
19
53
60
19
24
11
11
16
11
11
11
17
12
14
15
13
11
14
11
14
14
11
16
17
11
12
13
16
15
13
11
13
13
18
11
11
13
11
11
