33
24
16
33
11
35
33
16
16
28
22
11
25
16
11
12
12
24
20
11
17
35
16
21
40
15
32
38
22
15
11
15
14
35
11
11
21
11
23
22
11
18
11
32
15
41
15
64
15
15
22
25
51
31
20
23
32
33
31
51
39
11
41
19
49
42
22
27
18
16
40
34
17
17
26
28
36
11
37
25
35
30
29
12
11
27
46
12
25
13
12
38
25
52
15
24
43
29
11
15
34
31
14
11
21
21
42
30
32
25
24
25
12
18
11
32
28
15
38
23
45
16
11
29
39
24
16
21
13
11
11
34
17
11
12
14
11
11
37
37
24
15
40
11
37
45
17
39
35
33
24
14
33
29
25
34
19
18
11
46
34
32
39
36
33
27
19
11
25
36
35
33
11
24
17
13
11
42
19
12
34
28
14
16
14
20
19
16
16
19
19
16
20
19
11
17
22
17
33
11
16
11
34
16
20
11
35
24
12
16
15
29
15
11
31
13
11
25
15
11
22
18
18
11
40
25
30
24
41
35
11
26
24
17
44
11
28
16
23
13
34
28
11
42
32
30
32
46
37
11
23
25
32
31
11
11
34
11
38
39
44
11
35
20
24
11
37
13
11
11
26
12
20
14
16
11
28
11
23
34
16
11
11
35
11
21
12
42
16
16
17
38
19
16
15
11
22
23
22
31
12
11
25
14
13
17
11
13
12
13
12
14
12
11
18
11
11
16
11
11
11
11
11
12
15
15
11
11
13
19
11
11
11
12
16
11
12
11
12
12
11
13
17
11
14
14
13
14
12
11
15
14
13
11
18
11
13
11
12
12
15
11
17
11
19
17
11
14
39
31
32
17
16
11
25
22
21
43
11
32
33
18
31
11
31
32
17
17
11
13
15
20
17
12
22
14
19
28
12
20
16
20
12
23
13
22
43
29
19
19
16
23
19
23
24
35
16
33
29
33
33
46
11
38
23
24
39
38
27
11
35
29
12
44
23
46
26
19
16
29
34
38
23
24
42
34
38
38
34
36
39
29
22
24
33
33
47
28
29
30
28
35
22
30
28
42
36
29
33
33
33
11
12
14
18
11
27
12
40
18
28
19
13
12
16
11
18
11
12
11
11
14
11
11
11
11
13
11
13
11
13
12
12
11
12
23
11
11
11
15
12
13
12
11
17
13
89
11
11
14
14
17
19
13
33
34
11
11
20
18
21
19
33
13
23
13
13
13
11
22
31
11
13
11
11
25
15
11
28
33
27
32
33
33
13
29
29
37
33
28
41
36
22
11
23
33
33
33
33
32
20
26
33
33
35
15
48
11
24
37
26
36
20
29
46
29
56
26
13
19
39
38
25
19
11
18
11
29
28
38
25
12
35
11
27
19
11
11
11
38
20
38
19
29
34
23
26
11
18
39
29
19
29
25
12
29
34
11
11
37
30
28
28
28
39
28
27
29
28
27
39
36
11
11
37
24
21
11
19
19
29
28
11
27
27
15
15
11
26
29
27
11
11
17
28
19
28
11
28
30
29
28
28
33
19
25
19
28
28
19
18
11
18
27
19
29
28
19
28
29
11
17
28
28
28
29
28
18
11
28
29
19
28
29
11
28
28
38
23
26
26
26
26
26
26
26
13
16
29
43
19
26
29
23
11
28
29
29
26
29
21
28
29
29
29
29
29
29
29
29
29
29
29
29
29
29
29
29
29
29
29
29
29
26
29
26
26
23
13
16
11
11
11
28
37
23
26
26
26
30
39
11
25
11
11
37
29
28
34
32
17
19
19
28
27
11
35
11
11
28
24
23
19
28
28
18
29
19
39
19
28
29
27
19
26
16
26
26
24
25
19
27
19
19
29
27
39
43
26
26
11
