104
101
101
101
101
101
101
101
105
117
101
101
105
104
102
101
101
101
112
101
101
110
107
107
102
101
102
102
101
108
103
113
101
101
103
102
101
101
101
101
101
101
104
102
103
103
101
102
101
101
102
105
103
101
102
101
101
101
102
103
101
101
101
105
101
101
101
101
102
103
101
101
102
101
101
101
101
101
109
113
101
102
101
101
110
107
103
102
101
101
103
101
101
101
101
101
109
109
114
108
101
105
101
102
113
101
102
103
103
109
103
103
101
105
113
101
102
103
109
109
101
110
109
108
101
103
101
101
103
102
111
106
101
102
101
102
101
101
101
101
101
101
101
101
101
101
101
101
101
108
103
106
101
101
101
106
103
106
106
101
101
101
101
105
103
101
104
106
101
101
101
101
112
106
101
102
119
101
112
104
101
101
101
102
101
101
101
101
101
101
108
102
101
101
101
103
101
101
101
102
106
107
101
101
