106
101
102
104
101
102
101
101
101
106
101
101
114
101
101
101
107
101
101
101
101
101
108
101
101
102
101
101
101
101
104
101
105
121
101
101
104
102
101
109
102
101
101
101
113
101
101
101
114
101
106
103
104
108
101
101
116
101
101
104
101
111
113
101
101
117
101
115
104
107
101
111
111
101
108
101
101
103
101
101
105
101
116
102
109
101
117
101
101
111
101
101
101
101
101
101
101
101
101
101
101
101
101
102
101
101
101
102
101
101
101
101
102
101
101
102
111
101
101
121
117
106
104
102
101
101
101
101
101
101
101
101
101
101
101
101
101
101
101
110
101
101
107
106
101
101
101
101
101
101
101
101
101
101
101
101
101
103
101
101
101
101
101
101
117
101
101
101
102
102
101
101
103
109
106
101
101
101
102
101
108
106
103
111
101
101
101
102
111
112
101
110
101
101
101
101
101
101
101
101
101
101
101
101
104
