104
101
102
101
101
107
101
104
101
102
102
101
106
101
108
101
101
105
104
101
103
106
103
101
101
101
101
101
101
106
106
106
101
101
101
102
101
101
101
117
102
117
101
101
122
110
115
109
106
101
101
101
118
101
106
115
103
101
101
101
108
103
101
102
101
101
101
108
102
113
101
101
115
101
101
101
101
101
101
101
101
110
111
116
101
101
101
101
101
104
102
111
101
101
101
101
101
103
102
101
101
101
101
106
110
101
102
106
101
101
108
105
101
101
101
118
101
106
101
101
101
101
101
108
103
108
