101
110
103
101
101
107
113
101
101
101
104
102
107
104
101
102
104
111
101
101
101
101
101
101
102
115
101
101
102
103
107
101
105
101
104
101
103
101
108
101
101
103
101
104
101
104
102
101
101
101
101
101
101
104
104
101
106
101
101
102
101
101
101
102
101
102
116
101
104
107
102
101
101
106
101
101
101
101
103
103
104
101
101
101
101
104
103
103
104
102
101
104
109
101
117
113
106
101
101
101
101
101
101
101
101
101
104
102
103
102
102
101
101
102
101
101
101
117
101
101
101
101
101
101
101
102
104
103
105
102
110
103
102
102
101
102
101
101
101
101
103
102
101
114
101
101
104
101
112
106
101
101
101
101
101
101
101
101
101
101
101
101
101
101
101
101
101
101
101
101
101
115
109
101
101
101
101
101
101
101
101
101
101
101
102
101
101
101
101
101
101
101
102
101
101
101
101
101
101
104
103
101
101
101
101
101
