105
101
101
111
101
101
115
101
102
101
101
101
109
108
101
101
101
101
113
103
109
113
101
101
101
101
101
102
101
101
102
101
101
105
107
107
101
102
103
102
113
106
103
101
101
108
101
101
104
107
101
116
101
103
101
101
110
101
101
102
101
101
101
101
103
101
104
101
101
107
101
101
101
105
101
101
101
101
106
101
103
106
105
105
101
106
101
101
101
101
105
105
101
101
102
101
109
104
101
101
103
110
101
106
101
104
105
101
101
101
105
104
108
101
114
101
101
101
112
124
101
120
102
101
106
102
104
101
107
107
103
101
101
102
101
101
101
101
101
101
103
101
101
102
101
106
103
101
110
101
101
101
101
113
105
101
101
101
101
101
101
101
101
101
101
101
101
101
101
101
101
101
109
101
101
101
101
101
101
101
101
101
101
101
101
101
101
101
101
101
101
101
101
101
101
101
101
101
101
101
101
101
101
118
101
