103
101
101
101
103
108
101
101
101
101
101
101
101
101
107
101
101
106
101
101
102
105
105
105
101
104
101
101
102
104
101
113
116
103
107
106
101
101
107
115
114
101
101
107
101
102
103
101
101
103
107
108
119
101
101
107
101
105
101
101
101
112
101
110
101
101
104
108
106
105
101
101
101
102
101
102
105
101
104
102
101
101
101
101
101
101
101
101
108
106
113
103
113
113
106
109
101
113
106
101
108
106
101
105
103
108
103
101
103
101
115
101
102
101
101
101
110
113
103
101
101
102
108
101
112
103
106
101
105
101
101
101
101
101
109
104
108
101
101
101
101
101
111
104
102
101
101
101
101
102
101
101
113
101
101
101
101
101
101
101
118
101
101
106
106
101
101
104
103
106
106
103
106
104
101
101
101
101
111
109
109
101
101
111
106
101
101
101
112
101
101
107
113
101
101
101
101
101
101
101
101
101
