103
101
101
116
103
101
101
117
101
101
101
114
109
102
101
101
104
101
102
101
101
102
103
106
101
108
101
101
101
101
101
108
101
101
102
103
101
101
101
116
101
101
106
102
101
102
101
101
102
101
101
101
101
102
101
107
101
101
102
101
101
101
104
111
101
103
103
102
101
102
101
111
102
101
101
101
101
101
105
101
106
101
108
101
101
101
101
101
101
101
101
101
102
101
101
102
102
104
101
101
102
101
112
103
113
106
106
109
101
108
106
101
105
104
105
106
103
103
107
108
101
105
101
109
105
101
101
104
101
101
104
101
101
101
101
101
101
101
101
101
101
101
101
101
101
101
101
101
113
101
101
101
101
101
102
101
112
101
101
101
101
107
101
101
101
101
101
105
101
101
107
101
101
103
101
105
101
104
101
102
101
101
101
101
101
101
101
108
101
107
106
101
101
101
101
101
110
102
101
104
101
101
101
101
101
