101
101
101
101
101
101
101
102
101
102
101
101
103
101
102
101
101
101
101
101
102
102
101
101
103
107
101
101
101
101
101
101
101
101
113
104
107
106
106
102
101
101
101
101
102
101
101
101
101
101
101
102
111
101
101
101
101
102
101
101
103
101
101
101
101
101
105
104
101
101
101
102
101
101
102
101
104
103
103
109
103
107
101
107
109
106
101
110
101
110
109
113
106
101
112
101
101
104
101
101
106
101
108
106
101
105
104
108
109
106
101
102
106
106
103
108
101
101
101
101
101
101
101
101
104
101
101
101
101
101
101
101
113
101
101
101
101
116
102
101
103
101
101
106
101
101
101
116
101
101
101
101
101
103
103
101
101
101
101
101
101
101
101
102
101
105
101
105
106
101
101
101
101
101
101
101
101
101
108
109
101
101
106
103
116
109
101
101
112
106
116
101
101
101
109
109
101
105
101
101
101
101
101
101
101
