109
101
101
101
101
104
101
101
101
101
109
101
101
101
108
101
101
101
101
101
120
101
113
101
101
107
119
101
101
109
104
113
101
101
111
101
101
110
112
101
103
101
103
101
101
101
120
101
101
109
101
101
129
103
116
106
101
101
101
101
101
101
101
101
101
101
102
101
108
101
101
107
107
110
107
101
101
101
101
104
101
111
101
105
102
102
101
101
103
101
104
101
101
101
101
101
112
109
101
102
109
101
102
107
105
106
101
102
107
105
101
102
103
101
110
114
103
103
116
101
101
101
102
101
101
101
101
102
101
101
101
101
103
101
101
101
101
101
101
