16
16
19
16
11
28
11
16
28
11
26
11
21
11
11
13
11
11
13
11
19
11
11
18
11
11
11
11
15
11
18
11
16
16
15
21
27
11
18
11
14
11
25
11
11
11
19
11
11
13
11
19
11
30
11
24
11
25
11
22
11
25
15
21
11
19
20
17
21
16
16
11
11
11
22
11
20
22
11
12
12
11
12
11
20
12
11
11
18
16
11
13
13
11
24
11
24
11
24
19
13
23
11
22
11
11
11
23
11
25
11
28
20
11
11
11
12
14
11
11
12
11
14
11
11
11
14
14
11
11
11
13
11
11
13
13
13
18
39
11
25
29
11
25
15
14
11
12
16
11
25
11
11
24
11
11
14
11
12
11
16
12
11
22
11
15
11
11
17
11
12
11
13
11
27
11
12
11
15
11
15
11
11
14
29
11
11
17
11
14
11
22
21
19
11
12
13
11
15
23
11
32
16
28
11
16
36
13
11
15
11
25
13
11
15
11
25
26
28
21
23
11
15
11
11
11
22
11
32
11
16
14
11
11
22
11
11
19
19
19
19
19
19
20
19
19
19
19
19
18
19
20
19
19
19
28
25
11
20
19
28
18
19
19
19
19
25
16
14
11
21
11
21
11
20
18
19
11
30
11
25
11
11
30
11
22
11
11
14
11
20
21
11
16
11
19
11
11
32
17
11
22
11
19
11
27
11
29
18
11
18
11
14
11
18
11
25
19
11
12
16
11
22
16
11
25
11
11
11
17
19
11
17
27
30
14
26
11
19
11
18
11
13
11
11
34
19
40
16
11
15
11
15
11
18
11
18
11
18
26
11
15
11
15
11
15
11
15
11
15
11
15
11
11
11
11
11
11
11
41
11
12
19
23
11
11
13
11
18
13
11
19
16
11
11
11
16
20
11
11
16
19
15
11
12
11
11
11
11
11
11
11
11
11
12
11
11
11
11
11
11
11
11
11
11
11
11
12
11
11
11
11
11
11
11
11
11
11
11
11
11
11
11
11
11
11
11
11
11
11
11
14
13
11
16
11
15
11
25
11
11
11
11
11
11
11
11
11
11
11
11
14
11
13
11
11
11
11
28
19
32
11
16
18
11
11
19
11
11
11
18
11
11
11
20
11
22
11
11
16
11
11
14
11
11
12
15
23
11
15
24
11
11
11
23
16
18
17
15
11
11
11
11
11
11
11
11
12
11
11
11
11
11
11
11
11
11
11
11
11
11
12
12
14
13
11
14
11
17
13
11
28
11
13
18
11
14
11
21
11
11
11
11
11
11
11
11
19
11
16
13
34
11
26
11
11
15
11
13
23
11
24
11
17
26
11
15
11
11
21
11
18
11
17
11
11
11
26
11
11
12
12
12
13
22
16
11
11
18
12
12
11
11
12
11
12
11
13
11
11
12
11
11
13
12
12
11
12
11
12
11
11
11
11
12
11
11
13
11
11
11
13
11
11
11
11
14
11
12
14
11
13
13
14
12
11
14
11
12
11
12
11
11
12
15
11
11
11
11
16
12
11
26
11
16
11
18
11
15
29
29
29
29
19
11
15
11
15
11
15
11
11
21
11
15
11
15
11
15
11
15
11
15
11
18
11
15
11
15
21
11
14
11
15
11
15
11
15
23
11
15
11
15
11
18
11
18
11
11
11
13
11
15
11
15
11
15
11
15
11
12
11
15
11
18
11
15
11
11
11
13
11
15
23
11
15
11
15
11
15
11
18
11
15
11
15
11
13
11
14
11
15
11
15
11
15
11
15
11
12
11
15
11
11
11
13
11
15
11
15
11
15
11
15
11
15
11
15
11
12
11
24
11
15
11
15
11
11
21
11
15
11
15
11
14
11
16
11
15
11
15
11
22
11
15
11
11
21
11
22
11
12
11
15
11
15
11
15
11
16
11
17
11
15
11
22
11
18
11
15
11
13
11
24
11
11
17
23
11
15
16
12
11
16
11
15
11
15
11
11
16
11
11
13
11
24
11
28
11
11
11
11
11
11
11
11
11
11
11
11
11
11
11
11
11
12
11
11
14
16
20
11
12
11
12
11
12
11
11
12
11
14
11
12
11
19
11
11
11
11
11
14
11
15
11
11
11
20
11
22
11
18
11
11
11
20
11
22
15
11
15
11
15
11
15
11
15
11
15
11
15
11
15
11
15
11
15
11
11
12
11
11
11
15
11
11
11
11
11
11
11
11
11
11
11
11
16
11
11
11
11
11
11
11
11
11
11
11
13
24
11
11
11
11
11
11
11
11
18
11
15
11
11
11
12
14
11
