101
107
101
101
101
101
106
101
102
103
101
101
103
106
116
101
101
101
101
108
101
101
110
102
101
102
101
101
113
101
101
101
107
102
101
102
101
103
105
102
106
116
101
101
102
108
102
103
103
101
102
101
101
101
101
101
101
109
101
101
101
101
101
102
104
101
101
101
104
103
105
102
101
101
101
101
101
101
104
106
104
101
114
109
106
105
101
113
101
104
101
113
109
113
101
115
112
110
101
101
101
101
102
101
101
101
104
101
102
101
105
101
101
101
109
101
101
103
101
101
101
101
101
101
104
103
109
103
102
101
106
103
101
101
101
102
107
101
101
101
101
101
101
106
101
102
101
101
101
101
101
101
101
101
101
101
101
101
101
101
101
101
101
101
101
102
101
104
101
101
101
101
101
101
101
101
101
101
108
103
101
101
101
102
101
101
101
101
101
101
101
101
101
101
101
101
104
101
101
101
117
101
105
101
101
