101
102
102
103
101
105
101
103
109
115
110
104
101
101
103
101
101
106
101
101
106
101
105
101
101
101
115
115
119
107
106
101
117
101
101
101
101
101
105
101
101
101
101
101
101
101
112
101
107
101
101
101
106
106
101
101
107
105
105
106
101
101
114
106
105
115
101
101
109
106
101
101
101
101
104
115
101
101
101
103
105
101
101
101
104
107
101
101
101
105
101
108
101
107
101
101
106
101
103
101
105
101
101
101
101
106
101
101
104
101
110
101
101
101
115
101
101
101
116
105
105
101
102
101
101
101
101
101
101
101
101
