101
109
111
104
101
101
101
101
107
101
101
110
112
101
101
101
110
101
101
101
101
101
101
103
101
104
101
102
101
104
101
101
101
115
101
101
103
101
118
101
102
101
101
101
101
102
101
101
101
102
104
101
101
101
101
102
101
106
101
101
104
101
102
101
101
120
101
111
101
102
101
115
101
101
104
103
101
101
101
101
101
101
105
101
110
101
101
101
105
101
102
101
101
101
101
102
101
101
108
101
101
101
101
101
102
101
101
101
101
101
103
101
103
101
108
104
101
102
112
103
101
101
101
109
101
103
115
101
103
101
101
106
102
109
101
104
101
111
101
101
101
101
101
101
101
102
117
101
117
101
101
101
106
110
112
109
101
105
106
101
101
111
106
104
101
101
101
101
101
102
101
101
102
110
101
101
101
101
101
101
103
114
106
109
109
103
111
111
106
106
101
101
111
101
101
101
101
101
101
101
101
101
113
101
