103
101
103
101
101
102
101
103
101
101
101
101
103
105
102
101
101
104
101
101
101
101
102
102
101
102
101
101
101
102
102
102
106
106
101
114
101
101
101
101
101
101
106
104
101
101
101
102
102
105
101
101
101
104
101
103
101
101
101
101
101
101
101
101
102
104
103
106
101
101
101
101
101
102
102
101
101
104
104
101
102
105
101
101
103
101
101
101
101
104
101
101
101
101
120
101
101
104
104
101
101
101
103
104
101
101
101
101
101
101
103
103
101
101
101
101
101
101
101
101
101
101
102
103
101
104
101
102
104
101
101
101
101
101
102
108
101
102
101
101
101
102
101
101
102
101
101
101
101
101
101
101
101
102
101
101
101
101
109
101
101
101
112
101
101
101
101
101
101
101
101
101
101
101
101
101
101
101
116
110
101
101
101
111
109
106
101
105
106
101
101
101
101
101
101
101
101
101
101
105
101
101
101
101
113
101
