12
11
11
15
11
11
11
11
11
12
11
19
13
11
24
11
13
11
27
11
11
21
26
33
19
23
19
23
11
14
11
20
23
11
14
11
12
11
23
23
11
11
24
11
15
11
15
23
26
11
20
14
11
26
11
18
11
16
11
21
11
11
24
11
25
14
15
11
11
17
11
13
16
11
14
11
22
11
11
11
11
11
13
11
11
31
11
12
11
11
11
16
11
18
11
11
11
11
12
11
11
11
11
11
13
11
11
11
11
11
11
11
11
11
11
11
12
11
14
15
13
19
15
13
19
19
19
19
19
19
19
19
19
14
14
19
19
29
29
27
20
19
19
14
11
12
11
27
19
11
14
15
17
19
19
19
14
14
11
18
19
19
11
18
11
17
16
11
19
13
15
19
19
11
18
18
19
14
15
19
19
27
14
16
28
26
28
18
11
31
30
28
27
16
28
11
23
16
26
16
30
16
26
11
11
22
21
12
19
18
19
29
29
11
26
27
11
18
11
16
11
13
11
22
11
11
11
11
11
11
13
11
30
19
11
11
11
11
11
12
11
11
11
19
11
11
14
11
12
18
11
15
11
12
13
12
29
11
26
29
27
20
19
19
19
28
11
11
11
11
11
11
11
11
11
11
11
11
11
11
11
11
11
14
19
19
19
11
11
16
11
17
19
25
21
11
11
17
19
11
15
11
18
11
17
19
20
11
19
19
18
19
14
11
12
19
11
19
11
17
19
19
19
19
14
11
13
19
19
19
19
17
12
19
19
11
18
17
19
11
11
11
11
11
11
16
18
22
19
11
17
11
11
15
20
19
19
15
20
21
20
14
15
17
11
11
11
16
15
11
11
11
11
16
19
19
11
17
19
19
19
19
19
13
14
19
19
19
20
16
11
19
19
19
19
19
19
19
19
19
14
14
19
19
19
19
14
11
11
11
18
29
19
11
17
19
19
19
17
11
19
19
19
19
12
11
14
11
18
19
28
11
21
13
19
11
17
12
16
19
19
19
19
19
19
19
19
19
19
19
19
19
19
11
18
18
19
19
19
19
14
13
19
19
19
19
14
23
19
19
19
19
11
17
19
19
18
17
11
19
20
19
19
11
11
11
13
19
19
29
11
11
16
19
20
19
18
11
11
18
11
18
19
11
11
16
18
11
11
18
18
11
11
18
11
18
20
16
11
11
19
15
13
19
11
11
16
19
19
19
11
17
19
19
19
19
13
15
19
19
19
19
18
15
13
20
18
18
21
11
16
20
19
19
19
19
20
19
19
11
17
19
19
19
19
19
19
19
19
19
19
11
17
19
19
19
19
12
13
11
22
11
11
12
19
15
11
11
15
11
12
19
14
11
11
12
19
13
13
11
15
13
14
11
11
21
19
19
19
12
16
16
16
16
14
14
11
11
12
19
11
17
16
11
11
11
17
19
20
14
11
12
19
19
12
16
11
18
11
18
19
14
13
16
11
20
21
11
21
12
30
19
19
14
14
19
19
19
11
16
17
11
11
18
18
19
11
17
11
17
19
11
17
11
13
13
11
11
27
11
11
13
12
19
19
19
19
19
19
20
19
19
11
18
19
19
19
19
11
19
19
19
19
18
18
19
19
19
20
15
11
13
19
19
18
20
19
19
19
18
19
11
16
20
19
19
19
17
20
19
19
19
11
14
11
12
11
11
22
32
11
26
29
29
23
15
28
29
14
24
22
25
29
27
29
29
29
18
19
14
15
19
19
19
19
19
19
28
29
28
20
20
18
19
19
19
18
11
18
20
13
13
11
12
15
19
11
16
12
12
15
11
11
11
11
11
11
11
11
17
19
19
19
19
15
11
11
11
17
11
11
11
11
11
11
11
11
11
11
11
11
11
11
11
11
11
11
11
11
11
11
11
11
11
11
11
11
11
11
11
11
11
11
11
11
11
11
11
11
11
11
13
13
