17
33
11
29
12
11
11
11
11
11
13
11
18
11
11
11
11
15
11
15
13
12
13
11
11
11
11
11
11
11
11
11
14
11
11
15
14
11
14
11
13
12
11
11
13
12
12
11
11
12
11
11
12
12
11
12
11
11
13
11
11
14
11
12
11
11
11
13
12
11
11
13
11
11
13
11
12
11
11
13
12
11
13
11
16
11
25
19
12
11
11
11
11
11
11
11
13
13
11
11
12
12
13
11
11
11
11
13
11
11
11
12
11
12
11
11
11
11
11
11
11
11
18
11
11
21
12
11
13
11
12
11
13
15
12
11
11
11
11
11
11
11
11
12
13
16
12
14
11
12
11
12
14
11
12
12
12
11
13
11
12
15
11
13
11
17
11
11
11
11
11
11
11
14
11
11
11
12
11
14
11
12
11
12
11
16
12
11
11
11
11
11
11
11
11
11
11
11
11
11
11
11
14
12
12
11
11
11
11
11
11
13
14
11
11
11
16
23
13
11
11
13
11
11
20
13
30
29
19
20
19
19
28
29
28
28
20
16
11
11
18
19
11
18
11
17
11
26
21
18
23
20
14
19
19
19
29
24
12
11
28
11
11
11
11
11
11
11
11
11
11
11
11
11
11
11
17
19
19
19
19
17
11
33
11
11
16
11
13
11
24
11
11
24
11
20
11
14
13
11
11
19
11
25
11
12
16
23
29
11
20
15
12
11
18
11
24
11
13
13
11
23
16
23
11
11
11
11
11
11
11
11
11
11
23
11
15
23
11
28
11
11
17
23
11
13
11
12
11
14
11
22
11
11
11
23
11
15
11
15
11
13
11
21
21
11
11
19
11
14
17
15
11
13
11
15
11
16
12
14
11
18
23
11
13
22
11
22
11
15
11
28
11
11
24
11
15
11
11
24
11
11
21
23
23
11
11
17
23
11
18
11
13
11
18
23
15
16
11
19
18
11
11
22
11
22
14
11
11
11
11
23
11
16
20
11
24
11
15
11
28
11
19
11
19
11
15
11
11
11
13
11
12
11
11
14
23
23
11
19
19
11
18
11
15
14
11
20
20
11
17
11
23
19
11
16
11
11
17
11
13
11
11
12
11
11
11
16
11
23
11
15
29
13
33
29
11
32
11
11
20
11
11
12
11
16
11
27
11
13
12
11
15
11
11
13
11
11
16
11
16
13
11
15
11
16
19
11
15
11
11
11
11
15
21
11
31
11
11
29
11
11
11
20
11
22
11
11
11
25
19
11
11
17
11
11
11
11
19
13
16
11
26
11
11
15
11
21
11
32
11
28
11
11
17
27
23
11
14
12
12
11
18
23
11
15
11
13
11
13
11
15
23
16
21
11
15
11
23
11
15
11
11
11
15
11
14
11
11
13
11
14
15
11
26
11
26
11
20
11
17
17
11
11
21
11
11
12
21
11
11
16
15
11
12
12
11
22
13
11
11
18
14
11
11
11
20
11
18
13
30
11
22
12
15
17
14
16
15
15
19
11
27
11
15
12
15
17
14
19
19
11
15
23
11
13
11
11
14
25
11
11
11
11
19
14
22
11
13
11
14
15
11
23
22
19
16
11
12
11
11
27
18
14
11
11
11
22
11
20
12
11
11
11
12
11
25
11
12
11
21
37
18
12
19
11
15
11
11
11
17
19
19
18
11
18
18
18
11
11
18
16
12
13
15
19
13
15
11
16
11
14
11
13
11
21
11
11
11
11
20
19
19
19
19
19
19
19
16
11
19
19
19
19
11
18
19
19
19
19
18
19
19
19
19
13
11
15
19
19
19
19
16
11
11
19
19
19
16
11
19
19
19
19
15
11
11
19
19
19
15
13
11
11
16
36
11
21
18
11
27
29
29
11
26
29
30
28
11
17
29
28
20
28
27
11
19
19
19
11
17
19
19
19
18
19
19
28
28
29
20
19
19
19
19
19
11
17
20
20
11
11
11
11
11
11
14
15
12
16
11
13
11
14
11
11
11
13
14
15
11
11
18
19
19
19
14
13
20
