11
11
11
11
11
11
23
11
15
11
18
11
15
11
13
11
11
11
22
21
11
21
11
22
11
11
11
16
11
15
23
11
11
11
16
11
15
11
15
11
15
11
11
11
11
11
13
11
12
11
11
11
11
11
11
11
24
11
12
11
11
11
12
14
21
11
24
11
11
11
20
11
28
11
21
13
16
11
31
13
11
22
35
11
11
11
15
14
11
16
21
11
13
14
11
11
11
20
11
22
15
17
11
11
11
11
13
11
11
12
11
23
11
11
11
13
11
12
11
15
17
13
11
11
14
15
11
11
18
11
11
14
22
26
12
14
11
19
11
13
13
11
11
30
29
38
19
33
11
22
39
11
11
11
11
11
15
19
11
11
24
11
11
24
11
13
11
14
11
11
21
11
17
11
15
13
11
18
21
11
15
11
11
14
23
11
14
11
26
11
13
11
21
11
11
27
13
11
11
27
11
17
13
22
11
11
11
28
11
32
11
28
23
22
23
11
18
24
19
11
21
29
26
12
15
11
11
11
15
11
15
25
11
26
11
11
14
11
11
11
11
17
11
13
11
11
11
11
11
11
11
11
11
11
23
11
11
26
11
16
11
12
11
11
24
11
11
20
11
16
16
19
16
11
18
22
11
15
11
12
30
29
19
12
14
11
11
20
11
11
11
17
18
11
19
16
11
14
19
19
19
13
26
14
14
19
19
11
15
17
11
11
20
19
11
12
16
13
14
20
19
12
17
18
11
19
15
22
18
14
15
15
13
11
11
15
19
19
19
19
17
20
19
20
19
12
15
20
16
11
19
11
11
16
15
11
17
19
11
11
13
11
12
24
11
12
19
19
19
19
20
14
11
11
20
19
11
18
19
12
14
20
19
14
11
12
19
19
15
12
17
20
19
19
19
19
11
18
19
19
19
18
12
17
19
19
19
19
17
11
11
18
19
18
11
17
19
19
19
19
11
17
19
19
11
18
29
17
20
19
19
11
17
19
19
19
19
19
11
17
28
11
22
11
11
11
36
24
22
27
11
23
16
11
15
17
11
14
12
23
11
15
11
11
17
12
20
11
15
11
11
24
11
18
11
11
20
22
11
11
11
16
11
14
11
21
11
11
11
23
11
22
16
11
11
14
19
11
30
11
11
18
14
11
11
11
17
11
11
11
11
11
15
11
12
15
11
15
11
31
11
15
11
28
11
11
21
11
23
15
20
11
15
11
19
15
12
18
11
13
11
17
11
16
11
12
11
15
11
12
11
12
15
11
16
11
15
11
22
11
15
23
11
14
11
11
15
11
11
11
11
29
11
11
14
11
22
11
21
11
12
11
23
11
11
11
11
14
11
13
21
15
18
11
11
18
11
11
12
11
11
11
11
11
11
22
11
11
11
15
18
11
30
11
11
11
12
17
15
16
17
11
11
21
11
20
11
12
11
15
19
15
14
11
20
17
11
13
11
13
15
18
11
17
12
11
17
19
14
11
15
21
11
11
24
11
14
11
11
18
11
11
11
11
16
11
17
15
11
11
20
11
26
11
11
11
11
11
11
21
11
23
11
11
11
11
11
11
11
11
11
11
11
11
11
19
11
13
11
11
14
12
11
25
16
11
11
11
16
11
27
11
11
11
11
11
18
11
11
27
12
16
27
11
20
15
11
17
13
11
23
11
15
11
15
11
25
16
15
18
11
12
11
22
13
11
11
15
12
19
11
12
11
23
11
24
11
20
15
12
11
18
11
23
11
17
11
11
15
16
23
11
11
11
18
11
13
14
11
14
12
23
11
12
25
11
11
12
11
23
11
20
11
13
11
11
13
14
11
28
11
29
33
18
28
23
34
11
21
21
15
11
11
15
11
26
11
22
11
24
15
11
25
11
22
11
11
14
21
18
11
19
11
13
11
11
12
11
21
11
11
11
20
11
