105
107
105
101
101
101
101
103
110
109
107
101
101
118
101
113
108
101
113
103
109
105
107
102
101
101
101
101
101
101
106
101
101
101
101
101
105
106
101
101
101
105
101
106
101
101
101
107
101
101
119
101
101
108
109
113
109
105
101
101
109
108
101
121
101
105
113
113
103
101
101
101
101
103
102
101
108
110
101
101
104
104
102
112
111
101
101
101
101
101
101
101
101
102
102
102
102
101
101
112
101
112
103
113
109
103
109
101
108
106
101
105
103
106
106
101
101
101
104
103
106
101
108
106
101
102
101
103
101
101
101
101
101
101
101
101
104
111
106
101
101
101
101
101
104
101
101
109
101
101
101
102
101
101
101
101
111
104
101
107
101
101
101
101
101
101
101
101
109
103
106
101
101
101
102
101
101
101
101
108
101
101
101
105
101
101
114
101
101
101
101
102
107
113
101
101
105
106
101
103
109
119
101
