49
39
11
25
39
38
12
11
13
20
11
12
12
11
14
13
12
13
13
11
19
13
11
11
11
14
11
11
11
11
11
11
12
12
11
13
11
16
12
11
11
11
11
11
13
11
11
11
17
14
13
23
21
12
12
11
11
11
17
25
12
11
14
12
11
11
12
11
26
13
19
11
11
11
11
11
17
16
11
12
15
11
13
12
11
12
20
17
17
12
15
13
13
16
19
14
14
16
11
13
11
11
11
28
16
41
18
16
26
23
26
26
26
26
26
23
26
39
38
24
39
33
23
46
33
29
33
33
27
47
19
36
32
26
26
26
23
26
39
24
11
34
33
19
29
14
13
11
22
16
33
19
33
26
29
29
26
21
28
14
16
25
12
14
11
11
16
11
11
13
11
12
12
11
11
11
17
19
11
14
13
20
11
16
17
28
11
13
13
26
19
13
23
11
11
11
22
13
24
38
26
26
27
11
21
16
18
21
11
32
12
18
20
11
19
22
23
20
12
11
11
14
13
11
11
11
12
23
29
17
11
28
15
13
17
11
11
15
15
11
27
42
19
25
41
33
11
15
12
33
12
12
15
13
19
30
57
43
35
26
33
33
33
27
22
33
19
26
26
23
26
26
29
23
33
29
13
33
33
33
36
19
23
26
22
31
26
26
29
19
26
47
35
33
23
19
31
35
33
37
25
11
32
33
26
33
12
28
27
46
39
13
17
32
26
26
26
27
26
30
23
43
26
27
45
29
26
26
29
26
26
24
18
30
13
23
12
16
11
12
16
11
11
11
12
11
14
15
11
11
14
11
12
11
12
11
11
25
30
30
14
12
20
11
17
14
11
29
30
19
12
20
14
11
13
15
20
14
13
22
14
12
11
12
33
19
11
17
18
20
13
13
30
16
13
11
11
21
14
31
29
13
11
22
28
15
28
14
18
13
16
12
23
13
13
11
11
13
12
24
11
18
11
15
11
14
11
11
24
14
12
11
12
14
34
11
27
23
13
23
16
11
25
13
15
19
24
34
11
11
36
36
28
47
16
27
65
35
63
11
48
26
26
26
26
43
43
46
43
69
46
36
36
43
56
23
46
31
18
29
13
53
36
36
39
39
46
42
47
39
33
13
33
31
25
36
36
11
15
21
11
12
23
17
11
38
33
26
33
23
30
11
14
43
22
18
11
30
17
39
26
41
28
24
39
18
21
34
12
37
40
37
30
16
17
17
14
11
36
24
16
18
11
29
15
11
15
18
19
14
11
28
12
19
14
15
17
38
23
15
23
35
17
11
35
35
28
14
12
16
11
18
11
12
11
11
12
17
12
13
14
13
11
19
11
17
13
11
11
11
12
11
11
13
11
11
11
12
24
11
12
14
11
11
11
11
14
11
11
11
17
11
11
14
11
15
12
14
11
14
12
19
30
15
14
11
16
11
11
15
15
11
11
11
12
11
20
12
17
13
12
18
16
16
11
11
26
21
11
14
39
29
35
41
39
11
35
13
33
28
35
26
29
39
19
33
28
37
31
34
42
29
36
26
26
26
39
26
33
27
11
27
33
17
12
21
17
13
11
11
11
11
12
14
13
13
18
11
14
15
28
39
19
18
11
11
17
19
12
16
18
17
12
17
11
11
11
13
15
11
11
12
17
13
11
14
11
18
11
11
13
13
13
24
13
14
13
23
19
29
23
39
13
33
22
17
12
22
18
20
11
11
14
11
14
13
11
12
11
19
13
11
11
11
16
12
12
12
11
13
15
11
11
11
12
11
17
22
11
13
12
18
13
26
18
11
13
11
12
11
12
15
11
17
11
13
14
23
11
11
16
12
11
19
11
11
12
11
14
13
13
11
13
12
12
11
15
11
14
11
11
16
11
11
11
11
17
11
14
12
11
16
11
19
14
18
19
12
11
11
15
13
11
13
12
11
14
12
11
12
11
11
14
11
11
11
14
14
15
14
17
13
14
11
13
11
11
14
14
12
11
13
13
11
14
14
14
16
13
11
13
13
13
11
14
20
13
17
12
20
11
16
14
12
11
12
16
11
11
13
20
17
12
14
11
17
23
18
37
13
26
25
12
12
13
11
13
17
13
13
36
13
36
34
25
16
13
20
11
12
11
11
15
11
11
15
14
11
20
11
17
11
11
13
15
17
31
46
11
11
11
13
16
11
15
23
11
11
59
41
43
46
43
21
38
49
26
26
46
46
46
46
29
21
14
11
26
11
18
26
23
33
26
11
28
20
12
11
11
13
11
14
15
11
17
11
11
12
23
18
16
11
13
11
15
12
11
11
11
13
11
12
34
21
11
22
14
12
28
39
55
37
26
19
33
26
13
26
16
12
24
11
34
37
26
36
33
