102
103
104
112
101
123
116
113
103
104
122
107
105
116
123
125
115
122
112
117
123
126
123
109
117
108
101
105
103
112
116
101
116
106
101
102
132
109
103
129
117
122
102
124
108
121
119
113
104
133
101
111
101
108
116
123
136
125
123
113
103
108
101
103
117
110
101
101
101
113
101
102
113
106
113
123
126
109
110
114
104
124
101
118
120
103
106
116
112
116
107
111
121
114
111
109
101
116
102
103
106
101
119
109
109
128
125
122
106
113
116
103
118
114
114
107
101
103
101
103
102
101
101
103
106
106
102
102
103
107
101
101
103
103
110
101
103
101
101
101
103
101
101
101
101
104
105
103
101
104
101
103
101
101
101
103
101
101
101
101
101
106
104
116
113
101
112
113
103
101
101
113
101
101
107
107
119
106
106
104
118
108
101
101
103
101
102
101
