101
104
103
101
101
102
103
103
102
101
102
102
101
112
108
107
120
103
105
101
110
142
114
103
109
105
108
119
108
102
101
107
110
116
103
102
101
101
103
103
101
101
101
109
120
105
101
102
103
113
109
113
106
103
116
109
101
126
114
102
106
123
101
112
101
104
103
101
107
122
105
104
109
101
107
101
101
106
110
104
103
101
108
117
113
110
101
111
101
128
116
116
125
147
113
129
120
103
101
132
116
101
103
103
110
107
108
112
101
107
109
101
101
102
103
101
101
101
103
101
101
101
101
101
116
116
121
131
118
107
119
126
101
101
101
104
109
101
106
104
103
113
101
101
101
101
103
113
106
101
101
101
103
101
102
102
101
107
103
105
101
101
101
101
104
101
108
113
101
101
101
101
140
131
103
103
139
104
102
123
101
101
101
101
129
119
119
101
101
