115
103
115
103
109
110
101
105
111
116
105
101
105
107
101
112
119
101
108
107
112
135
109
119
106
101
107
111
102
115
116
104
113
101
125
102
119
123
103
121
101
101
109
105
111
110
103
121
120
128
101
129
101
105
101
115
105
122
101
131
101
112
128
101
105
112
119
101
115
130
122
108
111
123
123
113
113
119
129
119
109
113
106
123
104
108
107
112
154
101
111
119
116
116
109
123
101
101
101
101
103
105
101
123
101
101
106
101
101
120
109
119
116
113
106
123
101
105
101
112
123
106
113
106
101
106
103
101
103
101
115
106
106
106
109
106
109
101
