14
39
39
13
37
12
12
22
19
11
30
17
11
20
17
31
26
13
11
11
30
23
13
43
43
16
11
42
43
39
26
13
11
28
39
36
33
11
25
33
39
28
34
33
13
43
33
16
25
29
14
23
29
37
33
36
11
28
43
40
16
11
11
37
39
37
33
29
11
39
36
43
30
33
25
24
40
23
38
19
22
12
33
39
39
33
22
33
31
29
39
39
21
14
39
39
11
43
20
41
13
46
22
22
27
46
29
25
39
29
32
25
22
48
11
26
39
40
11
38
28
29
12
43
39
40
34
38
34
21
11
25
33
43
29
36
33
11
28
11
32
33
33
11
35
39
14
17
32
11
26
47
33
27
20
11
31
20
36
16
26
33
33
36
11
22
33
39
23
34
18
36
11
32
23
14
21
32
11
29
11
32
11
35
43
33
33
33
33
30
13
11
30
32
19
15
11
26
11
30
43
13
22
14
11
39
16
23
11
28
32
11
25
15
42
17
35
40
11
11
25
11
20
17
14
27
42
11
35
31
24
11
30
22
12
13
36
11
38
14
13
24
11
12
14
34
25
32
38
18
11
23
45
11
11
11
18
35
40
24
11
50
27
15
13
22
11
13
12
11
14
11
11
23
27
44
12
25
31
31
19
19
43
13
16
64
13
19
11
16
11
12
13
31
16
11
29
11
19
11
12
15
19
11
11
12
12
11
17
14
11
22
19
23
11
11
12
13
11
11
11
15
28
21
16
23
18
11
20
14
15
19
16
27
15
24
11
15
18
13
12
16
14
16
22
13
13
12
19
33
12
13
11
12
11
14
19
20
15
16
13
21
14
15
19
15
35
15
11
14
11
29
25
21
11
23
17
16
20
19
11
12
20
17
21
18
14
19
12
68
27
17
49
75
53
26
26
26
19
23
26
33
11
11
11
13
16
11
11
18
11
19
11
11
11
11
26
15
13
16
11
11
15
11
21
16
37
16
11
29
14
33
27
33
11
11
31
50
13
19
11
28
37
11
13
35
20
16
18
13
39
28
30
14
29
11
31
21
42
22
18
37
15
11
44
18
16
33
11
24
11
11
23
13
28
20
12
24
29
24
11
42
48
13
26
26
59
33
24
37
11
78
30
18
24
25
11
15
35
14
11
18
19
20
16
13
32
17
11
18
14
14
19
20
11
19
28
40
14
25
21
19
52
33
12
25
31
20
31
18
25
27
11
40
11
25
48
12
48
11
41
18
35
14
30
11
39
11
12
11
31
14
16
33
11
45
40
24
34
26
11
46
24
46
23
11
23
26
34
11
27
12
16
11
42
11
29
40
11
17
33
20
11
26
11
23
36
12
11
14
18
23
13
12
11
35
20
17
32
29
26
11
33
35
11
21
24
40
11
41
29
11
11
26
14
11
24
16
20
12
11
29
26
28
15
22
11
42
19
23
23
29
11
11
12
11
29
33
11
17
27
29
19
11
26
11
18
19
35
11
20
15
16
23
31
21
14
13
28
11
26
11
11
26
28
19
18
11
33
13
28
23
11
25
11
28
16
28
11
11
16
13
11
11
12
11
12
14
15
12
13
12
13
12
11
14
16
13
14
14
13
16
18
11
16
11
13
13
12
20
20
13
11
12
12
13
16
18
13
13
11
11
11
11
11
11
12
17
26
11
22
11
25
13
32
35
24
16
36
19
37
13
17
19
26
11
38
26
33
33
36
24
28
26
36
23
16
14
18
37
39
46
11
45
23
36
36
13
19
33
21
21
23
19
43
23
36
11
28
30
26
35
23
44
13
29
37
29
11
30
14
13
13
16
13
33
14
12
27
11
26
13
15
16
11
12
11
20
11
37
34
11
50
16
13
29
17
36
19
23
33
16
13
30
11
12
24
35
13
46
49
46
53
23
39
46
43
26
43
32
11
20
16
26
29
16
43
39
33
24
28
26
29
26
26
26
29
11
15
29
26
29
29
39
13
13
24
15
24
11
14
33
29
11
36
28
19
13
20
19
19
16
25
11
30
32
20
11
34
30
21
11
13
