101
104
101
108
110
103
101
114
102
108
102
103
103
101
101
102
101
102
118
101
103
107
104
107
111
116
111
121
105
101
105
101
101
101
121
101
104
101
103
101
101
109
126
133
113
103
119
101
101
103
106
103
106
106
123
101
110
103
101
118
103
116
101
106
109
119
101
117
101
101
108
101
112
101
124
111
101
101
119
104
112
118
112
101
108
101
107
105
101
132
139
103
101
102
101
115
136
113
101
127
105
129
101
134
101
109
110
101
101
108
102
111
108
101
107
105
101
101
101
101
101
101
108
104
111
106
113
101
101
101
109
109
106
103
101
132
116
123
101
101
107
109
102
101
104
105
119
103
108
105
106
111
104
110
101
101
104
118
124
101
105
104
113
101
101
120
112
117
101
101
101
101
101
101
103
101
105
105
116
116
106
109
120
106
112
109
101
109
112
101
