11
38
36
24
22
43
11
25
13
34
23
28
29
13
15
11
11
21
32
33
14
39
25
27
22
11
11
32
16
11
11
11
13
14
31
33
11
13
34
18
13
31
24
11
12
28
11
36
22
35
17
26
19
34
32
38
24
21
11
22
16
32
11
30
14
36
47
19
12
26
16
37
23
26
33
19
26
33
33
33
33
39
39
26
26
23
29
33
33
33
19
33
33
26
29
11
32
49
36
52
11
28
15
30
32
39
18
47
16
37
34
11
21
29
33
35
11
43
14
32
17
11
30
23
33
39
11
27
11
25
24
36
39
40
33
33
33
11
27
26
11
11
29
40
33
12
20
32
13
37
22
12
11
14
27
23
13
19
14
27
33
19
21
28
19
27
17
11
34
14
13
17
26
14
21
21
11
13
32
21
17
24
11
25
14
37
17
13
11
16
16
20
19
30
29
36
33
36
33
33
33
11
28
33
33
33
33
31
31
33
33
33
33
33
33
33
36
33
29
31
32
33
26
33
33
27
26
32
29
33
39
29
36
33
33
26
33
29
33
46
33
33
36
11
42
39
39
39
39
39
39
39
39
39
39
39
39
39
39
39
39
39
39
39
39
39
39
39
39
39
39
39
39
39
39
39
39
39
39
39
39
39
39
39
39
39
39
39
39
39
39
39
33
33
39
39
39
43
36
33
33
39
39
39
39
33
33
33
39
49
39
39
39
33
29
33
29
36
33
32
47
39
35
24
23
33
29
36
43
36
39
11
48
39
46
46
46
53
46
46
46
46
46
43
26
26
39
39
39
39
33
19
36
39
16
39
39
39
43
33
33
26
33
36
16
33
29
33
33
33
11
35
33
33
26
31
32
29
69
37
32
36
11
38
33
33
54
32
29
33
33
16
33
33
39
33
26
39
33
33
33
33
33
27
35
39
46
39
39
39
29
33
33
40
39
39
39
49
41
31
47
39
11
28
39
39
36
39
33
33
33
33
27
38
33
33
33
39
39
39
29
33
33
26
39
33
33
28
34
26
26
19
30
33
33
33
27
25
29
19
26
26
26
11
22
11
18
26
26
20
26
29
24
42
11
25
26
26
26
26
26
29
26
26
26
26
26
26
26
26
26
26
26
26
26
26
26
21
11
17
26
26
26
26
26
26
26
26
26
26
24
29
29
27
19
39
11
18
26
29
29
29
29
29
29
29
11
26
19
26
26
43
26
29
11
32
29
19
29
29
29
29
29
11
15
13
20
19
32
40
33
24
11
16
11
12
11
26
24
18
11
23
28
11
11
30
33
23
26
24
32
12
11
18
27
25
22
24
12
27
11
19
16
26
39
29
11
25
33
11
30
24
16
15
11
11
16
16
13
11
16
11
11
12
13
19
11
12
14
15
11
12
11
11
24
16
11
11
24
16
14
40
24
13
17
14
11
11
18
13
21
34
15
11
13
15
26
11
19
11
11
11
17
11
12
39
27
20
15
23
14
15
13
11
13
11
27
13
11
13
11
23
11
11
11
12
11
11
17
14
18
11
11
24
16
11
11
18
11
11
13
11
21
11
11
11
11
32
19
16
23
23
19
11
15
16
11
11
11
11
11
11
11
11
11
11
11
11
11
11
11
11
11
11
11
11
11
11
11
11
11
11
11
11
11
11
11
11
11
12
14
11
12
23
15
11
16
14
11
11
11
15
13
13
23
11
13
12
12
19
12
11
11
11
11
11
16
14
12
13
18
15
20
17
19
11
11
11
11
11
12
11
11
11
17
19
12
30
14
12
24
16
11
17
11
11
11
12
16
20
11
11
13
18
13
12
11
11
11
11
11
11
11
11
11
12
11
11
11
11
11
11
12
