28
29
12
43
43
35
24
48
27
39
37
35
29
11
11
33
30
22
17
17
35
39
33
38
28
16
16
33
38
36
34
39
46
37
34
40
29
23
11
15
11
32
43
16
16
11
29
31
23
15
32
36
19
14
11
42
11
19
11
28
16
36
25
28
29
36
33
29
11
25
18
35
36
36
33
46
27
32
42
36
29
17
19
26
41
18
13
29
25
22
11
21
16
29
40
23
34
48
33
44
22
28
18
16
24
11
12
19
35
11
46
35
32
34
19
20
27
24
23
28
11
25
32
18
47
23
33
11
36
22
43
14
25
12
44
13
19
28
31
36
16
24
32
23
19
38
19
20
27
43
23
11
45
12
24
23
42
29
29
12
19
29
19
38
38
23
34
43
21
11
11
27
47
19
14
13
26
12
38
25
12
39
34
23
38
19
15
13
36
11
19
36
11
12
33
16
13
33
32
11
11
27
38
20
24
24
23
35
33
24
25
16
32
30
16
12
38
21
36
38
28
38
19
36
11
24
20
12
38
28
33
29
11
21
19
44
22
38
30
22
26
43
22
38
38
13
29
23
26
13
38
25
18
16
34
29
35
11
30
34
19
16
29
23
38
28
39
38
34
22
24
23
39
43
29
29
19
16
29
23
23
33
26
17
29
21
22
43
29
23
38
38
29
38
19
35
16
24
11
37
19
28
20
28
33
19
12
17
11
29
32
38
20
28
36
11
25
19
12
14
29
19
13
39
39
39
39
39
12
24
23
33
36
39
39
39
36
13
28
30
36
37
39
39
26
39
37
32
19
33
29
36
37
41
40
26
33
45
28
48
34
30
39
11
37
65
17
19
22
34
41
29
35
46
39
39
39
39
29
11
35
37
38
39
39
36
33
33
27
32
30
30
32
33
23
33
33
33
11
28
33
33
11
28
29
33
20
29
36
33
31
33
39
33
33
33
39
33
23
33
31
32
33
11
28
33
33
13
11
28
33
33
33
33
33
39
16
39
33
39
39
39
34
29
45
39
39
39
39
36
39
33
39
39
33
39
33
39
43
39
29
36
33
33
39
33
33
26
39
39
39
33
23
33
29
36
39
33
33
36
26
26
23
11
28
33
33
33
33
26
29
26
26
26
26
29
19
26
26
26
26
16
26
19
19
29
26
26
26
26
19
26
36
26
26
26
26
26
26
26
26
26
26
26
26
26
26
26
29
26
26
26
26
26
26
26
26
26
26
29
29
29
33
15
38
35
