39
30
30
30
17
14
12
11
14
14
35
17
13
24
11
22
13
18
13
17
11
11
16
13
27
11
15
21
11
36
11
36
14
13
35
13
24
11
35
22
11
11
25
18
36
11
11
19
28
17
11
12
16
30
35
26
23
14
29
33
25
20
11
11
14
22
16
11
29
38
19
30
27
32
11
11
38
17
43
17
12
11
11
18
14
11
11
11
11
11
24
33
33
33
23
26
46
26
33
29
46
37
20
13
11
17
17
17
11
21
30
24
11
11
11
11
11
11
16
47
14
11
15
18
17
17
19
11
15
14
18
11
11
11
12
11
12
11
13
11
13
17
15
14
13
11
12
11
13
16
13
15
11
25
14
14
19
12
15
15
12
11
11
11
11
11
11
11
11
12
11
11
11
17
11
18
13
17
11
11
11
19
15
15
14
15
11
19
26
11
16
15
11
20
12
17
12
13
11
13
12
15
16
23
11
20
16
11
11
23
11
11
55
14
17
21
32
25
20
18
47
46
13
14
11
40
14
18
14
33
40
31
21
19
12
12
19
15
11
13
26
11
14
30
34
37
15
35
42
11
37
11
15
11
11
17
11
34
19
15
11
26
11
31
13
12
18
14
14
11
24
11
27
41
17
29
14
11
35
11
15
17
12
11
11
28
13
29
22
32
33
29
33
33
16
29
33
33
36
39
39
39
39
33
33
33
27
32
33
49
29
29
29
29
29
29
29
26
33
33
31
32
33
11
38
42
37
33
33
33
33
39
39
33
16
33
33
33
27
32
33
28
41
26
39
26
33
33
39
33
33
26
36
23
33
29
33
23
33
33
33
33
33
33
11
25
36
33
23
33
36
33
33
27
35
33
36
37
25
39
33
16
33
39
43
37
11
31
33
33
33
33
16
33
29
33
33
29
29
33
33
33
39
36
33
33
29
33
36
49
26
26
39
46
45
28
23
26
33
39
46
46
46
46
28
44
49
69
46
46
46
39
39
46
46
39
39
74
27
11
11
11
11
11
11
11
11
11
11
11
11
11
11
11
18
15
14
11
13
17
14
12
11
16
16
21
14
11
11
14
13
11
12
11
12
24
11
38
17
16
15
18
17
11
27
11
62
54
36
28
51
29
29
33
36
36
16
29
29
29
29
29
36
44
65
39
26
36
58
39
13
46
23
36
34
11
13
14
11
12
14
13
20
13
11
11
11
12
11
11
14
11
13
13
31
36
36
46
39
39
39
34
15
11
22
11
11
20
12
13
34
20
