101
128
103
111
116
119
119
111
109
112
144
101
112
136
101
101
120
101
123
109
101
108
108
101
101
102
116
131
101
106
101
123
119
125
101
121
109
103
101
102
101
105
107
126
119
101
105
111
108
123
119
106
104
101
101
115
101
115
119
119
119
119
119
119
119
119
119
119
119
119
119
119
106
119
113
106
119
106
123
106
101
102
103
109
116
101
132
101
138
143
133
109
116
123
101
126
101
101
123
113
109
101
101
101
103
101
125
116
106
116
113
119
116
101
118
109
101
106
101
102
101
101
101
126
116
103
106
106
106
109
106
106
106
116
106
106
109
129
103
119
119
113
123
120
109
109
119
101
119
136
101
101
101
104
101
106
101
101
102
101
102
101
102
101
104
106
101
104
103
102
104
116
117
107
105
101
117
105
101
111
103
103
101
