26
16
14
11
11
17
11
12
11
24
28
11
11
12
11
27
13
11
11
40
22
17
11
11
11
13
17
12
12
13
11
12
18
11
15
11
15
13
11
14
12
12
13
11
15
11
12
14
11
11
13
13
14
11
11
15
11
11
11
15
11
12
20
11
14
11
11
14
11
21
13
11
11
19
16
11
11
11
11
11
11
11
11
12
12
11
12
11
11
11
11
11
13
11
11
16
11
11
12
14
20
11
16
16
16
17
11
32
23
16
12
11
32
22
11
12
26
26
26
26
26
24
11
21
39
39
36
39
29
33
53
33
16
33
33
26
47
15
53
26
26
26
26
16
29
23
26
13
14
30
38
21
11
11
26
11
25
33
33
19
26
26
29
20
11
17
36
11
14
15
15
12
11
13
12
11
11
11
11
12
11
16
11
11
16
20
29
26
11
11
18
35
11
20
14
11
11
17
12
13
23
20
25
22
33
11
22
26
26
21
38
22
11
16
33
11
11
19
13
11
12
29
11
12
11
12
21
11
17
13
13
16
12
21
29
13
16
11
22
11
11
15
15
11
11
13
29
23
19
19
33
26
26
33
33
19
19
29
29
26
11
49
41
34
19
26
33
33
33
33
11
25
26
19
26
26
23
26
26
29
23
19
26
43
33
33
33
41
15
20
33
14
21
28
21
13
11
27
32
22
11
11
11
13
18
14
13
16
23
11
11
21
18
13
43
23
19
21
32
44
19
35
21
21
40
22
11
11
16
11
12
11
13
11
12
17
11
11
18
12
13
11
11
14
11
11
13
17
13
11
14
11
11
12
11
11
11
11
11
11
12
11
16
15
11
13
11
15
14
14
12
12
11
11
11
17
16
17
13
11
24
23
11
17
12
17
11
12
11
22
11
15
12
18
12
12
12
11
18
12
28
15
27
27
14
13
11
11
11
32
11
25
16
24
11
15
21
14
15
15
23
11
13
17
13
39
21
12
23
11
26
13
15
16
11
40
16
28
15
11
11
23
35
18
14
33
12
13
11
11
16
11
12
11
11
19
11
11
14
28
11
22
11
11
16
13
26
19
13
11
11
12
11
15
15
20
19
25
22
27
12
11
33
22
18
13
35
12
15
29
11
15
34
15
17
11
12
19
14
47
46
39
59
47
39
26
26
26
40
33
34
48
49
16
46
39
34
46
43
39
36
45
34
19
25
37
42
11
32
39
43
43
43
33
39
41
32
33
43
36
31
35
11
11
33
32
19
26
30
35
29
36
40
17
32
12
31
11
34
43
20
35
14
49
20
25
17
11
11
28
49
12
28
35
18
11
27
31
37
44
22
16
12
18
20
11
21
17
20
30
12
16
27
11
15
17
32
13
22
18
12
24
48
18
11
39
16
36
18
11
11
11
14
17
11
11
18
13
11
11
11
11
12
11
14
11
11
11
16
11
29
11
15
11
19
14
17
16
19
23
11
12
11
17
11
11
11
12
12
27
11
14
13
11
20
21
11
11
11
22
11
11
25
17
11
11
11
13
11
11
18
12
14
11
11
17
11
11
15
16
11
17
11
11
15
18
19
33
43
36
39
39
23
22
33
29
33
26
11
25
13
19
26
24
48
16
29
23
11
18
33
16
36
26
26
26
11
35
29
36
33
36
16
11
11
11
11
11
11
21
11
11
11
11
12
11
12
11
26
27
17
22
12
17
11
28
12
11
11
11
21
18
14
12
25
12
11
15
13
11
23
23
11
11
11
13
13
15
26
16
11
11
11
17
11
16
23
29
14
36
15
13
11
36
25
23
11
11
11
23
17
21
11
11
11
21
18
12
11
11
14
12
11
13
16
11
12
14
13
14
16
19
11
11
12
15
14
11
11
11
12
13
19
16
20
11
17
11
11
11
13
20
11
11
12
12
19
12
11
11
13
11
17
13
11
11
14
18
17
16
11
15
11
12
12
16
12
16
12
13
26
11
11
11
11
12
13
11
12
11
12
26
16
13
19
11
19
36
19
36
23
19
30
26
26
30
17
16
16
11
19
11
15
23
23
13
11
15
16
13
13
11
11
18
13
14
18
23
11
18
13
16
30
11
11
11
16
13
11
11
11
33
20
15
12
11
24
11
11
27
24
24
11
11
18
11
15
13
11
22
20
22
33
11
11
14
11
11
14
11
11
11
16
15
14
11
11
11
11
12
12
16
17
11
18
16
23
11
14
16
14
13
19
18
28
20
36
36
23
36
29
29
26
33
39
46
46
19
39
39
19
26
26
39
46
46
46
39
24
28
26
26
26
29
26
26
23
26
27
35
26
26
11
18
29
29
19
26
26
29
11
11
12
19
12
11
12
33
11
17
31
39
15
11
11
11
36
42
14
27
11
24
17
12
13
18
14
11
30
35
43
33
29
33
