48
16
14
29
31
15
11
27
48
19
11
11
27
11
11
16
11
11
26
15
21
21
11
20
12
16
22
11
11
13
13
38
37
29
11
34
11
11
19
14
33
29
16
12
33
30
11
30
18
27
34
44
15
22
13
23
11
29
36
16
14
31
19
12
21
12
24
20
11
39
11
27
12
20
11
19
41
28
12
16
13
15
11
14
11
12
20
11
11
11
11
11
11
11
11
11
11
11
14
11
27
19
11
11
15
21
38
26
23
11
32
14
16
20
28
11
11
13
42
29
46
11
20
27
38
15
19
17
32
11
20
11
37
19
12
40
23
16
11
11
11
32
22
33
25
28
36
11
36
11
11
15
13
13
16
12
13
18
11
11
11
11
11
22
17
11
18
16
31
11
18
22
12
26
19
11
11
26
16
22
27
16
23
13
22
12
43
11
39
11
18
11
15
29
12
14
34
21
26
11
26
11
27
38
28
46
12
38
45
16
34
38
24
29
25
11
33
16
29
26
40
26
45
20
14
19
15
16
38
36
36
23
38
17
11
11
24
13
38
19
28
38
25
22
36
30
33
19
19
11
11
17
11
29
38
39
30
25
19
12
37
11
19
36
11
15
19
22
33
18
34
30
34
11
17
36
23
28
38
38
33
20
14
17
19
35
16
34
19
36
11
29
38
19
39
36
11
23
33
38
27
49
14
34
47
23
29
30
11
25
29
14
19
43
29
19
16
34
35
19
12
24
23
46
11
29
35
19
12
19
28
38
24
29
23
38
25
22
20
43
23
38
29
35
14
22
27
34
43
19
22
43
23
43
24
25
13
37
28
20
14
29
23
13
32
11
11
23
35
12
38
31
31
22
11
37
19
28
39
39
28
38
34
23
38
19
35
11
15
19
19
19
11
38
43
24
28
41
35
63
53
22
11
20
29
12
28
11
24
12
11
36
38
44
19
33
43
29
26
43
47
17
28
71
84
11
30
46
34
23
32
46
37
11
11
18
38
34
14
35
12
39
36
12
35
12
14
11
28
13
38
19
28
43
14
35
13
30
37
36
11
20
29
35
19
43
13
11
28
36
12
43
49
59
18
11
39
54
25
43
29
18
38
28
37
11
37
34
24
35
17
14
17
26
19
11
11
11
11
21
24
36
11
30
38
38
29
48
13
30
24
33
29
19
13
36
11
15
19
19
19
36
19
12
38
30
25
11
18
35
31
29
12
38
28
33
23
11
18
33
19
21
18
19
11
28
19
19
34
19
22
24
23
36
11
25
19
13
43
29
12
53
13
38
19
45
16
23
36
11
35
33
33
33
33
38
38
12
11
11
11
16
11
12
11
21
15
15
11
20
11
11
11
11
14
11
12
11
15
17
14
11
11
11
13
13
12
11
16
11
14
12
11
12
11
12
14
11
11
12
11
14
11
11
11
11
11
11
11
11
13
11
11
11
13
11
11
13
11
14
11
13
15
11
11
15
11
11
16
17
15
14
19
16
30
11
17
13
15
11
18
11
18
45
22
40
25
30
19
29
39
29
33
26
19
11
35
19
16
16
27
35
11
18
23
11
24
29
19
13
28
28
16
19
13
49
27
11
24
18
11
26
22
17
20
16
30
29
18
17
13
16
11
12
26
26
20
26
18
30
25
27
26
29
19
30
26
19
41
15
33
33
33
33
36
33
29
11
11
11
20
11
11
15
11
23
11
16
13
12
20
20
15
12
13
26
18
11
11
13
11
12
11
14
16
14
11
11
11
11
11
19
20
11
11
13
27
11
16
11
13
12
21
15
11
12
11
15
16
11
39
13
12
24
18
14
18
21
18
18
12
20
13
25
16
21
35
23
11
11
13
21
11
12
12
23
11
12
34
11
11
11
11
13
21
11
15
17
15
11
15
11
11
27
22
29
14
15
15
11
11
27
19
30
11
38
16
11
14
12
14
24
11
16
20
16
15
11
12
11
12
12
11
11
11
11
11
11
11
11
11
14
11
12
11
12
29
11
15
11
18
11
15
11
15
11
18
11
18
11
15
11
15
23
11
15
11
15
11
22
11
11
11
23
11
15
11
22
26
11
15
13
23
29
29
29
29
29
33
23
26
27
11
14
16
11
12
11
15
16
13
13
26
26
14
15
13
29
23
39
26
23
33
