18
29
40
28
29
35
24
29
36
43
16
23
33
36
52
11
39
43
43
11
36
35
49
36
33
28
32
41
38
37
33
33
41
18
29
38
35
36
19
21
25
16
33
24
12
46
36
11
24
11
26
35
27
29
44
21
24
33
43
23
16
29
24
11
37
29
25
19
11
34
26
20
16
36
36
36
36
25
11
31
36
38
28
23
25
54
43
36
39
35
42
29
29
11
26
40
25
12
26
23
11
44
20
22
35
46
23
11
30
11
16
11
11
25
29
33
11
31
33
36
30
35
38
23
23
13
11
11
27
33
23
34
27
11
20
21
11
26
17
33
36
32
13
11
14
12
19
11
18
28
11
35
11
14
22
20
34
26
15
16
35
21
16
26
22
29
47
46
39
11
43
41
27
11
29
42
44
25
36
41
17
20
20
38
11
15
28
30
11
28
35
35
15
11
40
11
16
42
31
24
11
21
19
22
15
35
35
24
28
32
34
11
39
11
18
30
13
20
13
16
22
27
19
28
24
25
13
23
43
24
15
12
37
12
13
11
20
11
25
11
12
28
22
32
11
37
26
20
39
11
17
27
16
18
16
34
25
21
26
17
15
20
23
15
38
11
30
47
22
41
40
27
28
11
28
19
23
26
21
48
70
38
14
11
20
14
11
17
24
16
31
33
37
42
11
26
15
29
11
15
18
37
11
22
26
19
15
14
28
28
18
25
13
11
11
11
29
25
13
16
16
11
11
44
11
18
19
33
14
11
11
33
19
13
12
16
26
19
28
11
32
13
23
11
17
29
27
12
21
21
11
11
35
15
39
21
27
13
11
23
20
13
20
16
15
12
13
19
75
30
26
33
32
22
26
11
12
20
22
20
47
64
31
40
30
48
38
23
42
28
54
12
57
48
40
44
33
59
43
17
11
17
39
39
46
16
23
23
36
39
39
39
56
12
11
12
11
11
12
14
13
25
13
11
13
11
16
13
19
17
25
19
40
16
14
15
13
12
11
22
50
40
49
60
63
29
33
33
33
86
19
29
29
29
29
29
41
48
45
65
59
27
14
30
11
33
36
39
39
39
39
39
36
33
39
39
39
39
39
11
38
33
39
39
33
33
11
28
39
36
39
33
39
33
33
33
11
28
33
28
38
39
39
33
36
33
29
23
39
33
33
29
26
26
22
31
42
33
33
33
11
22
29
26
26
26
25
21
42
26
26
26
23
26
26
19
29
26
26
26
26
33
29
19
26
26
26
26
26
26
26
26
26
26
26
26
26
26
26
29
26
26
26
26
26
26
26
26
26
26
26
29
29
33
36
19
23
20
29
11
28
29
29
29
29
29
23
29
49
26
23
26
20
20
11
15
16
14
11
12
14
11
19
11
16
13
26
26
11
16
11
14
20
11
14
11
14
14
11
13
11
11
18
11
12
11
18
14
11
15
18
17
16
11
14
11
31
33
19
11
22
19
13
12
21
17
15
18
11
14
11
14
12
13
13
15
11
12
11
11
12
11
12
15
11
13
11
11
11
11
11
15
11
19
11
12
12
12
11
11
12
12
19
16
16
11
15
12
11
11
19
13
11
13
13
12
11
13
11
15
13
17
11
12
11
12
13
31
17
14
16
15
12
13
11
36
13
29
21
21
11
19
15
17
15
13
11
11
40
26
43
26
14
32
13
26
11
11
15
13
15
13
14
15
11
11
14
11
11
12
26
29
29
16
32
23
24
11
12
19
49
19
46
27
11
14
16
19
11
25
13
23
26
39
11
25
26
23
26
26
25
11
11
11
11
11
11
11
11
11
11
33
11
12
29
11
34
26
23
12
27
29
11
22
11
11
11
11
14
16
19
11
11
14
15
16
11
11
12
11
14
11
12
12
13
12
11
11
12
11
26
11
15
19
15
27
26
20
11
12
11
12
29
29
39
26
24
28
33
20
33
11
22
30
33
36
19
24
14
11
14
