107
105
108
122
124
113
119
109
109
109
118
101
110
109
126
113
109
123
103
125
121
110
116
116
104
105
126
106
106
107
101
108
134
101
115
119
102
108
119
109
103
101
103
109
133
101
118
105
101
101
101
110
118
103
103
125
101
103
120
101
102
101
101
110
101
102
106
101
102
101
101
105
108
101
113
101
104
104
110
112
101
104
101
106
107
115
101
104
112
101
102
101
102
101
109
116
111
107
121
105
115
101
105
114
117
126
101
101
105
101
102
122
106
101
136
113
102
116
120
101
106
104
101
110
102
129
106
119
101
101
101
101
108
111
101
102
114
101
103
115
101
101
101
105
101
101
101
105
101
107
110
109
106
113
129
116
109
101
102
103
129
101
114
124
101
103
105
111
113
116
116
101
138
116
116
106
133
101
108
101
116
106
113
101
101
101
101
