11
11
11
11
13
11
12
11
11
11
11
11
20
11
20
11
21
11
11
12
15
11
20
11
16
15
11
21
21
11
15
15
11
11
12
11
12
11
11
12
11
12
15
24
16
13
18
11
18
11
11
11
20
11
11
20
11
14
11
21
27
19
11
11
14
11
15
11
12
11
13
12
15
24
12
11
12
16
14
11
11
14
16
21
11
15
14
13
11
11
11
11
11
24
11
11
11
12
13
14
11
11
12
15
11
15
11
15
17
11
13
12
19
26
36
12
11
35
23
26
26
26
26
26
26
23
26
39
36
46
33
29
46
33
30
33
33
33
23
36
26
43
26
26
26
24
25
26
26
21
28
19
12
20
19
19
13
13
33
26
11
15
26
26
23
29
28
11
37
12
11
13
11
13
11
22
14
14
11
15
12
15
11
11
11
11
14
17
15
11
11
23
28
16
12
12
27
11
14
29
11
15
11
15
15
24
29
33
11
25
26
26
26
17
15
25
11
16
20
11
15
11
27
24
16
13
27
12
11
13
15
23
17
12
19
11
11
27
16
11
12
33
21
13
11
12
11
14
11
24
24
12
11
18
26
26
33
33
33
33
19
23
18
17
19
33
17
16
23
11
29
43
33
33
33
44
14
12
18
13
12
11
11
15
15
15
14
11
13
14
11
11
16
23
11
11
18
33
33
33
46
26
24
18
29
26
21
28
26
49
39
33
35
34
39
33
17
56
26
25
26
26
13
33
27
33
39
35
34
12
19
26
26
26
26
26
16
19
24
11
24
29
33
11
28
26
26
26
16
26
27
26
14
13
12
25
12
16
11
11
11
13
13
14
16
16
11
11
11
18
11
17
14
14
11
15
39
36
17
12
18
11
12
20
13
13
11
33
24
11
17
17
12
11
12
17
16
16
17
16
18
15
14
34
11
21
29
17
11
11
15
11
28
18
14
26
14
33
23
11
11
17
16
19
16
12
22
15
22
16
23
12
14
21
11
17
17
11
11
16
11
11
11
15
12
18
15
11
15
13
24
16
22
11
30
15
33
11
24
11
12
11
11
13
30
11
26
34
12
11
30
11
27
29
18
11
34
47
39
63
30
25
42
14
11
11
29
30
24
11
13
48
26
29
39
46
46
46
46
46
46
46
46
46
43
26
16
23
11
33
12
13
22
11
20
24
18
29
12
11
11
11
11
11
11
11
11
14
11
25
12
12
26
11
14
19
15
11
11
23
11
11
14
12
30
21
19
11
13
12
18
11
11
32
14
27
12
33
33
36
29
35
11
30
33
36
33
29
30
59
29
33
33
33
39
16
29
29
29
29
29
33
79
46
39
47
52
39
33
42
40
23
20
29
33
19
26
21
22
26
26
33
26
26
39
16
19
36
33
39
39
39
33
19
11
14
38
27
48
21
11
14
11
17
39
28
14
19
15
19
12
37
22
22
23
13
38
11
29
23
28
11
29
15
11
11
15
11
30
11
11
29
18
13
11
11
12
15
13
15
11
11
16
11
11
22
12
17
13
12
17
11
14
13
24
21
13
14
23
21
13
11
30
19
22
11
20
11
27
39
14
27
17
11
11
31
23
30
16
11
24
12
11
25
11
25
11
23
21
17
26
11
15
40
33
11
18
36
18
21
11
18
11
15
11
15
11
15
11
26
11
41
11
28
16
12
13
12
11
19
21
21
32
17
11
28
33
19
29
26
33
31
29
28
29
11
24
11
24
25
27
32
11
22
16
19
11
32
32
11
16
11
33
18
17
11
11
32
11
24
11
20
14
11
29
13
19
18
12
25
11
18
11
12
26
14
18
15
27
26
26
23
11
32
19
33
26
13
13
22
13
37
33
25
24
33
33
27
32
36
18
34
20
11
11
11
11
11
12
13
15
14
16
11
11
16
11
12
12
11
16
14
11
12
24
11
18
11
11
11
16
11
15
12
11
16
12
12
23
18
15
11
14
12
12
11
11
11
23
20
11
18
13
13
16
25
13
26
19
36
11
32
19
33
33
22
17
26
12
11
35
16
20
11
13
15
11
28
28
11
11
27
19
13
13
11
22
29
18
25
26
29
19
11
32
22
28
15
46
42
34
46
53
49
33
39
29
41
24
22
26
33
26
23
39
39
39
36
11
20
11
12
11
11
12
35
30
11
16
31
43
23
11
40
24
11
26
12
33
11
29
19
24
25
13
19
11
35
11
22
19
23
41
25
33
29
13
23
11
21
24
11
15
32
