20
49
13
19
47
20
19
11
23
15
29
11
16
20
16
18
11
33
43
35
50
37
31
15
11
30
34
13
40
39
45
14
36
11
42
16
20
11
40
21
15
11
17
26
32
19
15
38
47
22
18
36
35
42
33
33
39
39
33
33
33
39
26
33
19
26
33
33
33
33
36
39
33
26
53
33
33
33
11
28
33
33
33
29
43
13
46
43
20
11
11
11
32
13
11
26
33
20
11
37
27
35
13
26
12
35
12
11
28
27
11
16
12
16
16
11
11
12
12
11
13
11
11
21
15
11
11
15
15
11
11
15
24
20
11
29
24
23
32
13
12
12
20
12
29
17
11
32
36
20
33
19
18
14
43
19
13
43
28
31
13
26
23
11
34
24
29
23
39
38
38
43
22
24
35
30
24
13
38
28
28
37
28
43
33
31
35
28
36
11
25
19
12
39
38
28
33
29
11
18
12
38
11
28
35
17
30
28
38
25
19
19
11
28
26
20
11
13
35
11
11
21
33
41
24
33
15
26
18
31
11
20
23
14
38
19
36
19
11
11
27
38
25
19
11
25
14
28
38
25
16
34
24
23
11
22
33
32
39
24
29
32
23
29
43
26
11
32
16
34
20
27
38
32
11
33
24
29
19
16
29
22
43
29
23
23
34
29
38
43
29
23
38
35
19
12
22
34
38
24
13
38
25
29
23
36
16
24
35
12
34
19
19
11
19
38
43
29
13
42
13
32
29
24
21
44
40
28
38
19
28
33
29
21
11
17
11
19
32
34
11
27
39
24
23
46
11
22
33
12
34
19
12
36
26
21
18
20
35
12
43
20
30
13
37
35
22
19
22
43
46
12
27
11
11
16
11
47
26
26
45
57
43
42
54
29
20
11
48
38
47
54
30
17
29
39
11
30
29
15
23
11
37
11
34
22
35
23
34
19
12
37
40
28
33
19
19
12
37
20
39
33
19
16
35
38
29
25
36
11
20
29
29
36
11
44
15
35
36
12
33
13
20
38
19
35
21
22
18
38
25
22
19
15
19
12
38
25
19
13
36
11
20
28
37
19
11
18
19
38
19
35
22
33
29
23
43
28
31
12
23
31
18
12
18
20
35
13
18
11
27
36
26
19
33
28
38
11
18
45
11
11
14
23
38
17
23
36
38
28
43
28
31
11
19
35
16
29
19
19
12
19
28
38
17
11
18
33
24
35
22
38
19
38
35
12
37
29
14
24
19
33
20
11
18
13
28
34
36
11
11
33
15
35
12
37
29
11
15
39
19
36
11
32
25
36
21
11
11
27
11
15
11
11
34
31
18
11
35
32
37
11
35
11
30
39
29
28
28
38
36
11
29
26
11
18
36
11
18
21
11
25
12
19
29
24
25
29
16
30
19
19
22
32
11
19
11
26
11
26
28
16
29
17
35
30
11
27
18
28
24
23
29
29
19
20
12
11
12
11
24
11
14
15
23
16
32
24
30
16
13
13
23
16
22
23
23
23
20
19
23
27
25
23
33
11
31
39
26
43
33
33
33
37
22
11
13
11
11
13
14
13
17
15
16
11
15
17
16
14
13
12
18
22
16
12
12
11
12
13
23
11
15
15
16
11
11
12
11
18
11
12
11
11
11
14
11
11
11
17
15
36
13
11
11
14
22
15
16
20
16
19
12
20
16
11
32
17
36
29
20
28
24
39
30
11
11
11
16
27
12
17
12
11
11
13
18
32
11
11
14
11
18
20
23
11
11
11
13
11
17
16
27
23
11
11
11
12
17
11
11
11
11
11
11
12
11
17
11
11
11
11
11
11
11
11
11
11
11
11
12
11
11
11
11
11
11
12
11
11
13
11
11
11
14
26
11
11
11
11
11
11
11
11
11
11
20
14
11
15
15
11
13
14
11
11
11
16
11
11
13
13
11
12
11
27
11
11
14
11
11
12
11
18
17
12
15
11
22
11
13
34
29
29
29
29
29
30
23
14
12
16
11
11
16
16
11
11
17
11
14
14
11
12
11
11
11
17
12
11
22
21
14
11
13
12
11
13
11
11
17
14
12
