101
101
113
103
109
129
116
119
128
127
123
113
123
101
113
101
118
101
131
112
123
101
120
105
132
133
113
133
120
112
101
101
116
101
105
130
116
101
101
116
109
108
117
117
116
106
133
103
116
107
102
109
121
117
115
114
101
101
103
111
106
108
107
107
107
102
116
103
107
129
101
101
102
101
101
101
101
101
101
106
105
101
101
104
101
101
101
102
101
129
101
102
124
116
102
103
121
102
123
101
102
119
109
119
113
116
116
111
101
132
101
104
106
101
111
107
117
101
101
101
101
113
103
125
102
105
109
111
114
102
101
109
123
