103
113
106
103
123
106
103
118
133
109
119
101
101
112
126
123
109
116
109
113
101
101
122
102
111
102
103
101
130
113
112
101
111
104
112
101
108
102
120
104
123
101
117
127
115
101
102
103
116
101
106
101
137
101
101
108
110
103
105
101
102
102
101
101
119
101
105
109
105
109
102
117
105
103
106
101
107
101
124
112
108
101
111
109
101
101
115
105
101
102
101
101
101
101
108
102
124
107
104
101
111
122
118
103
109
126
121
121
136
114
111
117
116
101
103
101
101
116
121
116
117
105
109
113
103
105
101
106
101
101
101
110
101
101
101
110
101
