125
102
109
122
101
115
136
130
109
123
109
119
113
116
116
139
132
110
119
144
102
134
111
127
133
103
129
109
129
101
101
101
112
116
106
103
103
113
101
120
101
101
115
101
104
112
120
107
136
109
107
108
105
101
101
116
112
132
101
102
109
121
113
101
101
101
104
101
108
116
124
101
116
123
113
109
107
111
101
101
102
104
101
103
102
113
116
103
133
114
109
101
138
113
101
112
126
116
123
101
128
103
112
107
104
125
120
112
101
123
117
119
122
109
123
101
115
129
104
117
102
103
113
102
114
103
106
118
102
101
101
105
115
103
101
105
101
108
103
105
104
103
109
101
101
104
127
106
115
109
101
115
106
116
107
110
101
101
112
110
101
101
101
124
108
104
121
105
116
109
116
101
101
104
116
103
106
113
113
120
113
103
