39
13
39
23
39
33
11
41
39
25
36
33
33
33
11
25
39
22
11
28
33
33
11
28
23
26
33
46
16
39
33
25
33
46
39
39
11
35
39
46
11
17
15
15
16
11
35
36
43
11
30
46
18
33
23
15
27
23
15
11
14
16
11
11
28
11
14
15
12
11
20
11
11
30
12
11
11
11
11
12
11
14
11
11
14
14
53
15
11
11
11
11
15
13
11
12
11
13
11
11
12
11
19
11
12
18
37
11
11
11
13
12
14
11
17
39
17
22
14
13
16
16
13
35
11
19
19
17
16
11
35
30
19
23
11
11
17
26
14
23
12
11
11
11
16
15
16
18
11
11
34
11
32
11
34
26
11
32
11
36
33
29
14
34
33
27
13
12
11
11
15
21
18
17
45
14
16
11
25
11
11
11
16
11
29
11
12
19
42
11
11
11
12
16
11
34
16
25
52
19
11
17
14
11
15
11
14
34
16
11
11
21
14
20
11
22
19
11
11
25
28
21
48
22
12
13
12
24
14
24
19
11
15
19
13
33
27
21
11
14
20
23
24
11
26
11
16
13
16
15
12
24
14
25
23
11
37
15
11
22
17
33
24
17
23
11
14
22
26
39
64
16
33
16
11
11
25
11
14
43
11
11
11
11
11
12
16
15
11
22
11
11
11
11
11
11
16
27
12
20
11
39
22
29
29
29
29
29
29
29
29
29
33
33
29
33
31
38
33
39
33
33
33
33
11
35
39
33
36
33
33
27
32
33
33
36
33
26
19
26
33
33
33
11
28
33
27
35
36
33
29
13
29
33
26
33
33
33
33
11
32
29
33
29
33
29
33
33
33
36
33
29
39
49
39
28
41
39
36
39
39
26
33
33
33
11
32
33
29
11
28
33
23
36
33
33
27
25
36
33
33
29
33
56
26
53
36
46
46
46
23
39
39
45
41
46
46
43
36
49
43
46
46
46
46
39
46
39
53
39
33
33
36
33
28
47
39
33
33
33
11
30
38
33
39
39
34
32
33
33
23
36
39
37
32
33
42
39
52
36
27
32
33
59
39
43
43
36
33
39
36
39
29
26
24
35
28
41
33
34
42
34
32
33
26
33
33
39
46
46
49
29
29
33
33
33
33
27
22
33
33
33
46
39
39
33
33
33
23
39
33
33
33
33
39
33
29
39
43
33
33
33
33
33
13
26
26
11
15
26
26
33
26
33
16
26
33
20
29
29
29
33
26
19
26
33
33
26
26
26
26
26
26
26
11
32
33
33
39
33
26
39
11
18
33
19
26
43
33
33
33
33
14
12
11
23
25
26
41
26
33
26
26
11
16
17
11
11
11
11
13
11
24
17
11
12
13
12
12
11
12
13
11
40
41
14
11
28
11
29
11
12
26
30
22
29
29
29
29
29
29
29
29
29
29
26
26
20
36
26
11
11
21
21
22
29
11
26
16
24
13
11
22
13
26
29
19
11
22
19
16
26
23
19
13
11
11
11
11
11
11
11
11
11
27
29
11
22
26
26
26
16
20
16
11
15
13
29
19
17
11
11
11
11
11
20
13
13
11
12
11
11
18
13
13
21
18
16
11
26
13
21
14
29
11
11
12
11
11
16
18
12
11
15
15
11
32
20
32
11
15
20
27
11
11
13
19
12
27
26
31
25
14
31
27
11
29
21
14
12
16
16
22
14
22
26
14
25
19
23
16
20
21
11
25
11
32
16
13
53
29
33
33
39
46
46
39
39
16
26
26
29
46
46
46
46
26
33
26
26
26
26
29
26
26
23
26
29
26
26
29
19
23
11
18
11
15
11
15
11
22
11
15
11
22
26
29
29
29
29
29
16
20
26
23
11
15
11
11
21
23
11
11
11
19
13
11
22
19
11
18
23
19
11
28
33
36
