110
102
101
105
120
129
109
111
120
105
101
113
124
101
114
103
126
113
106
101
122
129
110
103
120
101
118
109
104
129
113
110
119
101
101
109
102
101
108
116
104
114
119
106
101
101
101
101
101
102
126
121
122
106
126
109
103
133
119
119
119
119
119
119
119
119
119
119
119
119
119
119
119
106
123
103
119
106
123
119
101
102
123
111
116
101
132
101
138
136
133
113
101
120
109
101
101
108
124
101
101
119
119
101
106
101
101
127
126
109
106
119
123
126
116
106
133
101
118
101
106
116
116
116
101
111
107
105
106
109
106
106
106
103
106
106
109
116
119
101
101
101
101
120
112
101
103
104
114
101
101
111
106
101
103
110
106
128
101
101
102
108
101
105
106
102
109
111
103
101
101
101
101
103
105
109
110
103
104
114
105
101
104
101
