14
13
39
16
37
12
25
41
37
37
27
41
36
42
16
11
39
16
13
28
16
31
11
35
33
44
12
36
13
43
11
35
33
39
19
11
47
34
35
31
38
13
11
43
11
32
49
43
22
19
54
39
39
33
33
27
28
26
29
49
29
33
33
33
36
39
33
26
26
23
36
33
33
26
33
33
28
30
38
33
38
29
11
24
15
19
56
39
11
11
11
36
23
12
19
26
39
24
29
23
17
12
11
40
34
29
14
17
24
43
16
13
42
40
26
40
11
32
44
41
17
37
42
35
11
11
11
36
12
26
36
17
12
58
38
36
13
32
34
65
42
23
18
62
15
11
11
36
14
13
27
14
21
11
11
12
11
11
46
15
56
12
11
40
11
11
41
13
12
12
11
29
30
32
24
13
11
11
15
13
11
26
13
15
18
14
12
14
11
11
13
17
14
27
36
34
12
11
17
30
46
27
13
14
19
28
19
25
14
33
26
11
23
25
23
13
35
48
13
17
19
16
28
11
12
12
11
12
11
11
17
11
11
12
24
11
11
11
12
32
18
24
11
19
13
11
12
14
11
11
11
11
11
12
14
12
16
11
11
13
11
13
11
11
38
12
22
26
11
11
14
20
11
16
12
18
14
22
13
19
19
11
11
41
17
16
13
34
11
17
14
14
30
18
23
11
18
18
14
11
11
12
23
11
11
12
20
16
14
11
19
11
11
11
11
12
15
21
17
12
11
12
13
13
11
11
20
11
12
13
12
20
13
16
12
31
11
30
16
11
21
11
15
17
15
13
13
13
14
13
17
12
11
22
26
11
14
11
11
25
11
17
13
13
26
11
11
11
15
13
23
11
25
35
19
45
35
39
18
11
23
30
35
47
36
21
32
33
33
11
32
11
15
17
11
11
11
27
30
14
34
22
12
18
28
24
11
32
11
26
14
18
11
11
21
14
26
15
21
27
11
20
23
22
23
53
26
26
26
26
26
26
23
46
53
56
26
39
46
40
53
38
17
29
47
32
43
26
33
46
43
43
34
32
11
48
49
39
34
38
33
29
34
43
36
34
12
19
27
38
33
26
33
36
34
38
33
32
11
37
35
49
34
32
35
43
30
11
25
48
18
41
35
11
13
15
38
11
38
26
17
30
15
18
11
16
18
35
27
13
20
16
42
14
24
33
15
12
11
11
18
14
24
19
19
27
11
27
19
16
20
13
11
11
17
46
43
45
11
11
11
15
11
11
23
11
11
13
11
11
11
11
13
11
22
11
21
11
12
13
11
11
33
39
39
21
12
19
12
19
36
39
46
11
12
13
15
17
11
11
12
12
15
11
11
11
13
12
39
43
46
11
25
39
33
26
49
11
29
31
11
17
33
29
11
24
37
26
27
29
11
22
26
43
11
44
15
14
11
13
23
12
11
29
11
29
29
11
13
35
11
21
14
11
19
25
15
19
35
31
13
13
44
13
11
21
16
21
23
36
25
28
11
22
26
25
16
11
21
11
35
23
18
34
12
11
30
24
33
40
12
32
16
19
17
15
19
11
27
30
11
11
34
14
11
11
12
11
11
18
11
13
11
15
11
11
11
12
18
14
12
11
11
15
11
18
11
11
11
22
14
12
12
18
11
20
12
19
17
11
11
11
15
12
16
11
11
23
12
14
18
11
18
19
20
11
15
26
14
18
16
26
33
33
29
33
39
33
31
32
33
36
33
11
16
11
21
29
17
11
29
32
36
33
16
11
18
35
29
28
36
33
39
11
22
46
11
32
44
28
29
36
36
11
12
16
26
36
13
19
20
19
29
13
15
11
11
12
16
12
15
11
16
15
14
11
20
11
13
25
11
16
15
19
13
21
11
12
12
17
33
15
16
14
13
12
13
12
18
17
11
11
15
14
18
12
11
22
33
11
11
14
32
25
32
17
12
17
19
19
31
21
11
22
22
34
25
13
29
38
19
29
38
25
13
38
15
21
18
12
27
11
14
11
19
11
14
12
20
13
13
15
18
11
11
15
11
11
14
16
14
11
11
11
12
11
15
15
24
23
11
11
11
13
22
19
14
11
11
16
11
13
31
12
17
14
20
31
12
11
11
12
20
12
15
16
11
11
11
11
24
12
14
20
20
11
11
11
15
34
18
25
