11
11
18
13
11
13
11
17
12
12
32
20
12
43
26
17
15
11
21
11
40
14
17
12
13
13
11
11
15
18
13
11
15
11
16
11
11
12
11
14
11
12
19
11
13
15
12
12
13
14
20
14
11
12
11
11
11
12
11
11
11
12
12
11
14
13
12
12
12
11
13
14
11
11
11
11
21
18
16
21
12
12
11
11
12
18
25
29
11
16
13
13
11
11
11
26
15
11
15
17
12
15
15
11
19
19
26
26
26
26
26
26
18
24
26
39
36
46
33
36
46
33
36
33
33
41
35
28
17
32
26
26
26
29
29
11
25
15
12
22
31
36
11
24
33
20
18
11
13
26
27
26
12
12
11
12
36
13
11
11
14
13
17
15
11
11
17
16
14
11
11
21
11
11
19
14
21
20
11
14
14
12
14
11
11
25
12
23
15
19
13
11
25
17
15
11
18
11
11
11
27
11
18
12
11
19
24
11
14
60
29
13
11
11
11
30
36
46
20
13
42
40
12
42
20
14
31
11
22
13
11
15
13
33
11
11
11
62
20
46
15
11
42
11
11
12
20
43
19
30
23
33
16
31
38
11
17
11
14
13
11
29
40
32
38
33
15
20
20
11
25
12
27
22
47
26
11
11
11
54
24
46
49
45
11
41
12
13
29
11
11
11
11
18
11
13
11
11
11
11
11
23
13
11
22
12
18
11
24
23
19
23
29
33
29
29
29
33
29
23
14
11
29
17
12
41
11
38
16
16
27
16
12
11
11
12
36
19
20
14
11
11
31
11
11
13
11
13
11
11
21
12
19
17
26
13
12
13
11
11
11
11
25
11
12
16
29
11
12
20
15
11
18
12
23
11
13
17
11
13
11
13
11
11
11
14
12
16
11
30
13
14
13
11
34
11
13
11
12
12
20
17
11
15
11
11
15
13
13
11
11
13
25
11
14
11
11
17
21
12
11
24
27
12
40
11
19
16
24
11
12
25
46
23
13
33
11
35
43
33
36
36
29
23
33
28
17
28
11
36
11
26
12
11
16
30
13
16
18
35
21
11
25
11
19
18
27
13
33
11
22
28
17
17
22
33
29
13
47
20
50
15
26
26
26
26
26
26
40
25
30
44
41
46
41
33
45
46
19
49
49
39
21
18
23
46
43
43
33
42
56
29
39
36
29
33
33
23
31
38
40
11
34
29
19
11
25
33
33
29
39
11
12
35
11
24
43
13
11
31
50
26
43
43
36
29
15
13
21
11
35
72
39
11
42
36
33
39
36
39
28
44
29
33
36
33
39
36
39
33
33
33
13
33
33
39
46
46
49
27
32
33
33
33
33
33
29
33
33
33
39
36
36
33
33
36
40
39
33
33
33
33
33
33
43
36
39
33
33
33
33
33
26
26
26
26
27
32
26
29
26
33
26
32
29
36
26
24
35
33
33
13
26
26
26
26
26
26
36
33
33
27
18
33
26
39
29
26
19
26
29
19
33
33
33
33
21
19
11
24
26
33
19
26
26
33
26
24
15
13
18
11
13
24
11
11
11
17
11
11
12
17
22
13
11
13
16
20
14
11
11
11
11
15
20
11
11
12
47
20
16
23
29
29
29
29
29
29
29
29
29
33
26
26
24
28
19
29
23
16
33
36
11
15
11
18
36
29
26
25
15
38
19
36
13
12
11
16
13
16
13
16
13
13
16
11
22
11
25
16
11
25
26
22
31
16
11
11
14
12
17
23
19
17
11
12
11
15
12
12
11
18
11
11
14
15
14
11
11
15
11
18
11
11
13
11
18
11
16
12
16
11
21
17
11
11
17
18
21
20
12
43
19
33
22
11
12
11
12
15
41
20
25
39
11
17
37
26
36
14
12
15
11
16
13
15
11
12
11
11
12
13
11
14
13
13
26
16
13
29
43
30
20
13
23
29
27
32
33
46
46
46
39
36
26
26
29
46
46
46
46
26
33
26
26
26
26
29
26
26
23
26
29
26
26
21
38
29
33
20
26
26
26
29
29
29
29
29
43
46
26
27
39
15
41
15
37
38
17
15
34
55
33
29
33
