134
133
103
103
103
119
114
102
115
107
106
101
103
109
101
102
103
116
119
119
103
112
101
136
116
103
109
116
101
102
101
105
103
102
123
102
119
139
106
126
102
101
119
111
133
115
122
108
109
129
101
131
109
113
107
101
102
106
101
111
109
116
102
105
103
101
122
122
101
109
109
101
103
104
101
104
103
101
101
106
101
125
106
106
106
101
125
103
101
107
101
107
110
105
119
124
101
108
128
127
103
133
113
103
103
102
104
115
113
105
101
101
101
101
105
123
116
102
101
105
131
107
101
142
101
122
