43
33
22
13
49
14
17
40
36
38
30
36
39
23
46
24
33
11
30
11
28
39
13
33
29
43
19
13
24
16
31
36
11
46
15
13
19
11
23
15
19
20
26
32
53
29
33
33
11
27
28
36
33
36
23
37
22
29
43
36
28
30
11
30
34
18
32
40
32
32
36
13
36
24
11
31
36
23
19
16
19
46
39
21
31
11
11
31
57
32
23
34
39
26
11
39
40
11
29
31
35
12
19
35
12
15
22
15
11
52
26
16
36
17
11
27
33
14
25
35
15
26
43
33
16
12
44
11
25
18
34
11
39
38
17
36
14
16
16
25
31
16
18
18
38
24
31
13
12
11
11
12
26
15
11
41
15
16
11
11
37
13
36
27
13
11
27
40
27
37
16
18
34
37
32
14
22
37
14
15
11
29
25
26
27
32
45
18
28
11
44
19
27
14
14
11
30
14
38
11
33
29
29
11
24
32
11
32
34
14
31
33
15
23
23
38
11
32
14
32
19
34
32
40
14
33
42
17
21
34
26
43
11
41
18
28
45
12
11
11
17
20
20
28
15
11
45
21
17
46
11
32
36
11
26
11
22
14
35
16
11
35
11
17
13
11
32
33
15
14
11
43
11
33
44
22
35
36
50
34
41
28
30
36
11
33
11
23
20
11
16
11
22
26
11
11
44
13
11
15
34
23
44
11
11
11
11
11
16
11
46
15
34
11
41
21
72
24
28
43
24
14
11
41
19
11
45
15
17
29
39
13
23
11
32
23
11
21
29
36
23
26
11
19
19
12
33
23
24
31
30
26
26
19
36
12
33
26
11
24
11
26
35
11
26
11
49
41
47
24
20
51
14
25
14
11
32
23
26
29
33
25
30
22
61
33
11
28
31
26
39
11
36
39
29
51
15
15
21
11
24
35
37
39
39
36
22
40
19
19
34
35
27
25
33
39
16
19
12
47
19
46
11
27
18
41
29
37
38
36
31
41
26
16
16
25
25
25
26
63
46
29
36
39
57
54
35
39
40
23
32
19
24
19
18
36
13
11
37
19
11
11
41
42
13
16
26
51
48
19
23
11
25
11
25
33
49
13
19
34
19
17
16
17
13
15
19
26
21
11
25
14
23
33
11
20
11
24
28
14
22
13
11
19
11
11
11
11
11
29
23
11
38
20
11
13
11
13
11
11
21
11
11
11
11
11
26
37
17
11
11
11
28
26
11
16
29
33
11
13
11
13
11
14
23
41
16
36
33
37
22
19
29
24
42
26
36
13
21
27
14
21
16
22
33
14
12
11
11
11
25
11
46
30
11
30
20
14
14
11
22
11
30
33
11
31
38
16
11
27
23
31
26
11
15
11
11
24
24
18
16
16
17
11
36
14
12
16
11
15
12
11
15
11
11
11
11
11
15
11
16
12
12
12
14
18
12
14
14
12
24
18
11
23
18
11
24
16
13
19
11
22
11
31
33
11
24
11
16
29
11
15
11
12
11
11
13
11
13
13
11
24
11
17
14
28
21
26
16
16
11
33
11
17
18
11
20
15
25
22
11
11
24
32
13
36
13
13
11
15
11
12
15
11
14
11
23
32
17
16
36
11
22
23
23
29
29
44
22
12
32
37
37
21
37
16
13
32
38
31
31
31
33
12
49
47
37
25
13
11
17
40
16
18
28
39
27
11
28
29
17
29
17
16
12
24
13
22
23
11
15
11
12
13
11
12
12
11
11
13
11
11
11
12
11
14
25
20
37
18
13
15
12
11
11
14
20
11
15
16
13
11
22
21
13
13
17
17
14
17
23
11
15
11
11
26
13
23
17
11
17
13
14
11
21
24
11
46
39
49
39
44
18
26
26
11
11
11
11
11
11
11
11
11
11
11
11
11
29
16
23
26
23
42
30
39
33
26
19
26
26
11
18
26
26
33
27
28
26
29
29
29
29
29
26
39
29
11
35
12
12
40
31
12
22
17
11
21
25
11
27
12
11
29
25
19
11
29
12
20
