118
126
106
101
101
113
133
113
119
106
101
110
111
101
133
101
101
104
111
119
101
120
102
108
120
121
109
101
106
119
101
104
110
143
104
101
132
105
113
101
101
121
109
101
101
101
101
101
109
103
126
116
113
101
120
119
126
103
109
106
101
116
101
101
101
114
113
126
106
101
103
119
103
101
130
101
112
126
101
101
101
101
101
107
123
129
133
153
113
139
133
133
103
109
106
113
119
123
123
126
119
126
116
106
123
123
109
123
101
125
101
101
103
105
101
106
123
101
108
103
101
113
113
116
123
119
101
116
101
101
105
112
107
104
113
101
120
101
105
116
116
101
101
101
102
110
112
106
102
120
114
101
122
101
110
106
101
105
102
103
101
102
102
101
101
105
101
105
105
103
125
110
101
112
106
114
103
113
106
101
116
103
119
