37
15
21
31
18
11
37
15
21
28
41
13
11
22
43
37
16
11
43
11
40
19
11
24
11
26
27
11
29
15
20
11
39
11
40
11
39
17
41
36
43
13
24
48
11
11
47
11
29
17
40
29
32
43
45
18
33
39
39
33
33
33
13
29
26
26
19
26
33
33
33
33
39
43
29
25
11
11
11
11
11
17
21
11
24
30
17
21
18
17
19
32
40
38
19
19
31
11
33
22
16
28
18
30
26
12
36
40
28
36
24
29
32
21
15
12
29
29
25
13
11
11
11
14
11
14
14
13
14
15
11
12
11
12
11
12
14
13
20
16
12
19
18
11
19
28
26
14
11
32
42
24
38
37
11
11
12
34
23
25
11
19
36
19
29
35
27
15
38
29
16
29
15
24
19
19
16
29
13
43
23
42
29
29
39
14
36
29
16
16
34
18
44
33
36
11
23
24
37
11
11
34
11
39
24
19
19
11
28
11
28
37
29
19
35
38
30
28
34
23
28
31
13
14
22
36
11
11
34
11
34
23
19
35
12
36
11
11
27
46
11
11
17
38
44
12
38
25
19
11
15
23
28
11
32
23
36
11
19
36
11
48
38
28
39
26
11
25
19
19
12
29
35
12
30
24
33
38
24
24
11
37
18
33
34
38
38
38
28
22
40
29
23
43
24
23
34
24
29
26
34
29
38
24
33
38
19
35
19
11
29
35
23
26
26
29
22
21
36
42
29
19
16
24
23
31
19
11
28
31
27
29
45
46
19
19
12
34
23
38
28
28
17
46
19
12
37
16
22
43
29
19
41
26
12
38
38
28
43
23
38
25
13
36
21
32
45
34
37
11
27
32
38
28
29
33
23
48
48
36
16
39
29
16
43
44
22
45
19
11
58
55
32
50
33
39
16
12
44
29
14
38
32
35
35
11
20
44
33
37
28
11
35
12
38
28
38
38
37
12
11
13
23
20
33
24
25
13
35
38
45
13
20
33
25
27
36
36
18
31
30
28
33
24
25
59
11
15
23
13
33
46
11
11
34
19
19
12
11
28
38
36
31
23
32
11
11
33
23
42
29
23
36
12
28
39
33
29
19
19
12
38
29
36
11
25
13
36
21
35
13
36
11
25
25
54
11
15
19
12
38
35
11
11
19
29
28
38
35
38
22
35
12
28
28
36
11
11
37
24
23
38
24
29
13
43
23
38
22
25
38
30
35
11
11
27
11
11
38
26
12
35
35
39
11
11
17
11
18
28
37
11
28
28
11
34
12
37
36
11
11
33
25
27
25
15
37
36
11
38
37
12
37
36
11
12
14
14
28
35
19
12
28
18
16
41
38
16
12
27
19
11
38
19
23
13
27
26
18
11
13
11
14
11
13
11
11
28
27
19
15
11
17
11
11
15
11
15
12
16
12
11
13
11
14
12
14
23
11
13
12
11
12
16
13
13
11
13
13
17
11
13
11
17
15
11
11
11
12
13
18
11
11
13
14
17
22
14
11
11
13
11
11
11
13
16
13
11
11
11
11
11
14
11
12
11
11
13
12
11
11
15
14
13
11
11
11
12
13
11
13
16
15
16
20
11
31
36
33
33
33
11
28
35
27
11
34
12
12
14
12
23
12
11
14
11
13
17
12
18
16
14
13
12
11
13
15
20
16
12
16
24
12
12
14
12
11
12
11
17
18
18
17
11
17
11
11
16
12
24
21
11
11
12
13
16
11
19
17
12
11
21
21
14
31
19
13
16
20
13
11
43
20
13
19
19
13
20
11
29
25
27
11
21
23
16
13
16
16
39
11
25
16
23
26
33
19
33
39
46
47
39
39
36
26
26
43
46
46
46
26
16
12
11
22
11
33
26
26
12
17
26
26
22
14
23
12
15
11
13
12
11
11
18
16
22
17
11
11
15
13
11
11
12
11
11
11
11
20
35
21
11
23
17
11
21
33
46
39
11
11
14
29
15
13
40
26
26
19
15
59
17
11
11
11
27
11
18
23
