106
134
101
102
101
103
103
104
101
102
103
101
117
101
101
101
101
101
103
116
116
108
114
109
101
103
103
101
101
101
101
101
110
104
115
106
112
113
123
115
101
101
127
101
114
104
107
113
109
101
102
102
101
105
106
103
115
129
123
108
122
109
104
101
101
102
119
101
102
101
117
101
101
102
109
102
119
116
113
123
122
107
103
113
108
119
131
122
101
135
121
111
101
102
133
133
106
101
110
105
123
101
101
101
109
101
109
123
116
103
103
116
101
106
143
126
101
101
113
103
113
101
108
109
101
112
113
116
101
117
113
106
103
106
101
110
101
102
106
101
102
104
101
101
101
120
119
116
103
109
123
106
110
103
113
106
101
101
102
102
110
117
109
126
115
101
102
105
103
106
113
126
123
129
139
113
109
106
113
109
113
133
101
112
113
123
