22
11
11
36
36
11
27
36
14
21
11
16
47
19
30
13
17
22
11
16
31
40
42
23
41
28
36
39
42
34
33
32
39
33
36
39
36
34
35
29
23
40
39
29
28
38
33
37
20
28
50
43
33
36
23
16
33
12
16
33
29
11
40
12
46
32
32
14
16
36
39
42
34
34
32
19
39
46
23
33
11
32
11
26
39
39
32
34
43
34
36
45
11
33
39
53
26
13
40
32
11
32
39
33
26
24
11
38
29
16
23
34
22
24
11
35
37
11
36
11
35
21
32
11
34
21
31
33
33
19
29
36
33
26
13
36
13
33
33
39
29
16
33
11
48
32
16
32
41
16
26
29
32
44
24
28
11
31
34
39
30
39
31
18
23
16
36
29
33
23
11
28
12
37
36
16
29
31
37
24
33
37
15
19
22
46
14
16
43
26
11
36
32
13
13
24
12
39
11
42
11
12
11
18
14
27
14
16
16
19
14
29
36
22
34
35
24
12
41
12
16
22
11
25
11
30
48
16
20
29
24
23
17
11
11
18
21
14
14
11
27
34
40
13
26
12
22
25
12
21
22
27
36
34
34
41
24
39
11
21
14
13
12
11
11
39
16
34
11
29
24
37
11
48
12
12
11
18
13
12
11
30
19
11
13
11
30
12
11
22
11
11
20
17
11
11
13
11
22
14
13
11
52
51
11
31
44
19
32
14
26
40
26
30
16
49
11
29
13
27
19
43
63
59
26
13
24
52
33
29
23
25
24
12
28
53
11
25
34
11
22
26
29
16
19
34
12
23
49
14
55
27
26
26
26
29
33
23
13
30
16
20
59
23
20
38
53
19
13
42
37
33
29
24
48
11
20
22
11
11
13
11
24
22
32
14
33
23
22
19
20
11
13
30
38
41
11
43
40
28
16
18
11
26
36
29
14
42
40
36
40
15
34
41
17
27
36
23
11
43
11
31
30
39
15
44
33
23
33
33
26
25
41
23
19
26
25
38
16
46
15
23
11
31
22
17
20
19
14
23
11
11
26
18
38
11
37
12
28
17
41
11
32
14
17
11
34
36
16
33
28
31
22
29
14
11
11
27
11
28
43
11
35
25
34
25
47
22
11
17
47
22
11
25
34
11
35
33
11
50
25
11
15
19
11
26
17
31
43
11
45
46
11
13
20
13
33
19
45
13
26
26
16
54
23
13
33
29
11
26
32
36
41
31
20
30
22
26
19
11
22
11
28
23
16
13
19
11
25
29
14
21
13
26
14
16
18
11
25
15
13
22
13
25
23
11
15
13
22
11
11
11
17
20
14
11
27
14
11
16
22
33
34
27
11
11
11
11
32
32
28
19
15
12
15
14
13
15
11
11
11
11
11
11
12
11
11
20
11
13
11
11
11
24
16
19
11
25
12
17
14
11
11
30
21
29
16
13
11
38
21
11
12
15
11
11
20
12
11
12
28
11
32
15
16
12
23
11
21
15
19
11
25
13
21
11
25
21
11
11
28
11
23
11
24
11
24
32
16
11
25
20
16
14
13
12
20
11
13
11
11
13
13
13
11
11
11
11
11
11
11
11
11
11
11
11
11
11
11
11
11
11
11
11
11
11
11
11
11
11
11
11
11
11
11
11
11
11
11
13
11
11
11
11
12
11
11
11
13
11
11
11
12
11
12
11
11
11
11
11
11
11
12
11
11
11
11
12
11
11
11
11
11
11
11
11
11
12
11
11
13
11
13
11
13
11
11
11
11
11
11
11
11
11
11
11
11
11
11
11
11
11
11
11
11
11
11
11
11
12
17
11
38
11
15
11
15
14
11
21
11
15
11
11
11
15
11
13
15
11
11
11
11
11
18
13
12
21
23
13
29
15
11
11
12
13
18
11
11
21
11
16
11
13
11
11
11
21
16
11
19
14
22
11
14
13
11
11
49
23
16
21
11
11
22
33
21
14
16
26
19
30
11
23
21
24
22
26
11
18
12
38
21
36
38
19
35
12
44
11
11
11
26
39
29
19
28
29
29
28
28
11
23
14
35
31
37
29
11
27
27
29
29
24
13
26
27
28
27
11
13
15
16
16
11
11
22
19
30
15
25
20
16
12
13
11
11
44
13
12
37
19
19
