118
134
119
118
107
120
101
133
107
101
101
107
101
101
121
115
116
109
101
101
112
101
135
112
107
101
115
128
123
117
102
123
116
120
118
118
102
126
117
122
106
101
113
111
101
111
106
113
101
101
101
105
110
114
109
101
122
122
107
108
111
110
135
102
114
115
118
101
101
101
125
143
135
112
101
101
101
153
108
110
117
119
140
113
109
133
126
107
106
108
103
109
116
104
123
129
103
132
101
101
101
107
103
105
115
108
115
102
109
108
101
135
106
101
101
104
101
138
101
101
102
101
102
101
103
147
109
101
101
123
116
101
106
