110
103
124
107
109
126
110
103
132
134
101
103
107
106
119
116
101
108
109
119
116
136
101
101
120
106
101
101
102
106
112
124
101
101
101
127
117
105
105
107
110
126
106
121
136
106
101
124
119
124
101
101
103
101
102
117
112
116
118
120
101
101
111
125
116
115
101
120
101
105
101
101
101
101
113
119
113
113
105
111
101
115
101
114
103
101
115
139
139
139
109
113
119
126
103
101
105
103
119
123
126
103
106
101
101
124
126
101
108
119
123
119
123
106
119
116
113
106
133
109
133
101
104
106
108
102
101
106
101
101
108
101
101
101
101
102
102
101
103
101
101
101
102
105
102
101
103
103
120
101
101
101
101
101
101
101
101
101
101
101
101
101
101
101
101
101
101
101
102
139
106
106
103
102
110
103
113
106
110
105
102
101
101
101
101
105
102
