101
130
106
101
101
113
118
106
110
103
133
106
126
101
110
101
124
119
103
126
106
102
130
117
107
118
105
109
107
118
109
103
101
106
101
118
101
109
120
101
101
108
110
124
102
123
104
103
113
101
101
107
107
125
101
116
121
129
108
112
119
130
103
121
101
115
108
106
102
129
103
118
101
127
102
103
101
101
113
103
109
108
101
111
111
108
119
116
101
120
113
101
115
103
123
109
126
101
103
108
109
116
113
106
119
101
101
102
101
126
116
101
108
101
102
102
101
128
101
119
106
101
133
123
101
101
101
101
106
106
122
101
113
101
110
109
101
106
110
101
112
107
109
101
107
113
128
103
101
108
128
105
113
116
108
101
102
104
106
110
106
102
105
102
101
101
110
101
101
105
136
103
101
125
132
104
101
106
113
119
101
108
117
116
101
