107
134
109
107
101
106
116
101
105
124
115
101
108
103
123
101
101
102
113
101
107
117
101
101
121
106
110
101
106
101
101
101
110
136
106
112
103
114
113
101
112
101
101
105
101
108
111
123
119
107
105
103
108
101
120
107
123
101
106
101
101
101
109
112
106
106
108
111
116
109
103
101
128
116
101
101
127
101
126
102
116
101
103
106
116
124
101
131
101
106
101
126
104
115
113
101
111
110
122
116
103
109
106
101
106
104
116
107
112
110
116
116
101
105
116
101
121
109
120
120
115
120
106
118
104
116
101
101
108
106
103
103
101
101
101
101
101
102
104
104
119
119
126
116
116
106
109
101
114
115
121
108
101
118
103
103
101
101
111
102
101
101
101
108
115
108
102
101
106
107
101
114
101
101
101
101
101
109
113
109
116
119
119
111
101
110
106
