19
15
14
11
12
16
16
18
20
11
18
12
17
11
28
40
11
24
13
11
11
13
31
14
12
11
12
11
11
11
21
17
18
21
11
15
15
13
21
11
12
12
11
13
30
26
11
22
11
16
11
12
11
20
15
13
11
11
17
11
11
14
11
13
13
12
11
20
23
19
11
17
15
21
21
31
14
11
12
12
25
17
11
11
14
11
26
11
11
11
16
14
14
18
12
11
11
13
11
20
11
13
12
11
20
22
11
11
14
22
11
15
16
17
30
16
19
44
39
49
33
11
17
14
16
11
12
11
11
16
16
13
15
25
13
13
11
28
45
18
48
35
23
11
11
23
48
17
13
28
37
36
43
34
33
47
24
22
26
13
15
29
28
19
16
21
11
24
15
11
37
17
42
23
21
14
17
16
11
13
11
17
19
19
11
11
11
11
11
23
28
15
29
11
11
23
26
28
31
11
25
26
25
11
23
28
22
13
12
13
16
14
23
12
11
11
18
15
11
15
11
26
11
16
11
24
11
17
11
12
26
13
17
11
18
11
14
28
11
13
11
11
21
11
29
25
27
33
33
33
25
41
26
29
18
38
27
39
36
26
26
33
33
33
33
29
11
35
26
26
23
26
26
29
19
11
18
27
48
33
33
36
16
26
26
36
29
26
29
19
26
49
11
35
31
32
33
19
33
27
18
29
36
11
28
26
20
23
32
24
40
42
36
13
16
19
26
26
26
26
21
42
13
26
26
29
13
23
29
26
26
23
26
33
26
21
17
41
11
29
11
28
11
12
20
15
16
19
11
17
15
11
30
11
11
11
11
12
12
11
11
11
14
21
11
11
12
17
11
25
12
11
11
11
11
23
38
33
11
17
15
12
11
19
13
13
26
14
14
14
28
14
11
26
21
17
20
19
44
13
26
24
46
17
21
42
18
27
29
18
11
11
11
11
12
13
13
16
17
28
11
11
11
11
20
11
11
16
38
12
13
22
23
14
36
32
11
24
14
44
23
12
18
20
24
31
11
12
19
19
11
11
13
16
14
15
45
31
11
25
32
29
14
14
21
16
26
26
26
26
25
18
46
11
40
38
47
45
46
11
11
11
26
43
32
35
31
18
34
11
26
12
12
16
20
46
43
43
33
43
43
49
39
33
39
33
29
33
29
33
19
19
20
33
28
47
29
16
29
39
43
43
25
12
18
21
17
14
41
44
25
23
34
45
15
29
23
13
58
17
33
20
11
28
11
25
12
23
41
31
18
15
14
11
13
30
22
33
26
11
22
29
37
11
18
23
12
47
11
36
27
17
14
11
11
11
11
11
11
18
14
14
12
11
11
11
15
11
14
11
17
11
13
11
11
23
15
12
19
14
13
22
18
14
20
11
15
12
11
12
11
12
12
11
20
12
14
11
11
14
11
11
11
11
15
16
17
11
15
11
13
11
11
17
12
14
14
11
13
19
12
20
16
11
17
11
17
14
11
21
11
13
11
18
19
37
29
37
38
36
36
39
33
29
33
21
40
41
39
26
36
26
36
16
29
36
11
35
26
26
26
26
26
26
26
26
23
33
32
34
33
33
26
39
29
24
35
26
29
26
33
33
33
33
13
21
11
23
26
33
26
26
33
26
22
11
11
13
14
13
22
11
13
15
22
17
17
11
11
11
17
11
27
11
11
19
13
11
17
24
11
14
11
11
28
37
11
38
23
25
29
19
28
29
27
20
11
19
27
29
19
28
28
28
28
28
26
11
12
29
11
16
11
18
24
13
18
27
11
19
13
19
15
24
11
12
28
15
15
17
11
18
16
12
12
11
11
12
13
11
11
18
22
11
19
11
13
11
12
17
11
11
21
11
34
19
25
12
28
38
12
11
24
19
28
16
11
29
11
25
18
48
46
15
11
16
20
17
41
19
13
12
11
17
11
11
11
11
19
11
18
11
15
19
11
22
16
17
18
11
23
14
11
14
17
15
11
11
17
19
11
11
11
11
12
41
22
11
11
27
11
11
11
11
11
11
11
23
11
11
11
11
11
19
32
11
11
15
13
11
14
11
33
11
11
11
11
11
11
11
11
14
13
16
11
15
15
14
13
18
17
19
29
19
18
20
19
11
15
13
11
22
13
34
32
20
35
11
18
11
15
19
19
12
30
27
19
19
27
20
29
23
23
29
29
28
24
13
28
13
33
19
28
37
11
37
29
28
29
27
17
12
25
11
14
12
22
11
11
26
11
23
12
11
13
11
14
15
14
11
11
11
27
22
17
17
17
11
11
11
25
37
39
24
