12
36
42
43
36
50
11
35
33
13
35
14
11
26
35
37
36
30
11
26
11
38
11
27
31
19
17
32
21
22
35
36
29
21
30
34
28
25
31
11
23
15
33
36
36
19
19
17
16
22
19
29
33
40
19
12
31
11
35
30
36
33
11
26
17
57
46
26
30
25
13
29
47
36
42
40
36
28
30
24
36
35
31
21
17
17
33
22
61
23
13
13
29
19
16
17
52
13
29
48
24
23
26
14
33
11
27
43
33
11
45
13
46
13
20
11
42
11
48
40
16
11
32
34
11
11
14
11
25
14
16
11
27
52
13
11
13
12
12
11
18
11
13
16
16
19
17
26
30
29
32
22
12
32
12
11
22
12
11
42
11
17
17
45
48
36
15
13
11
24
12
11
15
45
47
11
11
45
11
19
11
12
33
11
35
13
14
14
23
19
11
22
36
46
11
16
34
33
20
44
32
12
40
30
49
11
33
31
34
11
28
34
32
11
26
39
30
24
24
11
38
11
24
14
14
30
46
42
43
11
41
19
37
54
17
11
31
12
44
16
34
49
22
19
11
30
14
13
11
31
21
15
11
40
18
11
35
11
32
11
15
18
27
12
22
14
12
40
11
25
20
11
24
14
29
37
35
11
30
14
11
23
17
44
18
14
35
21
31
12
21
50
13
34
33
16
11
30
27
20
11
25
37
45
24
26
19
28
48
11
22
20
11
51
26
14
20
41
25
15
23
48
15
28
42
11
11
11
11
11
11
11
13
12
11
15
43
43
22
21
11
13
13
12
16
15
12
11
13
11
11
11
11
11
13
11
11
11
14
11
11
11
11
11
11
13
11
11
11
14
12
13
12
11
11
11
15
11
28
19
26
27
53
59
19
26
29
23
16
36
20
50
35
11
25
12
24
13
13
33
26
33
33
18
11
14
32
12
11
11
13
12
16
12
11
23
14
11
11
12
18
11
11
17
11
30
26
21
11
24
15
16
23
11
11
11
13
15
31
20
11
19
20
16
28
40
11
30
15
11
15
35
11
42
26
11
33
30
31
36
11
27
11
20
16
12
14
19
11
13
40
43
12
29
35
13
36
11
13
19
12
11
13
21
11
39
23
59
23
25
37
26
26
29
20
25
29
29
32
43
21
31
17
30
21
11
11
29
24
30
16
11
11
18
36
29
18
29
11
35
38
20
22
14
44
11
14
11
11
11
11
11
11
11
11
11
34
25
19
15
25
11
11
17
23
11
13
11
30
28
22
30
52
13
26
43
26
11
35
18
14
18
34
15
19
32
49
11
36
11
13
32
14
34
11
22
47
55
34
16
11
37
11
31
11
11
11
40
14
24
51
11
26
20
13
22
14
28
26
36
30
33
