32
43
43
11
38
40
36
31
32
11
32
33
33
29
29
17
26
23
33
11
35
33
33
23
33
36
39
39
32
41
33
46
39
34
31
40
33
47
15
26
35
13
14
11
32
26
23
43
19
36
25
11
22
17
13
23
11
11
13
17
43
49
11
12
16
11
11
18
28
13
12
11
11
11
16
14
14
12
18
16
12
16
24
11
11
13
21
11
29
33
45
15
16
18
11
15
13
29
19
22
32
45
19
43
39
30
39
37
37
30
11
41
28
11
37
40
20
11
34
42
36
50
13
36
26
43
42
43
33
36
19
39
38
26
11
15
11
12
19
11
31
23
19
17
49
13
11
55
30
39
16
11
11
11
50
13
11
11
11
15
13
19
11
55
13
11
11
30
20
18
41
12
11
47
49
12
18
13
16
20
19
11
11
11
11
18
29
13
30
30
35
39
33
47
25
19
11
11
15
25
13
21
11
17
15
11
11
11
12
11
12
11
11
24
13
23
12
11
11
29
20
23
14
12
11
11
13
16
30
33
36
33
29
31
32
33
36
39
39
39
39
33
33
33
33
11
28
33
23
29
29
29
29
29
29
29
33
33
33
33
36
33
43
33
33
39
33
33
33
33
11
35
39
36
33
33
33
11
28
33
33
36
33
29
49
33
33
13
33
33
33
29
29
33
33
17
29
25
33
33
33
33
11
28
36
33
16
27
11
31
33
36
33
33
26
36
33
23
39
49
39
29
26
39
36
39
40
28
31
33
33
29
33
33
29
33
31
32
16
33
33
33
13
30
33
33
33
36
33
56
53
29
46
46
43
23
26
36
39
46
46
46
46
59
46
66
46
46
46
46
39
46
46
46
39
39
29
33
33
36
39
39
33
33
26
11
35
39
39
39
39
19
39
33
29
33
49
39
16
39
33
43
56
56
19
12
27
33
33
73
43
11
29
32
33
39
43
39
36
29
23
33
36
33
39
13
29
39
11
28
33
33
33
39
39
46
46
16
33
19
33
33
33
11
28
33
36
33
33
39
40
39
19
33
33
39
11
38
39
33
33
33
33
33
33
43
37
32
33
33
33
33
11
28
26
23
29
26
28
31
26
29
26
33
26
29
31
27
34
26
33
26
33
33
12
26
23
23
12
30
33
39
33
26
11
28
11
28
26
13
25
41
18
16
11
11
16
13
19
17
20
33
33
33
30
12
18
14
13
17
11
15
11
17
11
24
14
11
27
12
11
12
11
32
19
16
16
11
11
12
33
34
12
29
29
28
27
11
11
27
28
39
27
11
38
29
29
30
26
11
27
11
29
18
11
28
11
28
22
25
29
27
11
28
19
27
30
29
28
24
11
12
32
19
16
11
15
19
13
16
16
11
22
28
14
13
15
11
11
14
15
11
15
11
11
11
16
12
11
20
34
11
20
26
38
18
43
15
27
11
11
12
24
33
16
33
17
12
11
23
15
22
24
32
53
13
59
11
22
11
11
43
21
14
14
21
63
29
11
13
11
15
12
16
11
11
11
11
12
12
12
15
14
13
12
12
11
17
14
11
11
14
13
11
11
20
11
11
11
11
11
17
11
15
23
11
26
11
20
11
19
21
16
21
23
13
15
15
22
16
11
11
28
11
13
14
18
11
23
13
13
11
11
22
14
15
17
17
20
28
27
11
21
16
13
11
18
13
11
47
29
44
19
13
38
38
35
12
19
29
13
25
25
11
21
28
17
29
30
28
27
11
28
47
36
11
18
36
12
18
30
27
23
11
23
35
11
24
21
28
11
14
12
11
17
11
23
16
25
25
13
11
26
17
20
13
13
11
11
21
11
27
24
11
29
29
11
