102
103
116
104
122
113
130
115
113
110
134
104
130
117
112
124
112
113
106
103
109
102
104
122
116
102
107
101
101
101
131
101
103
107
108
119
108
106
112
107
107
129
125
118
101
101
107
103
109
120
131
101
124
121
123
103
117
106
104
101
116
112
101
120
101
109
113
105
108
112
101
101
143
128
103
109
136
103
116
117
103
103
113
101
105
153
123
105
118
123
101
110
101
122
101
106
107
103
101
102
101
113
141
109
101
101
101
101
101
122
102
101
110
102
101
101
107
102
101
101
104
119
109
101
108
101
108
