12
46
33
40
42
39
16
35
11
35
17
26
36
33
33
27
26
15
39
24
25
31
21
27
25
29
40
26
46
43
36
36
33
36
36
39
36
43
39
14
33
28
11
39
16
11
27
18
17
22
35
13
20
40
16
42
17
21
11
37
13
15
11
15
16
29
11
11
33
17
11
11
11
12
11
16
13
16
14
15
11
11
14
11
18
11
33
11
15
11
23
20
13
20
38
33
11
22
45
24
43
23
37
59
11
27
11
42
40
36
29
35
11
27
43
16
29
41
19
11
21
11
32
13
23
11
32
48
32
26
39
25
21
45
11
26
36
40
36
33
27
11
29
11
11
14
33
46
11
36
35
13
14
11
11
11
35
32
27
16
45
22
13
33
32
47
60
28
35
11
44
34
13
11
43
13
11
18
16
11
11
12
13
11
11
11
13
11
11
13
30
11
40
19
11
45
18
28
33
11
11
34
13
15
11
21
34
30
31
24
19
31
34
16
16
13
15
16
36
11
17
11
16
13
11
11
14
33
29
33
33
36
36
33
29
13
39
39
39
39
33
33
33
33
33
33
49
29
29
29
29
29
29
29
26
33
33
33
16
33
36
39
39
39
33
33
33
33
39
39
31
32
33
33
33
33
33
33
11
25
39
39
33
33
28
17
33
33
33
13
34
32
33
29
29
33
33
11
28
33
33
27
35
30
33
29
33
31
32
33
33
29
33
31
38
11
38
39
33
36
33
39
23
39
19
33
13
33
33
27
28
33
31
32
33
29
31
32
33
33
33
36
33
33
29
33
33
53
26
26
33
46
46
49
23
26
49
46
11
42
46
46
46
46
53
39
46
46
46
46
39
46
46
46
39
39
36
33
33
11
32
39
43
39
16
34
38
39
39
39
36
27
18
33
23
36
36
39
34
19
50
11
25
22
34
40
29
36
33
30
35
32
35
40
34
19
23
45
36
40
43
23
11
28
16
20
11
11
13
15
11
11
20
36
39
37
31
16
19
22
19
11
14
21
39
46
46
35
31
11
11
12
11
11
12
11
11
14
11
11
11
11
12
11
14
14
13
19
11
11
12
11
12
11
11
14
11
12
11
11
15
11
26
11
21
16
11
11
11
11
11
15
12
11
11
11
14
11
11
19
11
13
11
11
11
11
16
11
11
11
11
11
11
18
11
11
11
29
33
29
36
39
38
34
32
33
29
33
13
27
39
36
26
33
29
29
26
11
28
36
36
26
26
20
22
15
32
28
33
11
23
11
25
12
12
11
11
11
11
15
11
12
16
11
16
14
14
16
15
11
19
14
13
18
19
13
11
13
16
31
17
21
