39
39
19
16
33
13
39
29
22
24
39
36
39
39
11
39
11
38
42
42
32
30
11
46
43
12
25
33
33
13
39
26
39
23
11
35
26
33
36
11
32
32
44
37
25
39
31
32
43
36
21
14
16
33
29
31
11
27
32
11
30
33
36
11
28
36
33
29
43
40
36
26
24
32
16
39
19
24
22
16
24
36
11
23
44
34
34
47
23
13
44
16
34
19
19
43
17
23
41
19
25
22
21
11
28
12
11
15
16
21
11
13
11
16
19
30
41
15
17
16
12
13
33
15
46
37
15
11
17
38
40
25
11
16
33
11
26
22
43
33
12
31
34
28
36
16
29
12
14
29
24
35
23
42
33
36
11
20
28
39
29
26
22
30
21
28
11
33
28
38
28
34
13
60
25
23
50
40
17
28
14
23
11
21
11
11
13
11
12
11
27
11
17
11
14
11
16
11
20
13
11
11
13
11
22
11
16
22
12
11
12
13
12
11
11
12
20
11
14
11
23
21
19
11
42
19
33
11
11
30
26
21
46
26
11
25
39
24
15
33
28
11
33
22
15
40
18
13
13
41
11
25
19
17
44
15
19
22
38
28
43
29
17
29
35
20
13
42
19
34
23
39
27
11
25
41
28
38
24
23
46
12
28
35
12
44
23
26
16
34
28
38
24
23
42
24
35
16
34
35
19
11
24
24
38
38
29
43
33
38
24
23
37
34
30
11
11
11
28
47
39
16
39
16
39
46
36
33
36
16
36
39
28
21
22
27
39
34
19
34
11
19
27
17
21
11
12
24
11
11
31
31
36
32
22
18
41
47
34
49
27
26
36
46
46
29
23
26
43
39
46
46
46
44
35
46
53
39
46
46
46
46
39
46
46
42
24
73
38
35
19
13
21
12
19
16
15
12
13
18
15
17
23
22
12
16
16
13
14
18
17
18
11
42
11
41
14
33
33
23
29
29
39
63
33
33
63
29
33
33
33
71
45
29
29
29
29
29
45
69
72
59
42
39
39
36
36
33
26
27
48
26
23
26
26
20
26
26
26
11
32
46
43
39
39
39
33
30
17
15
16
35
11
24
38
26
17
30
26
11
14
32
15
11
27
42
29
29
17
17
21
15
15
18
13
11
15
11
12
13
13
13
12
33
18
30
16
17
13
13
11
23
15
11
24
22
11
18
11
23
11
11
11
11
11
26
43
16
11
17
14
16
32
67
11
11
15
11
24
21
17
27
18
11
28
11
18
21
14
11
23
11
27
12
13
31
32
19
11
33
18
24
11
19
22
33
11
28
22
19
29
11
19
22
11
19
13
17
12
11
11
16
25
