104
102
133
102
101
101
101
109
101
106
101
101
101
106
119
101
101
104
107
106
119
110
116
106
101
104
118
106
114
101
101
102
108
104
103
108
121
116
101
102
101
105
101
112
106
101
114
101
103
103
101
108
111
119
106
101
101
114
116
118
102
101
101
101
101
104
110
101
101
111
110
101
101
110
110
133
106
102
101
102
101
103
115
102
102
101
101
143
113
127
132
102
124
121
118
126
130
114
108
103
109
123
126
133
119
114
125
126
103
102
114
104
104
103
101
101
110
107
101
106
101
101
101
102
101
108
103
119
101
101
116
106
103
106
104
118
103
101
101
101
104
101
103
102
101
102
101
101
106
101
101
101
101
104
102
101
103
108
101
112
106
109
101
112
103
101
111
104
101
102
112
114
101
118
119
106
113
133
111
108
106
116
116
103
123
101
127
107
124
106
