111
112
121
106
130
111
101
103
101
101
120
103
117
118
113
101
120
119
113
101
103
108
101
102
119
112
109
124
128
129
125
123
101
105
107
130
109
106
134
137
110
126
101
101
101
101
118
101
106
103
133
119
106
133
116
119
106
102
120
117
114
104
104
123
105
102
115
101
104
101
102
108
117
103
129
101
108
111
104
101
123
135
101
115
106
101
108
107
101
117
116
133
119
116
116
101
118
114
102
113
103
101
120
136
119
123
103
103
116
101
112
129
101
125
129
126
103
113
119
101
113
119
113
123
113
109
119
106
123
106
101
112
101
101
120
107
101
106
101
101
118
119
119
101
120
106
113
112
104
116
106
103
115
110
109
103
101
101
101
110
102
104
110
105
116
113
120
139
106
106
139
119
109
101
108
119
113
106
119
118
101
110
