22
11
48
43
11
48
44
25
11
11
28
11
37
30
36
36
36
19
19
11
32
29
31
21
39
37
42
24
32
29
11
27
32
24
34
14
33
22
34
34
31
11
35
27
32
16
31
32
33
46
19
43
39
25
24
36
27
35
11
35
16
45
48
29
25
15
21
11
23
11
32
43
39
33
36
19
29
23
40
11
34
14
29
26
13
23
19
26
26
20
33
12
19
19
16
13
36
46
15
25
38
40
33
13
38
22
34
44
26
33
26
43
43
39
23
21
30
11
43
16
30
25
17
16
13
29
15
25
39
21
15
16
11
11
11
11
11
28
11
12
19
48
11
33
11
51
11
14
11
33
11
16
11
11
11
35
13
12
24
11
38
48
42
41
17
34
11
11
28
36
21
12
12
17
24
11
11
12
12
13
20
11
11
11
11
11
11
11
36
35
30
33
20
44
38
15
15
15
14
11
14
13
21
15
15
23
12
14
11
11
14
11
18
16
11
46
11
27
18
11
27
11
11
14
11
13
11
29
33
23
33
31
32
16
33
31
38
39
39
39
39
33
33
33
33
33
11
35
29
29
29
29
29
29
29
29
33
33
33
36
33
36
39
19
39
33
33
33
27
26
38
39
29
33
33
33
33
11
28
33
36
31
39
35
33
33
27
32
33
33
33
11
28
33
29
33
43
33
33
33
27
32
28
41
36
30
32
33
16
33
33
33
23
33
29
35
34
39
39
36
33
39
43
33
33
33
33
33
33
36
33
24
32
33
36
36
33
33
26
33
11
32
33
33
23
33
33
24
52
26
43
46
43
33
23
28
74
46
46
46
43
11
45
49
43
46
46
46
46
39
46
46
46
39
39
29
33
33
36
39
39
33
33
27
38
11
35
39
39
39
39
19
33
28
52
32
39
36
33
33
36
60
51
20
11
24
17
50
26
53
15
17
33
11
16
25
19
27
14
11
13
11
22
14
20
19
12
12
23
11
42
16
32
30
19
43
11
35
22
23
17
49
12
21
12
11
33
11
12
20
16
12
11
11
11
11
12
11
12
17
11
15
11
11
24
16
11
16
11
13
13
11
12
13
11
14
11
20
11
18
11
11
11
14
11
12
11
11
13
15
13
11
11
11
35
31
11
11
11
30
12
12
23
11
13
12
11
18
11
17
12
11
11
12
19
11
13
11
11
11
23
16
31
18
36
39
43
16
33
33
30
33
26
29
14
25
26
26
19
11
11
24
16
29
36
11
29
28
33
26
26
41
25
29
36
33
33
20
15
11
11
11
21
21
15
18
19
11
17
14
11
11
11
11
12
17
11
22
15
11
32
23
11
11
16
13
12
15
18
11
12
13
13
12
11
18
25
11
12
11
11
14
11
12
16
11
11
17
11
11
11
14
27
46
19
11
17
34
16
13
26
13
14
25
11
20
11
11
12
12
14
11
16
17
20
19
11
18
13
11
15
11
22
11
14
16
16
12
11
12
11
11
14
11
12
11
16
24
11
13
27
20
18
12
11
19
11
11
14
25
11
13
18
11
13
11
11
20
11
17
13
11
12
13
14
11
15
11
14
11
23
11
13
12
13
11
13
11
11
11
13
14
15
17
17
17
11
11
11
12
16
13
11
19
11
14
14
16
16
16
11
11
18
11
11
18
13
11
12
12
11
11
12
12
15
12
13
11
11
12
12
17
19
11
11
12
11
11
11
11
14
15
11
11
13
11
14
11
13
12
15
11
14
11
13
15
12
11
11
16
12
11
30
11
11
17
30
32
36
23
26
20
13
13
11
11
12
11
11
16
29
11
28
23
11
25
29
26
30
19
11
11
17
17
11
19
11
11
11
29
12
12
20
22
34
29
15
14
16
19
13
11
12
12
26
41
25
20
46
46
46
39
11
35
36
26
26
36
46
46
46
36
11
18
27
11
34
26
26
22
27
23
30
17
11
15
12
11
12
11
12
20
11
11
11
14
11
17
11
11
11
23
11
22
26
29
29
29
29
29
29
46
39
29
43
26
26
13
26
33
24
36
28
29
13
29
26
11
15
11
45
