16
26
16
19
11
27
15
11
42
18
47
23
16
36
43
11
39
38
31
39
36
47
32
40
13
33
11
27
11
29
36
16
33
11
35
36
33
16
20
35
34
27
43
17
35
11
30
43
16
14
24
41
31
17
18
47
20
11
16
37
42
41
39
23
19
34
14
29
31
41
42
17
13
36
28
11
29
29
11
33
26
35
35
11
67
40
25
35
31
21
36
46
41
14
36
19
11
43
12
40
26
36
30
33
37
29
21
21
24
19
27
36
44
11
34
33
26
11
38
11
29
11
24
40
12
14
13
32
23
19
33
19
11
24
14
14
32
29
36
30
24
11
31
36
38
11
24
12
18
12
40
37
30
13
11
13
23
11
21
33
31
11
32
11
22
40
37
30
23
31
14
30
11
30
19
27
11
39
18
11
23
14
28
46
20
11
32
47
26
26
11
35
11
24
41
19
23
26
11
38
19
11
20
37
16
15
23
11
35
31
16
37
23
11
33
27
11
45
38
12
35
11
24
35
43
39
28
30
44
39
11
29
16
53
32
16
11
40
20
21
14
11
57
42
11
33
35
27
15
20
11
33
39
22
16
13
15
46
20
11
33
38
11
14
16
27
12
12
17
23
13
56
16
36
35
12
41
27
11
32
11
11
16
18
19
13
26
11
29
11
11
37
19
11
42
11
15
48
53
18
18
37
29
11
11
11
11
11
11
12
45
13
12
26
11
29
50
22
39
29
43
32
19
24
36
30
24
45
22
37
34
45
25
30
20
11
34
27
66
26
56
25
34
29
19
25
40
23
29
23
25
41
26
25
40
33
11
55
17
45
19
29
33
56
19
33
26
33
39
13
25
27
29
30
19
43
44
43
42
21
12
31
27
36
19
13
29
39
41
28
38
17
31
28
38
11
16
16
11
43
11
41
33
42
14
34
11
24
11
33
35
30
11
26
12
11
37
18
11
38
11
11
11
11
11
11
11
11
11
11
13
21
16
22
22
22
23
19
39
15
13
11
19
11
28
27
29
39
11
26
13
15
11
26
11
12
41
31
27
50
26
30
33
11
26
11
32
11
45
18
26
23
26
29
29
36
17
15
16
21
26
33
11
27
25
39
11
24
11
48
11
25
28
26
15
11
11
11
11
13
27
14
24
22
12
16
16
15
29
19
29
28
11
11
11
21
26
12
29
38
11
42
46
23
15
11
11
11
15
11
13
19
11
39
26
11
15
11
20
11
43
23
33
43
43
36
23
26
29
26
13
19
19
29
16
36
29
26
23
66
20
18
27
11
32
22
26
11
15
24
11
37
19
11
21
11
32
30
11
37
16
19
13
11
19
12
23
29
21
20
11
17
11
11
13
11
29
30
20
17
19
