11
17
12
11
42
11
28
11
20
11
26
15
18
15
11
11
23
12
35
13
25
12
29
39
40
12
43
28
28
46
39
32
22
35
46
11
22
29
33
39
46
35
28
43
44
35
11
30
21
34
11
39
43
36
42
37
33
11
28
43
33
45
17
29
23
16
21
31
19
11
40
20
15
16
40
39
34
36
39
39
39
40
23
33
36
51
38
37
25
39
13
35
45
32
40
38
34
39
53
46
46
39
23
39
40
39
39
11
38
11
38
11
28
19
40
49
38
39
22
34
19
44
12
11
29
29
29
37
30
33
11
25
11
34
27
11
24
11
42
36
13
14
12
28
28
17
28
15
13
13
11
34
44
44
21
15
31
12
37
23
15
11
28
14
31
11
37
25
11
24
33
43
42
19
47
33
19
21
19
29
25
23
34
11
24
11
15
35
24
11
37
16
28
30
11
24
16
11
26
35
35
36
35
11
40
11
38
56
38
14
11
25
11
36
24
11
37
22
36
15
16
24
48
19
11
24
14
12
11
34
23
13
17
19
11
22
11
30
41
19
16
20
23
33
38
46
11
36
30
33
11
24
15
14
16
21
23
12
11
31
44
22
49
27
44
11
29
31
11
30
35
13
15
24
11
21
37
11
24
13
11
25
11
24
21
41
11
35
14
14
19
13
23
35
14
19
50
17
19
29
12
33
47
23
35
35
24
28
35
13
18
18
11
35
11
58
46
11
22
26
33
30
16
36
33
26
22
37
39
11
15
34
57
13
11
12
18
11
11
12
19
11
12
11
11
22
11
11
11
11
14
11
11
13
14
16
14
15
11
12
11
17
17
29
21
16
30
13
11
12
15
13
11
11
11
11
11
14
11
11
11
11
16
27
42
33
26
13
24
41
33
33
29
22
30
43
46
13
13
36
40
43
29
12
35
16
19
16
33
11
46
36
36
27
34
17
21
17
48
19
16
33
15
28
36
11
30
21
26
43
11
35
11
36
35
42
28
36
50
18
21
36
46
62
38
47
28
11
39
43
29
48
18
15
34
25
11
24
35
35
26
33
22
23
11
11
31
35
36
11
23
20
17
48
36
21
26
28
35
11
11
38
16
41
11
27
42
26
11
22
23
34
15
16
30
33
24
12
28
36
44
33
37
38
13
23
11
33
42
16
16
29
23
13
45
11
26
32
19
11
23
36
38
11
24
22
14
32
26
28
35
27
38
11
11
11
29
29
11
12
11
15
23
15
28
13
11
11
31
16
19
12
31
12
20
11
13
11
26
11
30
45
13
35
11
40
15
24
25
29
17
16
26
29
11
17
34
23
15
34
35
26
19
11
11
23
11
40
11
20
13
23
23
11
12
11
14
11
22
18
11
26
32
11
23
35
35
11
24
11
12
27
16
18
16
11
25
16
13
11
21
11
11
24
11
35
25
11
21
12
23
11
19
22
12
15
16
16
11
12
11
11
12
15
12
16
12
11
11
18
21
20
11
13
14
18
14
11
11
12
11
12
14
14
16
16
11
11
11
16
11
25
11
25
11
13
12
17
20
25
13
19
13
11
12
16
17
25
23
29
49
19
25
19
19
21
33
11
20
12
37
43
32
33
22
44
33
22
11
17
28
36
16
16
36
37
36
19
12
48
29
33
43
19
26
11
29
24
11
37
21
11
18
17
12
13
11
46
33
11
34
34
22
11
23
24
28
11
21
18
15
16
16
11
25
17
13
11
15
12
11
12
13
11
11
11
11
11
11
11
11
15
12
25
17
29
26
11
11
29
29
28
19
33
22
64
26
30
13
45
46
26
23
46
19
11
45
39
13
37
38
40
26
29
32
12
11
28
22
36
39
39
26
33
26
21
35
26
26
19
16
13
21
24
37
14
11
11
11
28
29
29
26
19
33
33
36
16
29
12
25
15
30
19
12
15
19
14
11
12
29
34
23
26
40
