11
30
39
36
33
36
47
11
16
16
11
26
11
11
12
11
14
12
12
11
11
11
11
18
15
12
11
11
11
18
11
11
11
11
19
11
14
12
28
17
11
37
11
11
12
11
11
13
27
11
12
11
16
21
11
19
12
17
21
11
11
23
19
11
13
15
19
11
11
11
11
16
13
12
33
12
18
15
12
11
12
16
12
12
15
15
11
14
12
13
11
13
12
17
11
12
11
12
11
12
19
23
13
11
11
18
15
11
11
13
12
20
11
16
20
17
41
16
11
11
11
12
11
11
11
11
12
11
17
12
15
13
11
13
39
33
36
33
33
43
30
11
37
51
18
22
11
11
11
11
11
15
11
20
13
18
14
16
11
12
16
14
12
14
19
16
12
14
22
16
13
12
13
11
11
11
11
24
11
11
23
12
22
13
11
12
13
13
11
16
13
14
13
12
11
14
11
13
11
12
15
11
12
17
28
11
11
14
12
17
25
16
14
13
11
32
22
11
11
18
11
11
13
11
29
20
16
23
17
17
13
11
11
11
12
11
16
12
17
12
13
13
22
13
11
13
13
16
11
11
23
11
12
16
11
12
28
12
16
18
34
11
14
11
11
18
17
11
35
11
12
11
15
27
11
11
11
11
13
11
11
11
11
17
11
14
12
15
13
11
17
15
12
11
45
42
40
60
27
19
11
32
12
11
11
11
11
18
13
21
13
14
15
11
13
14
11
17
13
11
14
18
13
13
11
11
17
23
15
14
16
18
11
11
11
11
11
21
15
14
11
17
19
22
35
20
26
16
16
15
20
45
11
45
37
12
13
19
24
14
19
18
20
58
11
34
22
24
27
52
37
11
30
39
39
21
41
26
26
26
26
23
19
28
17
26
29
28
21
29
26
26
23
26
19
26
23
19
17
23
13
12
14
12
19
11
16
11
15
11
11
12
11
16
11
14
13
13
16
11
11
22
69
11
12
11
12
13
16
11
19
11
12
12
26
11
12
13
16
11
12
19
13
14
11
19
17
11
15
32
20
13
11
14
15
21
11
29
18
13
19
27
21
28
12
19
14
11
23
20
14
22
11
13
11
11
20
11
26
12
11
39
15
11
18
11
11
11
11
11
14
13
11
12
18
11
11
14
16
29
19
11
27
11
27
11
18
12
11
36
46
19
16
20
11
40
11
43
11
25
16
13
22
37
41
33
64
28
14
11
23
42
42
27
21
45
23
76
46
46
46
11
42
46
46
46
46
46
39
11
28
19
24
15
17
13
14
15
12
11
20
14
25
53
11
14
11
19
17
16
15
16
12
11
12
14
12
16
17
15
11
17
12
15
24
14
11
14
11
11
15
11
11
19
15
11
13
14
18
11
13
33
20
29
30
48
60
53
44
37
17
11
11
17
11
22
30
11
58
26
26
29
29
29
29
33
52
64
50
68
14
47
13
16
19
11
18
13
12
11
11
11
11
16
13
17
12
12
23
17
12
11
13
18
18
11
16
16
15
11
14
26
11
36
39
16
39
39
39
39
22
32
25
29
36
16
11
20
22
13
20
21
13
20
40
19
30
33
11
38
33
