112
109
109
101
110
122
101
101
104
116
103
101
101
101
113
105
105
101
125
101
108
101
109
103
129
108
128
113
106
116
108
117
117
108
115
107
101
123
109
101
120
112
101
106
103
113
101
121
101
101
103
123
101
101
120
101
106
101
119
119
119
119
119
119
119
119
119
119
119
119
119
119
119
119
113
129
129
101
116
128
121
101
114
115
101
103
109
101
112
135
120
122
120
101
128
115
105
101
109
102
111
116
101
101
101
120
112
110
102
116
113
121
101
116
101
106
101
112
133
101
127
101
111
101
103
106
125
119
115
102
101
116
101
115
114
105
101
101
111
101
106
106
101
120
109
121
108
124
103
120
101
101
110
110
115
105
101
133
133
101
122
105
101
104
106
103
101
132
103
127
124
115
106
133
114
120
101
126
101
117
117
101
101
