113
123
105
119
124
117
101
109
108
106
103
111
101
105
101
106
101
109
117
101
101
125
102
126
109
113
101
101
127
105
106
117
120
116
104
107
110
101
105
109
103
106
107
101
126
106
103
106
126
101
110
101
103
126
101
101
101
109
119
119
119
119
119
119
119
119
119
119
119
119
119
119
119
101
102
108
101
110
123
127
121
106
106
117
110
141
109
116
109
126
105
115
106
117
107
104
133
126
123
113
109
101
119
107
115
101
128
101
120
116
120
117
101
107
101
101
115
110
101
116
101
106
101
101
101
103
123
103
114
101
106
115
107
120
101
116
101
102
116
101
105
101
103
101
120
109
101
105
101
110
101
101
101
113
125
114
113
109
103
116
103
101
101
102
101
102
112
101
102
136
123
101
101
101
120
106
113
113
119
126
112
114
111
101
