119
111
125
112
106
106
116
106
109
106
133
101
136
113
103
114
124
135
101
101
101
115
109
115
137
113
116
101
103
131
116
101
101
101
122
103
110
122
105
107
106
101
124
109
120
126
101
115
106
103
106
107
101
106
105
115
101
108
114
101
109
110
102
113
101
102
115
101
106
138
138
133
122
101
106
101
108
103
102
119
101
101
107
116
103
103
112
126
103
101
101
113
136
101
101
127
127
128
120
129
123
116
111
101
104
106
105
103
123
115
106
124
106
106
101
114
113
106
101
103
101
126
101
101
121
102
112
101
101
115
106
102
101
101
116
109
101
101
101
110
108
101
110
105
105
109
121
106
101
101
101
104
102
101
101
101
101
101
101
101
124
101
101
101
114
101
105
101
136
108
113
103
115
109
105
104
116
116
115
106
110
101
101
106
101
109
