103
103
110
123
123
122
138
104
110
101
121
113
109
113
106
106
101
108
113
101
101
105
103
106
104
112
109
101
101
103
107
110
102
101
129
104
103
114
116
125
106
101
108
101
108
101
110
123
112
106
103
101
122
108
101
120
106
101
130
110
107
107
101
112
113
111
111
126
128
101
106
106
109
130
101
101
114
113
107
116
112
116
123
106
108
131
136
101
101
123
119
102
118
109
116
113
119
123
113
121
122
122
101
101
101
105
111
101
101
113
109
103
101
101
111
101
101
103
103
103
113
101
118
120
101
104
104
113
106
106
101
101
101
101
116
109
101
101
119
112
116
123
112
122
101
106
101
102
106
109
101
115
103
104
101
108
101
101
105
109
101
104
101
101
111
104
109
101
109
105
101
101
101
101
101
101
101
101
102
109
119
119
101
103
103
107
101
