20
11
33
31
40
11
11
16
13
12
21
30
11
34
21
18
18
27
12
11
16
12
41
37
16
46
36
46
33
39
43
36
23
19
39
27
29
32
39
27
36
27
35
39
32
50
46
26
39
43
36
43
16
39
43
11
42
33
36
33
29
26
28
11
30
39
36
26
36
38
11
25
22
32
40
39
39
33
23
11
19
11
30
30
23
39
36
43
36
41
19
39
12
33
21
21
39
11
38
11
38
37
46
20
43
24
25
11
42
33
11
35
36
33
17
32
23
43
28
16
19
33
11
35
28
38
30
32
26
23
29
36
33
26
31
11
34
11
22
11
25
23
26
34
11
34
39
13
29
33
26
43
31
28
32
40
16
36
29
33
39
29
11
28
16
30
29
31
11
18
27
34
26
30
23
33
30
31
34
11
39
33
32
40
43
28
17
42
39
39
17
11
31
34
47
11
31
37
27
11
28
25
14
22
23
28
18
20
18
15
11
29
15
13
11
24
11
11
35
11
22
26
32
13
15
11
25
18
13
14
22
15
14
15
17
29
36
33
11
26
15
20
34
18
35
27
11
11
20
22
29
11
25
13
23
16
11
26
14
22
11
16
11
15
11
11
12
16
15
11
18
14
11
16
36
27
42
11
11
28
15
11
29
11
15
11
21
42
31
19
23
14
27
11
16
11
19
12
15
11
18
15
12
17
11
22
16
11
23
11
42
40
11
12
27
11
11
11
11
11
11
11
11
11
11
11
11
11
11
11
11
11
15
11
11
13
12
14
13
16
11
11
13
11
11
11
11
11
11
11
11
11
11
11
11
11
11
15
15
13
12
11
13
12
11
11
11
11
11
11
11
11
11
11
11
11
11
11
11
11
12
11
17
15
15
12
11
11
11
11
11
17
16
11
11
14
12
14
11
14
11
11
11
11
11
12
11
13
13
11
11
14
11
11
11
11
11
12
16
21
14
34
19
44
28
14
15
11
17
13
11
11
16
11
12
14
21
17
11
11
17
16
13
20
66
11
23
17
19
33
29
26
11
32
16
43
36
56
36
53
11
38
28
25
34
35
11
15
13
40
43
26
11
24
41
11
15
13
28
34
50
36
34
31
23
11
37
11
45
13
19
34
19
19
16
21
14
21
11
21
15
29
23
22
34
29
33
24
32
53
25
31
29
33
39
36
36
11
29
49
26
27
35
11
15
26
11
45
36
18
22
38
38
11
22
39
23
41
23
16
26
32
40
11
15
11
28
27
33
24
12
11
25
33
26
11
22
27
22
26
35
11
24
33
39
11
35
11
34
24
29
23
26
13
29
26
14
19
11
28
54
11
35
22
11
11
35
19
27
11
25
22
11
20
35
30
37
29
36
11
11
37
11
29
13
12
36
11
13
11
14
11
21
13
11
17
11
15
26
26
11
15
29
48
16
11
11
11
11
11
11
11
18
18
33
20
48
34
11
32
11
27
16
16
33
12
30
11
33
12
26
11
28
21
11
20
26
