104
103
116
106
101
101
120
102
101
101
105
102
106
113
101
103
126
116
101
114
126
101
115
104
118
123
108
102
102
104
101
129
106
106
115
118
116
101
108
101
112
101
101
117
116
116
123
116
109
104
112
101
115
101
101
104
116
106
103
118
101
101
101
101
109
125
116
125
112
101
104
101
114
122
102
101
122
112
133
117
117
105
101
101
127
114
133
103
111
136
139
102
126
104
109
113
117
101
101
108
112
106
101
112
109
103
101
103
108
106
101
102
119
123
106
116
101
103
102
108
101
101
105
105
116
101
113
101
106
103
106
113
101
123
117
101
101
110
109
104
101
103
101
104
105
101
105
105
101
105
106
101
112
101
101
101
101
105
106
104
104
106
103
112
101
112
101
101
109
101
120
126
133
139
101
113
101
106
101
101
108
113
106
121
112
101
