36
23
19
19
19
15
13
11
32
42
28
12
11
40
11
15
14
20
38
22
27
25
27
36
41
38
39
34
46
38
24
29
11
45
36
36
36
33
40
37
37
33
21
51
11
22
39
23
19
26
26
43
36
14
42
43
29
33
33
13
26
39
23
11
20
38
11
50
11
39
43
29
16
26
11
30
38
39
33
36
36
33
29
13
39
36
31
18
29
37
23
52
42
33
46
28
22
42
36
26
39
43
33
53
30
11
35
32
22
11
34
15
36
26
19
23
33
39
26
28
21
11
36
31
11
18
23
33
33
33
28
31
31
11
24
31
30
11
48
23
19
23
29
11
35
33
28
25
16
33
33
32
32
37
13
36
16
33
19
26
18
47
28
31
37
36
33
32
31
27
36
32
37
13
36
23
11
28
36
11
14
47
19
13
41
14
31
23
11
30
43
22
11
39
37
35
36
11
24
17
30
11
14
27
13
11
17
11
12
42
21
17
11
25
38
31
11
35
33
31
27
24
37
14
16
13
43
39
39
39
39
39
39
39
39
39
39
39
39
39
39
39
39
39
39
39
39
39
39
39
39
39
39
39
39
39
39
39
39
39
39
39
39
39
39
39
39
39
39
39
39
39
39
39
33
33
39
39
39
43
36
33
33
33
39
39
39
39
33
33
39
43
39
39
39
33
33
16
36
11
35
36
28
38
33
43
26
19
33
33
23
36
43
36
13
33
53
39
46
46
46
53
46
46
46
46
46
49
26
26
39
39
39
39
29
26
47
43
11
35
39
36
33
33
32
11
30
29
29
33
31
31
33
33
33
33
33
27
32
29
33
36
33
43
66
33
12
30
33
66
33
29
33
33
36
33
39
33
33
33
33
33
26
33
33
33
33
49
26
39
39
39
39
36
33
39
39
39
39
39
43
33
39
33
11
30
25
39
39
39
23
39
33
13
33
33
33
11
35
33
33
19
39
39
39
31
32
33
27
39
33
33
33
23
26
26
23
23
11
25
33
33
33
26
27
35
26
26
21
25
29
26
26
26
26
23
26
33
23
26
26
26
26
24
28
29
26
26
26
26
26
26
26
26
26
26
26
26
26
26
26
26
36
26
26
26
26
26
26
26
26
26
26
26
29
29
11
20
28
39
23
21
28
29
29
29
29
29
31
12
29
19
26
26
29
26
29
33
19
28
11
29
30
29
29
29
22
20
11
12
19
11
12
32
61
16
27
36
22
32
20
19
11
27
11
11
11
11
11
18
33
33
23
15
26
24
45
16
13
16
28
24
11
11
17
28
22
15
18
27
20
36
16
14
28
26
20
14
15
16
16
13
11
18
12
11
11
15
23
20
11
12
23
23
11
39
22
13
11
11
26
34
20
11
17
11
11
15
13
11
11
11
11
13
12
11
12
12
16
14
11
25
15
19
19
11
15
12
25
12
11
12
16
17
16
11
21
13
16
16
28
11
16
12
19
11
18
12
15
14
24
18
20
24
11
11
20
19
12
15
18
15
11
13
17
16
13
11
15
16
11
11
11
11
27
21
16
16
11
11
11
18
17
12
29
36
11
15
11
22
35
12
34
23
36
11
19
26
13
11
11
21
11
14
15
11
11
11
25
11
13
14
13
12
15
15
14
16
11
14
36
12
37
31
21
18
11
11
21
11
14
15
11
13
11
13
11
11
18
11
20
11
11
16
11
11
17
11
11
12
12
11
11
11
12
11
12
15
11
12
11
13
13
15
12
11
14
14
13
11
11
11
25
14
21
12
