125
104
124
103
119
122
104
101
101
124
105
112
101
107
124
108
103
114
116
110
101
111
107
118
126
125
101
129
106
106
106
123
103
124
108
103
101
131
102
123
101
106
119
135
101
105
111
103
103
104
101
103
119
106
101
101
118
126
103
101
102
126
103
101
103
106
126
101
102
109
126
106
101
101
114
114
109
109
101
102
126
103
103
123
109
116
126
123
136
106
136
133
139
109
103
113
101
120
101
113
108
103
112
125
101
101
119
102
103
103
103
101
101
101
101
101
101
102
115
112
103
104
102
119
113
104
108
119
103
119
101
101
108
101
116
101
118
101
113
101
110
101
101
101
106
102
101
105
101
104
101
101
101
101
102
105
112
101
106
102
105
102
106
101
125
105
101
101
110
112
134
133
103
109
129
103
103
107
101
101
113
119
116
101
121
102
109
