15
23
34
11
29
46
36
31
15
25
25
21
18
22
32
49
13
39
11
41
11
19
26
11
32
23
11
42
16
33
19
16
11
39
19
54
32
22
18
15
50
11
24
11
32
26
11
29
32
40
28
11
40
46
29
39
39
44
11
29
18
21
35
26
19
17
19
26
33
33
33
32
30
33
36
26
33
26
24
14
23
32
34
11
36
14
18
22
12
35
12
34
19
19
11
17
21
29
11
27
19
38
11
23
27
25
11
11
21
11
15
35
11
20
19
29
11
28
47
36
30
13
48
44
43
29
39
11
29
37
37
21
19
26
33
33
24
39
27
28
25
25
32
11
17
20
21
12
14
39
13
11
19
33
12
19
11
13
43
22
17
12
11
19
33
17
11
30
18
15
17
35
11
36
24
15
30
11
37
15
21
30
22
22
12
28
22
23
16
32
30
11
19
33
36
26
33
33
33
39
27
25
33
33
13
36
33
26
33
33
33
11
28
33
36
33
29
32
31
32
41
33
33
33
33
33
36
29
40
36
33
26
27
32
27
22
31
28
33
33
33
39
39
39
39
39
39
39
39
39
39
39
39
39
39
39
39
39
39
39
39
39
39
39
39
39
39
39
39
39
39
39
39
39
39
39
39
39
39
39
39
39
39
39
39
39
39
39
39
39
33
39
39
39
29
39
43
33
33
39
39
39
39
33
33
33
36
39
39
39
39
33
36
32
37
36
33
26
39
39
33
33
33
19
33
36
43
11
30
25
26
49
44
42
46
42
30
46
46
46
46
46
43
21
15
11
35
11
13
14
12
11
20
11
13
15
12
19
24
54
35
30
11
11
14
42
13
17
18
22
11
20
11
13
11
20
12
11
11
17
14
14
11
12
11
11
16
12
26
29
14
11
33
36
26
29
30
33
29
33
32
41
39
32
30
33
33
33
46
11
44
29
29
29
29
30
79
57
56
60
39
35
24
13
36
36
31
11
27
33
19
26
16
26
26
29
11
25
26
21
35
39
43
39
39
39
39
24
33
11
12
24
11
31
33
32
21
24
25
11
17
22
11
22
25
11
12
16
11
30
16
14
21
11
11
24
12
13
11
29
26
14
27
12
13
25
11
24
39
23
