117
124
119
121
101
133
101
111
103
128
112
101
118
101
101
101
103
119
101
107
103
101
101
107
102
104
120
125
103
105
106
103
109
117
108
102
104
101
101
101
102
101
106
127
103
108
114
138
101
101
123
117
101
115
131
101
102
133
103
124
106
108
101
109
111
101
105
101
107
117
101
110
101
102
114
104
110
117
111
103
114
110
101
105
114
117
112
101
110
126
118
120
102
126
109
116
109
101
104
128
107
102
101
104
153
109
101
159
101
110
119
116
113
119
123
106
110
113
101
133
113
101
101
111
101
102
109
116
103
103
106
109
106
106
106
109
106
106
113
113
119
119
103
101
101
114
101
101
109
101
106
105
101
101
101
107
101
105
106
101
104
117
125
110
102
101
108
102
117
103
103
101
102
101
101
114
103
102
102
102
105
109
106
119
101
101
