13
11
45
59
36
43
47
15
29
45
34
29
28
35
35
34
24
36
13
33
38
27
37
36
39
39
36
11
12
12
16
36
19
39
39
46
39
39
49
42
33
18
15
11
29
11
25
11
23
14
25
31
38
29
14
20
11
14
13
11
14
12
11
24
12
14
27
11
11
15
13
11
15
23
11
16
41
43
48
25
17
18
11
11
11
11
14
13
12
11
11
15
13
14
12
19
17
12
12
14
11
20
16
24
11
16
11
11
14
11
51
11
20
16
20
15
18
12
16
24
17
11
13
12
13
23
11
21
22
23
12
46
17
16
11
13
18
12
16
45
37
11
40
25
22
23
22
19
39
23
11
36
11
29
21
11
12
11
13
45
40
16
13
19
13
11
11
23
11
11
11
14
11
16
13
11
11
18
35
11
15
17
11
14
11
26
35
11
31
11
27
11
11
11
14
11
23
11
11
16
28
17
37
14
13
18
24
11
16
24
11
13
24
24
15
65
30
29
25
11
12
12
27
14
11
44
21
15
15
11
12
11
11
15
15
18
15
11
24
11
14
18
53
36
19
11
12
20
16
35
16
24
11
19
13
12
25
44
29
50
39
11
48
23
11
14
11
11
25
14
11
16
25
23
11
11
11
13
12
11
14
11
11
11
11
12
11
16
11
43
11
11
18
23
33
29
29
23
29
29
29
29
13
27
12
26
20
11
34
19
19
17
14
25
11
21
17
13
15
17
34
11
26
16
20
17
36
17
18
11
11
24
14
33
11
12
11
16
12
11
14
18
22
12
13
12
12
13
17
11
11
14
19
11
11
12
12
20
13
11
14
15
16
11
17
11
11
14
11
16
11
18
13
11
22
32
20
19
27
20
19
11
11
11
15
15
11
12
15
33
21
11
11
13
11
13
11
14
12
11
11
11
21
11
12
18
13
11
26
12
32
15
26
17
39
16
23
16
33
14
11
36
50
36
39
46
25
27
12
11
14
12
17
11
11
19
14
14
15
18
33
25
29
19
19
11
11
11
16
17
17
38
28
11
12
13
16
13
24
32
33
40
31
75
16
20
26
26
26
23
43
43
11
35
46
53
46
36
29
46
22
19
40
43
45
26
64
46
43
16
39
19
46
45
17
39
39
20
49
39
39
33
33
33
11
35
40
11
35
39
39
39
33
29
33
29
39
31
32
33
36
28
47
36
27
32
33
26
73
36
43
36
33
33
39
23
39
36
29
36
33
11
25
33
36
33
39
33
33
27
32
33
39
46
46
49
31
28
33
33
33
33
33
11
38
33
32
41
39
33
33
33
39
49
39
26
33
33
33
11
28
33
36
39
49
33
33
33
27
25
33
