106
101
107
101
105
107
101
101
108
101
103
104
101
101
101
101
115
106
126
109
110
101
106
104
101
101
103
116
106
102
103
111
103
101
101
116
106
106
101
101
101
109
101
101
101
134
106
111
101
106
101
101
101
106
116
103
147
105
107
109
112
114
101
112
101
102
101
101
120
101
101
101
101
113
103
110
101
107
106
101
101
117
107
104
101
141
102
113
108
101
115
139
139
136
111
107
101
102
103
105
101
121
116
106
103
119
129
116
123
126
140
116
113
101
108
109
129
113
111
102
105
104
122
101
127
102
103
113
104
101
111
108
101
122
101
101
106
101
101
101
110
109
123
101
101
112
108
101
101
109
103
117
105
106
116
115
101
107
103
102
105
101
111
120
102
124
126
118
111
120
119
113
123
103
103
116
123
116
125
133
110
113
101
114
101
101
