11
44
35
34
46
39
33
13
39
22
47
36
33
11
22
33
16
32
36
40
33
33
39
36
26
33
16
11
42
39
19
11
28
11
34
11
36
39
43
23
39
43
23
42
36
24
36
15
11
32
39
36
49
37
32
24
11
11
11
11
18
20
14
38
11
12
20
31
14
12
11
11
11
11
13
19
13
23
13
34
16
20
11
18
11
12
11
11
12
13
11
12
11
12
11
12
11
16
15
13
11
11
15
14
16
11
11
15
19
20
23
21
11
60
11
13
20
11
11
16
14
11
11
11
25
13
27
26
18
31
12
20
21
26
15
11
20
12
17
12
13
12
13
11
11
12
17
36
32
11
38
11
26
27
31
11
14
12
13
22
13
19
19
16
11
30
26
25
25
11
11
15
24
13
11
30
17
19
16
13
39
11
11
18
22
29
21
12
11
11
11
11
11
11
16
13
11
11
16
13
21
12
17
11
11
11
18
14
16
11
25
11
19
21
16
13
14
11
35
13
11
19
18
21
12
13
11
21
36
26
39
11
11
17
37
11
14
35
17
16
18
11
12
32
35
33
21
23
11
39
17
11
17
13
23
12
22
18
33
11
17
24
16
14
14
12
17
23
13
46
52
26
11
12
25
24
40
40
28
39
39
39
39
35
16
11
13
21
16
37
39
11
11
12
14
11
11
12
12
11
13
15
14
11
17
11
11
11
12
13
12
11
16
19
13
16
11
12
28
11
17
25
11
27
21
12
21
13
28
22
15
11
18
11
20
19
11
20
17
11
11
11
11
11
11
13
11
11
13
12
15
18
14
11
11
15
19
11
12
13
11
11
16
11
11
18
11
28
14
11
16
21
24
23
11
13
12
11
11
11
14
13
11
12
18
11
14
16
15
11
11
11
35
13
13
16
11
11
13
12
17
15
13
18
13
19
16
31
25
15
12
11
14
11
11
11
15
14
26
21
13
13
21
11
21
41
16
21
27
33
33
28
11
13
29
46
11
25
28
14
26
26
33
33
33
26
11
13
25
11
22
28
33
13
11
34
17
19
26
39
39
11
22
19
14
11
14
14
11
32
14
11
12
23
73
23
26
26
26
46
46
43
51
62
46
46
46
46
42
31
46
53
39
46
46
46
11
11
12
12
17
11
12
11
11
12
11
11
11
14
11
12
11
11
11
11
11
11
11
28
54
11
11
11
11
16
13
21
12
28
11
17
14
22
11
18
20
15
19
27
11
11
18
13
11
22
23
22
13
11
27
33
33
29
20
35
16
19
33
36
33
33
38
58
29
33
33
31
38
49
29
29
29
29
29
42
63
58
56
52
39
30
24
24
43
38
