16
19
20
27
21
18
17
11
11
44
35
21
29
17
20
11
18
44
18
41
19
39
39
34
23
29
39
39
36
33
39
39
29
33
39
36
33
34
35
39
46
29
33
11
33
35
36
11
22
32
11
33
39
43
39
39
29
33
31
30
14
46
36
18
11
22
11
27
49
36
36
39
37
39
39
33
29
11
23
26
11
31
44
39
36
19
28
38
34
36
38
50
27
39
11
41
43
12
37
36
27
32
37
15
19
37
29
36
11
23
15
31
37
18
15
43
38
28
32
39
39
11
35
29
11
12
16
33
23
11
31
35
28
47
33
27
25
29
33
43
29
33
15
31
33
11
18
39
29
23
11
28
36
25
14
16
31
28
11
36
35
39
11
25
33
32
33
28
31
30
36
39
32
11
34
36
39
29
11
27
11
14
26
19
23
31
39
23
19
16
16
27
14
34
13
22
11
37
19
13
16
12
35
21
20
16
21
13
39
17
11
28
35
19
11
25
17
18
11
25
13
11
23
15
15
11
26
31
15
39
37
11
29
35
11
48
17
26
35
46
36
27
25
33
36
37
39
30
21
51
13
15
22
25
16
15
48
13
23
15
22
11
30
39
21
33
11
13
37
33
35
11
11
16
11
21
19
34
15
23
11
17
12
15
20
20
20
14
21
23
47
12
11
24
17
11
45
39
42
11
23
30
11
11
16
23
19
29
40
43
22
39
73
34
11
24
60
29
26
26
43
26
42
40
34
59
16
24
52
37
45
26
31
41
33
19
29
19
26
53
39
46
33
26
19
39
33
28
20
28
24
33
36
36
29
24
62
11
20
22
15
11
31
35
14
31
11
24
11
14
36
45
16
23
38
32
17
12
38
20
32
22
17
52
21
42
13
29
26
30
26
13
28
11
17
23
11
34
13
14
15
40
13
38
11
11
11
13
42
11
15
11
18
26
25
23
50
41
27
75
23
29
29
36
33
39
49
29
29
29
29
29
39
46
78
56
65
39
26
39
43
43
26
29
13
19
26
26
11
25
26
24
15
26
26
26
38
31
43
39
39
39
34
13
15
17
15
21
12
15
11
11
28
35
11
11
16
17
13
20
15
15
11
17
11
20
11
12
11
11
11
11
11
11
11
11
11
12
14
11
12
11
11
11
11
11
12
11
11
11
12
11
11
11
14
12
11
11
11
11
11
11
14
15
17
13
17
20
11
11
18
11
11
11
23
11
19
11
13
11
16
21
11
26
18
15
11
11
14
14
13
16
13
15
11
11
11
13
14
11
25
18
43
17
31
11
11
12
11
19
11
11
11
11
11
11
11
11
11
11
11
11
11
15
15
12
11
17
16
11
16
15
11
13
11
17
11
18
18
24
11
22
12
15
15
11
11
12
13
11
11
13
11
13
12
11
17
11
12
12
11
11
11
11
13
11
14
11
12
14
12
13
11
11
11
11
16
11
11
15
11
23
12
11
11
11
11
17
11
12
16
11
15
14
11
11
19
14
12
11
11
16
12
22
11
15
17
15
17
11
11
17
19
11
12
11
11
12
18
11
13
15
11
11
11
11
14
14
11
11
12
12
13
15
12
20
13
11
16
12
11
17
11
11
11
11
11
12
11
11
11
11
14
13
11
14
14
11
12
11
11
12
11
12
11
15
14
13
11
16
11
13
11
11
11
11
11
11
11
11
11
11
11
11
11
11
11
11
11
11
11
11
11
11
11
11
11
12
11
11
12
11
16
11
12
11
11
15
11
12
11
13
17
13
14
11
14
15
13
17
11
11
19
11
15
16
12
11
15
11
11
15
18
14
22
18
11
19
16
11
22
13
16
11
14
11
15
14
19
14
15
11
24
29
15
20
30
16
36
13
36
13
23
24
28
16
19
11
21
11
15
19
11
22
16
33
21
16
16
12
12
11
26
11
15
11
12
16
23
11
15
11
22
12
14
11
11
65
15
11
11
11
23
27
30
11
17
11
12
11
19
15
14
11
14
14
11
11
11
11
15
17
11
11
12
14
15
11
27
15
11
14
23
18
11
11
11
12
11
13
14
11
14
11
11
19
11
11
16
11
11
12
11
11
12
11
12
11
11
13
18
22
11
15
24
30
17
19
15
24
12
13
11
11
11
11
13
11
11
18
14
12
25
26
13
13
11
12
15
12
11
12
17
11
15
17
11
11
11
11
12
19
11
11
11
15
11
13
13
15
13
12
11
12
14
11
11
11
