11
11
33
29
14
24
12
11
26
12
28
32
15
11
25
32
11
35
17
17
18
30
11
13
14
11
30
42
20
11
18
30
36
17
15
17
24
23
11
13
19
13
31
30
15
31
24
19
17
12
18
11
29
35
13
35
11
27
12
27
11
11
20
16
11
16
24
13
16
11
29
35
11
18
11
11
14
24
11
11
14
15
11
14
33
26
33
19
26
33
33
33
26
22
34
27
11
17
11
11
18
23
24
13
16
15
13
12
31
18
11
35
29
11
33
18
11
19
38
36
11
20
35
19
12
21
35
36
23
15
22
18
29
28
11
36
36
39
39
16
20
16
30
11
38
16
27
36
19
11
33
12
29
23
27
11
38
26
39
33
33
30
20
33
25
30
30
25
12
29
12
11
23
12
12
13
26
30
11
17
30
23
32
25
11
28
13
11
16
11
24
33
19
25
28
11
16
20
27
18
29
17
17
24
20
33
11
16
14
15
34
11
15
24
15
11
11
12
16
38
33
32
33
11
25
33
33
33
33
33
39
33
11
22
36
33
39
33
33
26
33
33
36
26
33
23
29
33
33
13
33
33
33
11
28
33
36
29
36
27
32
33
33
33
33
36
29
36
33
33
47
22
39
39
39
39
39
39
39
39
39
39
39
39
39
39
39
39
39
39
39
39
39
39
39
39
39
39
39
39
39
39
39
39
39
39
39
39
39
39
39
39
39
39
39
39
39
39
39
20
39
19
38
25
19
12
38
25
19
12
19
28
52
11
28
12
19
38
36
13
38
36
18
12
28
15
13
38
19
35
12
19
35
16
29
23
36
46
24
25
11
45
46
24
38
42
29
11
31
18
16
18
44
29
45
33
23
47
44
17
24
67
63
62
11
41
52
39
29
46
11
20
45
19
11
11
26
36
11
31
38
11
25
19
11
14
28
32
11
18
11
25
19
19
12
44
11
18
11
11
38
35
12
37
26
19
26
11
11
44
14
32
33
31
24
19
17
39
43
29
33
19
40
55
19
32
25
16
16
18
38
36
11
20
28
31
30
22
13
36
46
14
25
12
11
53
23
43
29
19
19
14
31
23
29
38
28
30
32
24
30
32
14
34
18
29
23
11
17
18
11
11
44
14
15
12
38
25
19
12
24
13
19
39
19
24
11
22
14
29
22
11
28
28
42
29
13
38
34
19
16
24
38
28
28
35
11
20
35
12
37
19
30
14
14
28
11
21
11
23
38
11
25
13
28
34
11
18
28
28
36
13
27
32
29
23
36
11
11
31
32
22
29
11
28
35
32
31
11
31
13
28
37
20
28
30
28
21
11
13
11
11
17
34
21
11
11
28
26
12
13
34
30
28
33
24
20
17
11
11
25
30
28
30
26
29
29
19
28
20
28
11
28
28
11
25
11
38
43
19
26
36
13
26
28
33
29
29
29
29
29
29
29
23
39
16
33
36
26
46
30
12
19
33
20
32
13
16
11
11
11
13
11
18
13
20
26
29
29
12
20
20
20
36
38
21
17
28
17
13
11
28
29
24
25
16
38
33
36
34
17
61
16
36
24
35
19
20
19
14
22
13
19
34
15
33
11
31
44
28
31
31
16
23
16
29
25
18
18
18
18
14
13
11
20
19
23
11
21
14
18
11
11
13
20
14
15
14
16
13
12
11
14
14
13
18
11
14
11
19
11
15
26
13
16
11
38
42
12
14
46
39
49
42
30
49
35
24
36
39
59
11
32
33
26
16
39
39
39
26
26
26
26
29
26
26
29
20
36
27
28
29
29
29
29
26
28
11
26
33
16
30
18
15
29
37
29
18
28
32
11
20
11
18
16
18
17
11
17
11
11
13
11
11
