115
116
123
130
134
121
116
113
109
101
112
103
106
123
101
111
109
119
119
101
101
104
105
109
101
109
101
103
106
102
101
125
103
126
106
110
112
112
101
107
122
102
101
112
102
120
105
101
105
111
130
106
120
110
106
110
111
101
110
112
130
126
105
106
121
101
115
102
106
101
108
120
103
109
101
123
123
113
101
112
101
102
115
105
116
123
133
139
126
139
139
133
140
107
101
101
101
123
104
101
101
126
103
109
119
115
132
122
106
103
103
101
126
119
106
116
101
113
101
104
103
112
101
113
101
103
116
112
114
110
101
101
107
101
101
