132
101
121
103
109
103
123
116
106
113
119
126
112
109
101
102
102
104
115
106
126
103
104
105
123
103
131
107
115
101
104
113
101
118
103
109
111
127
123
105
101
101
125
122
104
112
111
101
101
113
103
101
120
106
101
112
119
119
116
116
106
106
103
101
101
106
101
101
101
125
101
125
126
101
101
116
109
116
107
125
126
101
102
101
102
126
101
101
136
146
133
133
139
116
109
123
129
116
103
109
105
101
101
126
114
124
107
106
103
108
103
107
114
110
103
101
107
101
101
103
107
101
115
101
103
102
120
113
101
101
101
101
102
104
