122
116
106
106
101
111
106
123
117
102
106
136
101
108
116
109
101
108
113
126
101
101
123
109
123
106
116
101
112
109
103
116
110
125
121
101
146
102
102
138
132
111
108
101
108
110
105
104
119
101
101
106
101
113
101
101
103
107
104
105
127
103
101
110
101
104
101
101
101
102
103
106
101
115
120
119
104
105
101
120
104
101
101
104
101
104
123
109
113
132
127
103
133
126
124
101
113
133
129
106
116
117
109
103
102
103
107
109
106
106
101
101
120
101
104
112
101
101
101
103
103
123
101
102
118
101
117
133
104
101
101
108
101
101
116
113
105
122
101
101
101
104
106
103
105
101
101
102
103
101
103
101
101
103
103
115
101
119
116
103
103
103
101
105
102
110
105
101
125
113
109
116
101
125
113
104
101
108
102
101
102
101
101
102
103
103
