17
11
11
27
30
19
16
11
25
11
39
21
15
11
37
41
17
18
16
37
16
15
37
11
45
32
11
32
17
32
11
39
30
35
34
30
19
18
38
29
17
11
35
19
23
14
28
48
38
46
13
24
12
33
39
11
56
39
39
33
33
33
26
33
26
36
19
26
33
33
33
33
39
39
29
23
56
29
33
27
25
33
33
26
34
22
29
39
11
11
43
19
23
26
24
28
43
33
13
22
11
31
48
25
12
29
31
33
11
36
13
24
13
11
13
11
11
15
11
12
11
17
11
16
14
12
16
21
11
13
16
17
17
14
29
19
21
12
28
11
14
11
29
22
33
35
24
16
11
14
24
14
29
28
28
43
29
23
19
37
48
29
28
35
23
38
24
19
22
19
35
13
38
35
32
30
11
22
30
29
11
15
30
18
11
31
35
13
33
19
19
11
11
37
36
11
35
14
35
12
30
43
12
34
16
43
16
11
35
19
13
29
34
19
19
12
37
31
16
13
21
36
28
19
25
12
38
28
38
28
26
12
19
14
11
28
12
17
11
19
12
33
23
38
14
23
36
11
28
26
12
34
22
11
36
35
16
29
29
13
48
28
26
11
24
38
11
33
24
31
11
11
43
23
46
26
23
36
19
11
29
38
19
34
22
19
38
29
37
24
29
22
39
28
28
23
34
30
36
28
39
34
11
41
48
35
17
33
28
26
16
24
38
38
35
19
12
29
19
35
12
34
13
28
25
29
29
16
33
39
39
23
39
23
33
33
39
39
39
39
33
33
33
38
31
39
39
39
33
28
45
38
31
32
33
33
39
39
13
23
33
30
39
29
40
27
19
33
26
39
46
46
46
46
46
46
46
46
46
43
39
26
39
33
39
39
39
39
11
32
43
39
39
39
23
33
33
33
33
36
36
33
36
33
33
27
25
33
33
27
32
29
31
32
32
30
33
26
43
39
33
33
33
33
31
32
33
36
33
33
26
33
28
31
33
33
33
33
33
33
37
38
39
39
39
39
39
11
32
39
39
39
39
39
43
33
39
33
39
39
39
39
37
39
33
29
16
33
33
33
39
33
30
29
39
39
39
29
33
31
28
39
33
33
29
37
11
18
11
30
24
15
11
39
15
12
30
11
13
11
11
11
12
18
12
16
11
19
11
18
16
14
13
12
11
13
12
11
16
11
14
11
11
12
18
15
11
13
21
14
13
15
11
11
20
11
14
11
11
11
11
11
11
11
11
11
11
11
22
11
11
14
11
11
11
12
11
11
12
11
13
11
11
12
14
11
13
12
21
13
14
11
18
11
11
11
12
11
11
11
11
13
11
11
13
13
11
11
13
11
11
11
14
11
14
13
11
13
12
13
18
16
11
11
11
13
11
12
11
11
12
11
14
11
13
11
11
13
13
11
11
11
11
15
11
12
11
12
13
11
15
12
13
12
12
11
11
12
16
11
11
12
14
14
11
11
20
19
17
16
11
11
14
11
11
12
17
11
11
20
20
13
18
13
15
26
13
29
15
17
16
23
16
16
11
11
25
26
22
17
34
19
27
29
23
11
28
39
26
11
32
33
33
33
36
24
35
23
11
11
11
11
11
11
11
11
11
11
11
11
13
11
11
11
11
11
11
11
11
11
11
11
11
11
13
11
11
11
11
11
11
11
11
11
11
11
11
11
13
11
11
11
11
11
11
11
11
11
11
11
11
11
13
11
11
11
11
11
11
11
11
11
13
11
11
11
11
11
11
11
11
11
11
11
11
11
11
11
11
11
11
11
11
12
11
11
11
11
11
11
13
11
11
11
11
11
11
11
11
11
11
11
11
11
11
11
11
11
11
11
13
11
11
11
11
11
11
11
11
11
11
11
11
11
11
15
11
11
17
16
11
15
11
18
11
15
11
45
11
11
12
20
20
18
11
29
16
11
38
11
11
25
14
15
12
19
13
11
11
11
11
11
22
11
12
13
11
17
11
12
11
17
23
19
33
11
15
11
18
11
15
11
18
11
15
11
18
11
15
11
11
11
16
11
15
11
15
45
11
11
17
16
23
13
11
11
11
14
11
11
14
11
11
11
11
11
15
14
13
12
26
15
11
11
11
13
15
14
13
16
17
11
11
12
14
14
20
11
12
11
11
20
13
24
11
12
14
11
11
13
12
12
11
17
13
12
15
17
