11
17
47
33
41
35
34
24
26
15
19
34
13
33
34
25
36
11
22
21
41
23
36
26
30
11
34
36
16
16
23
29
11
39
26
26
47
32
11
38
19
11
22
11
25
33
23
20
29
20
32
33
15
39
28
35
43
40
31
31
26
23
39
24
35
12
11
26
33
16
33
11
32
33
43
36
39
36
26
30
11
24
11
31
38
26
11
26
11
23
11
30
33
23
23
16
11
29
23
45
45
39
33
46
11
36
18
23
47
26
13
37
30
22
34
44
22
20
39
43
36
11
38
20
37
39
31
17
13
21
15
11
44
11
29
11
18
13
11
31
11
26
19
15
14
68
14
15
34
33
17
44
21
22
27
38
54
12
27
11
11
11
47
13
11
40
15
52
13
11
45
11
15
45
21
14
30
12
11
11
19
40
16
16
16
16
30
33
11
18
30
37
31
21
23
14
11
17
11
12
11
30
18
21
12
11
24
14
33
16
11
19
23
14
11
21
11
31
33
29
33
33
36
36
33
24
38
39
39
39
39
33
33
33
33
27
38
26
29
29
29
29
29
29
29
26
19
21
14
23
13
17
21
14
11
20
15
29
15
12
12
39
11
19
14
22
16
12
18
13
35
20
15
29
16
16
47
15
11
15
12
23
14
15
20
22
11
13
14
19
11
31
13
12
22
23
12
11
11
31
25
15
15
11
18
16
17
14
11
21
18
13
28
24
17
11
13
11
18
18
11
21
12
11
11
15
15
12
23
13
33
23
21
17
13
12
11
12
20
16
21
11
16
33
16
11
29
33
32
37
39
29
19
39
23
29
29
23
33
43
19
12
12
17
18
24
37
26
26
51
11
31
15
15
22
14
23
32
14
16
11
25
11
24
11
25
61
26
33
32
41
13
29
14
18
26
26
26
26
46
53
29
52
27
46
43
17
11
41
46
13
11
47
14
13
19
17
11
35
52
46
33
53
39
39
39
11
28
16
33
33
36
39
39
33
33
33
39
39
39
39
36
37
32
33
36
36
39
36
33
33
36
30
39
43
29
23
33
33
53
39
43
43
11
32
33
39
43
39
16
24
28
33
36
33
33
37
39
39
33
33
33
33
39
40
46
43
39
33
33
33
27
32
33
33
16
33
33
46
39
36
16
33
33
35
34
39
39
33
33
27
25
33
33
23
39
16
39
33
33
33
27
32
26
26
26
26
33
26
26
36
33
26
23
39
23
36
26
26
19
33
33
20
26
26
26
26
26
26
29
33
33
33
39
33
26
34
35
17
35
29
19
26
33
33
33
23
13
31
26
26
13
19
26
26
33
26
27
12
11
14
15
12
11
11
19
13
11
12
22
14
11
23
30
13
11
11
17
12
11
14
18
11
23
11
11
40
11
25
31
28
29
29
29
29
29
29
29
29
29
43
26
26
13
26
33
23
36
13
23
13
26
29
23
14
18
27
28
46
29
19
15
19
11
11
16
18
13
12
17
11
13
23
16
33
23
29
26
26
23
19
16
20
11
12
16
26
13
23
13
22
17
29
23
13
13
13
19
23
26
16
23
13
16
14
16
19
11
12
11
11
11
11
11
11
11
11
11
11
11
12
11
11
11
11
11
11
11
14
11
12
11
14
14
11
15
23
20
23
11
22
22
20
13
13
16
16
13
11
11
11
11
13
12
11
11
12
12
11
18
26
27
15
13
26
12
20
16
13
13
20
39
16
20
11
32
19
19
29
26
26
33
33
46
46
46
39
39
26
26
33
46
46
46
46
26
13
26
26
26
26
29
26
26
23
26
29
19
26
26
27
28
29
36
26
26
23
29
29
29
29
29
46
46
73
26
33
33
25
27
26
11
25
29
24
28
18
18
19
11
15
26
