18
43
39
36
47
36
36
23
16
23
12
11
26
33
31
35
31
32
39
36
29
37
33
31
38
33
39
43
39
39
27
32
46
39
33
16
43
37
22
31
16
11
44
43
33
45
19
14
11
32
16
11
26
13
11
31
26
11
18
11
11
13
11
15
22
14
37
14
26
11
15
23
11
24
13
11
13
15
11
12
14
18
41
12
13
17
12
11
17
13
18
11
13
11
11
11
11
16
32
13
19
11
20
11
12
28
17
27
11
23
13
16
20
15
17
13
29
16
20
20
12
17
36
15
18
38
12
19
11
11
34
29
11
12
11
19
12
14
11
11
11
13
13
32
22
18
11
35
35
21
31
11
30
38
24
19
17
38
11
33
11
15
11
13
18
18
30
12
16
11
19
11
15
11
15
18
14
11
13
12
11
13
16
19
13
11
33
11
11
13
12
11
16
22
12
24
15
13
17
11
11
11
22
21
13
11
21
11
15
11
28
11
14
16
29
12
17
13
11
11
14
23
14
22
19
11
34
23
11
20
13
18
26
33
11
48
30
11
11
11
17
11
33
11
26
19
22
31
50
14
25
40
34
25
15
18
16
28
39
11
30
11
16
31
22
55
11
14
48
42
42
12
17
11
22
11
32
13
13
12
18
12
11
11
25
15
11
11
22
21
54
28
16
23
26
26
29
36
29
26
29
26
18
14
11
32
11
15
13
22
12
24
28
35
24
19
36
11
16
11
11
11
32
26
11
12
39
47
23
11
13
12
11
24
20
19
12
20
46
47
11
35
13
16
24
11
38
39
41
12
11
11
12
11
11
21
13
11
13
11
11
11
12
30
11
49
13
24
18
14
18
33
15
25
19
20
27
16
13
18
11
11
13
24
19
20
11
21
13
16
28
17
13
24
28
16
24
23
25
23
38
30
46
29
23
29
23
28
41
25
36
31
36
12
48
19
33
23
23
63
12
31
22
49
26
26
18
42
52
19
29
56
23
53
24
22
29
33
29
23
26
65
30
36
59
26
33
12
17
22
24
29
13
11
15
22
17
12
17
15
11
30
11
11
31
45
14
24
11
30
26
42
11
16
16
11
27
40
26
19
16
18
11
34
19
26
11
28
11
20
49
11
16
37
24
22
32
16
16
11
14
12
16
11
11
17
14
16
11
17
23
29
27
52
18
41
46
26
53
25
14
42
39
24
60
11
26
15
11
23
37
22
39
29
14
37
20
11
25
34
11
17
11
21
19
11
58
23
11
24
26
26
17
11
18
23
19
31
21
11
25
53
53
18
35
11
26
34
42
19
25
42
38
29
28
19
17
20
33
52
16
