14
15
32
23
26
19
13
30
46
24
23
34
26
33
13
11
12
13
11
11
13
11
11
14
11
13
11
16
15
32
14
16
11
33
16
23
35
25
24
11
20
37
11
32
24
16
11
20
28
25
23
38
24
11
19
21
26
17
19
11
20
19
12
12
22
12
45
21
11
11
41
11
11
11
35
41
33
24
35
19
11
14
11
11
13
13
11
13
12
17
33
33
33
26
21
18
18
11
29
25
24
23
21
31
29
26
18
13
20
19
35
14
29
11
20
39
28
19
35
18
13
35
11
18
32
11
12
42
11
32
19
16
13
14
13
35
39
39
11
25
18
23
35
23
16
24
27
13
29
39
47
36
13
35
22
11
34
11
26
33
33
27
23
33
36
19
16
36
19
11
11
35
17
19
31
23
15
20
15
26
33
11
23
23
21
11
14
11
23
40
22
15
34
17
18
22
11
17
14
33
11
34
15
14
16
28
16
23
11
26
24
23
11
12
20
22
11
12
33
11
11
28
33
36
33
33
27
26
25
33
11
28
28
26
28
33
33
33
33
33
33
33
33
11
25
33
43
23
33
33
33
33
33
33
11
28
29
33
26
25
27
33
33
33
33
33
36
39
33
33
27
38
43
39
39
39
39
39
39
39
39
39
39
39
39
39
39
39
39
39
39
39
39
39
39
39
39
39
39
39
39
39
39
39
39
39
39
39
39
39
39
39
39
39
39
39
39
39
39
39
33
33
46
39
36
13
39
37
33
14
44
13
36
11
13
25
16
19
16
34
35
12
34
29
12
38
28
33
24
35
12
34
19
19
12
11
16
11
32
44
14
23
30
22
23
16
19
19
13
13
13
26
11
22
33
29
29
40
26
19
11
35
22
28
67
48
43
32
57
57
23
39
13
37
11
19
40
19
44
14
41
22
17
18
31
11
18
11
11
38
28
39
11
37
38
28
36
11
29
29
36
11
11
24
13
38
20
29
26
35
11
45
11
18
19
18
31
21
29
26
30
29
36
46
12
34
44
25
12
37
26
12
24
23
28
36
11
19
29
26
11
44
19
12
34
11
31
30
37
34
19
19
11
30
35
12
38
29
32
13
39
38
29
11
48
11
24
11
35
22
17
11
24
16
16
11
41
13
23
21
31
11
25
18
11
25
45
29
33
24
26
12
37
39
44
30
11
18
36
12
30
29
26
39
13
28
54
25
48
47
14
30
13
11
33
12
11
32
12
28
18
26
32
33
14
12
36
11
12
19
32
13
11
34
21
16
22
23
14
44
32
11
12
30
30
17
11
37
11
29
11
23
11
34
23
23
16
11
19
13
29
11
15
28
34
29
21
11
29
29
11
34
27
32
11
34
26
39
11
21
15
17
11
11
24
23
11
19
11
11
11
26
20
31
15
15
11
11
15
11
27
11
20
11
11
13
18
11
29
11
13
22
13
11
11
11
15
19
15
15
11
13
24
11
31
27
11
23
11
31
12
19
25
20
25
19
25
36
18
21
11
20
14
11
12
16
19
13
36
29
29
43
28
32
28
30
13
32
16
36
28
38
30
28
29
40
26
12
33
36
40
16
11
18
16
16
36
49
34
21
26
29
11
34
21
11
13
45
41
19
30
11
18
53
13
19
27
11
28
28
29
21
43
30
16
26
32
12
11
16
16
13
11
15
11
12
16
16
11
11
11
18
15
23
11
11
31
14
34
11
18
21
11
11
24
19
12
40
23
21
28
20
38
60
42
37
49
40
49
39
34
35
39
39
26
11
25
11
22
19
11
35
36
39
39
11
25
11
11
11
29
14
11
12
30
18
11
25
42
23
19
37
11
16
41
29
13
11
18
11
11
14
11
22
11
26
15
30
19
26
19
11
40
28
19
27
19
16
15
25
13
16
13
13
11
11
