116
125
101
101
101
101
116
103
139
126
101
101
131
118
101
101
101
104
102
101
107
101
115
109
131
112
101
101
101
117
113
107
120
101
137
108
115
101
107
121
105
109
120
117
104
108
104
101
113
114
133
101
101
127
112
119
126
133
106
101
113
103
126
101
126
130
101
123
101
101
124
103
103
118
117
106
101
101
126
119
103
119
116
139
103
133
126
139
139
126
126
103
116
101
105
114
101
114
101
101
126
101
122
109
101
105
109
101
132
143
126
116
101
125
101
123
106
103
109
101
106
119
101
120
113
106
123
106
101
101
108
101
121
113
102
103
101
101
109
112
119
116
109
116
101
101
120
101
101
101
123
113
103
107
101
106
113
103
123
101
101
101
117
101
113
106
133
109
123
119
113
109
106
101
115
116
119
101
101
101
103
