13
46
35
11
33
36
39
39
47
20
19
17
29
36
16
36
26
43
39
36
29
11
38
23
29
11
23
30
16
36
26
13
11
24
11
45
29
40
39
33
34
11
41
11
26
42
16
16
33
33
27
11
41
36
30
29
33
29
33
26
43
16
36
33
33
11
32
16
20
35
43
39
33
36
33
36
43
33
42
14
11
16
17
39
15
11
11
17
11
17
26
16
26
36
46
18
12
12
16
20
26
22
11
12
39
20
18
11
11
25
19
11
16
11
11
17
12
17
23
18
11
12
13
19
11
27
34
34
11
26
41
45
24
42
15
20
34
11
20
11
11
29
19
14
11
13
19
11
20
12
11
11
14
16
35
60
13
12
29
11
33
12
14
11
11
11
20
14
13
14
11
16
11
18
15
14
13
16
30
59
11
22
29
12
11
17
11
13
11
28
13
50
13
33
27
26
11
21
26
29
29
26
57
43
29
26
26
33
33
33
33
11
31
11
23
26
25
24
26
26
29
14
35
36
34
33
33
36
16
26
26
16
29
26
26
11
38
26
23
44
13
13
11
25
11
15
13
20
18
13
22
19
11
46
29
22
11
19
33
35
21
14
11
11
11
11
11
11
14
11
11
11
13
11
11
11
11
11
21
19
11
11
11
12
17
11
17
15
12
11
14
11
12
17
12
15
11
11
11
12
14
12
13
11
14
16
17
11
11
11
12
12
12
11
16
11
13
16
15
19
25
11
20
11
12
15
13
12
14
13
11
19
23
14
13
32
46
30
15
21
27
17
24
11
13
15
18
12
37
11
25
14
19
17
11
11
14
11
13
11
20
29
12
11
18
11
16
26
15
27
11
12
26
11
14
21
11
32
18
11
11
20
15
13
17
13
34
17
26
13
17
16
14
25
28
16
21
17
19
12
22
30
12
35
15
15
33
34
39
34
29
42
17
11
24
33
28
33
35
15
19
11
27
30
66
56
46
37
23
17
13
27
21
17
20
27
27
25
12
11
11
12
11
11
11
11
11
11
11
11
11
11
11
11
11
11
11
11
11
11
11
11
11
11
11
11
11
11
12
11
11
11
11
11
13
11
11
11
11
11
14
11
11
11
11
12
11
11
11
11
11
11
13
18
11
11
11
19
13
18
15
12
14
18
23
14
51
46
18
18
23
20
14
13
11
11
18
11
12
16
12
13
15
11
11
11
13
19
11
13
11
19
33
11
40
11
25
18
33
22
43
30
39
33
49
33
90
62
33
33
54
35
26
29
29
29
29
26
50
55
57
56
54
47
34
35
11
29
39
36
11
29
25
19
12
28
39
38
24
14
28
34
23
38
39
48
36
11
20
28
40
53
39
43
33
11
34
11
32
28
43
28
33
38
31
39
39
29
16
26
43
16
19
23
43
23
38
29
40
18
11
11
11
11
13
18
16
18
15
11
11
18
11
11
18
38
15
25
23
12
17
11
11
11
11
11
14
26
18
32
11
23
11
14
24
16
17
16
11
13
11
11
11
15
15
11
29
18
11
18
17
16
20
13
26
29
19
11
25
13
23
26
11
