11
22
16
53
35
29
38
18
19
27
50
39
35
29
38
40
13
29
43
16
36
16
26
13
16
36
37
30
45
39
17
29
33
12
19
11
29
36
33
33
13
33
54
34
31
19
19
11
25
44
49
30
19
35
11
19
24
32
24
30
27
28
32
36
15
11
19
29
11
25
36
33
43
22
39
44
19
16
19
14
24
11
32
40
33
11
25
29
42
14
39
11
29
11
47
36
36
47
41
28
11
39
13
25
13
27
45
18
15
11
38
13
36
41
11
43
20
11
39
34
16
13
39
16
11
35
26
44
25
16
11
35
28
17
35
32
19
19
35
35
11
26
19
30
14
19
34
21
36
11
38
18
15
16
22
11
22
13
13
16
39
11
18
11
34
11
38
12
12
20
18
11
20
23
26
19
33
11
38
43
16
21
44
34
21
38
24
28
19
16
30
29
53
11
35
11
11
11
50
23
30
24
34
14
11
30
31
36
34
30
23
31
11
22
19
12
25
39
12
17
11
24
35
38
25
11
50
38
43
39
12
37
26
15
31
26
28
15
33
11
38
11
18
11
26
17
23
11
11
11
13
18
17
11
23
46
14
36
43
11
40
11
30
36
36
20
16
39
11
11
24
11
41
20
13
17
25
11
31
33
16
21
16
12
18
18
24
12
16
17
13
22
12
11
26
11
15
22
16
12
13
13
23
18
42
19
11
17
11
14
11
11
17
11
15
20
38
11
11
11
11
11
13
21
11
21
21
12
13
20
24
35
50
21
34
11
27
33
29
37
36
27
59
23
11
27
41
56
23
32
20
12
13
11
21
17
26
39
33
13
24
45
28
22
52
26
16
19
14
26
29
11
35
36
26
19
16
34
82
26
43
19
27
62
15
48
59
36
29
26
12
47
30
41
12
25
20
29
34
40
57
20
30
14
15
23
13
13
39
24
11
24
11
31
38
15
27
14
18
13
16
39
13
23
49
12
11
13
25
28
17
21
27
11
28
14
21
14
19
11
53
19
11
43
24
24
27
30
17
11
24
15
19
43
35
44
61
44
33
31
22
14
37
11
11
11
11
12
11
12
11
11
12
11
16
11
11
11
11
11
11
11
11
11
11
11
11
11
11
11
11
11
11
11
11
11
11
11
11
11
11
21
15
25
11
33
14
11
11
12
14
11
11
12
12
14
16
14
18
16
15
14
16
17
11
15
15
13
22
11
11
11
12
11
16
11
11
11
11
11
11
11
11
11
11
11
11
11
11
11
14
14
11
11
11
16
17
15
11
20
17
12
11
16
23
21
11
21
11
11
12
17
13
17
12
11
11
14
15
11
13
13
11
11
19
26
11
27
28
25
20
13
12
20
13
11
17
11
33
11
11
17
16
27
27
11
11
11
15
11
20
13
14
13
18
13
11
12
12
16
17
12
13
11
14
