105
106
129
113
120
106
120
115
106
115
102
125
106
113
101
112
129
109
103
126
110
119
101
106
110
101
113
101
123
113
101
109
107
101
103
102
102
103
113
119
103
101
134
140
101
101
115
101
101
105
101
101
101
101
101
101
101
123
119
119
119
119
119
119
119
119
119
119
119
119
119
119
119
112
112
107
113
113
106
103
106
123
119
110
119
116
101
136
139
139
123
119
116
116
101
102
116
126
101
101
118
113
101
103
109
101
125
101
101
115
109
119
116
113
110
115
101
126
109
105
115
102
123
129
101
135
101
102
106
128
124
106
106
106
113
110
101
120
110
102
101
116
105
106
114
106
113
110
108
104
104
101
116
116
109
103
122
112
105
101
102
110
101
101
101
101
141
102
101
116
136
101
101
101
103
101
101
117
104
111
115
102
104
