25
11
11
23
12
21
11
24
14
18
11
16
11
31
23
11
15
30
21
21
12
14
15
11
11
11
11
11
11
11
13
12
18
13
11
11
11
11
17
11
12
12
14
11
12
17
11
11
12
13
16
11
16
15
12
12
12
22
13
11
14
11
13
13
11
13
18
11
11
11
12
11
16
15
12
11
11
11
14
19
12
15
13
14
11
26
12
11
23
17
11
12
11
11
15
11
13
11
11
13
11
11
12
17
11
11
12
11
13
20
12
15
13
18
12
14
19
12
11
11
41
37
16
39
36
38
11
11
11
13
16
23
40
11
16
16
12
12
11
11
11
12
11
11
11
11
11
11
31
45
33
24
14
11
21
12
13
21
11
18
12
22
11
18
17
23
14
11
18
11
11
14
18
13
11
11
12
11
16
11
12
15
16
12
14
24
21
11
13
11
17
14
12
12
11
11
11
15
16
12
11
13
12
18
11
12
12
15
17
11
13
12
17
14
12
12
17
17
11
16
28
11
15
30
11
25
12
21
22
18
11
19
21
16
17
12
12
14
11
11
11
11
14
11
12
16
11
14
12
11
11
15
18
12
12
19
12
12
27
13
14
11
11
18
25
12
11
11
15
11
11
13
30
26
13
11
26
11
17
17
11
11
11
14
11
11
11
11
21
15
11
11
13
13
14
15
11
20
11
23
18
32
11
11
11
12
11
11
11
11
11
11
11
11
11
27
17
13
24
15
14
13
11
11
11
14
11
15
12
15
17
13
11
15
11
13
11
11
14
11
12
12
12
12
12
13
16
29
11
20
20
13
16
16
16
22
11
14
19
16
11
31
21
26
12
43
34
25
46
33
29
39
29
36
33
13
29
36
39
26
23
16
33
27
20
31
36
11
12
12
12
11
11
11
11
14
11
12
11
11
15
11
12
19
11
14
12
11
12
14
11
16
12
14
11
11
11
14
12
12
18
11
12
22
23
11
11
18
19
16
19
11
18
11
11
11
15
11
15
11
11
25
11
18
11
15
12
16
13
12
19
11
12
31
27
34
11
23
25
16
21
29
11
11
12
18
14
19
33
50
11
34
11
11
45
13
15
18
11
38
11
28
27
27
22
24
15
11
37
15
11
26
18
35
21
22
38
11
13
23
16
13
25
19
48
13
36
13
29
33
36
14
12
13
13
37
36
26
21
28
24
11
20
33
36
19
19
49
19
38
11
20
31
45
29
26
26
36
23
23
23
33
26
35
12
40
34
19
33
26
15
47
29
26
24
45
21
24
13
38
19
38
36
25
14
11
38
46
11
29
25
16
41
27
22
34
42
26
13
24
13
41
38
42
29
24
28
38
14
27
18
34
37
34
11
52
43
33
19
13
16
26
11
27
49
42
24
44
26
27
45
56
32
35
36
36
24
20
23
11
38
19
11
18
23
22
30
16
33
18
37
19
46
11
34
23
30
50
26
33
29
