35
31
38
11
11
23
23
36
33
13
36
47
11
34
37
29
49
35
36
32
19
14
16
24
34
11
39
35
48
22
44
39
22
35
11
33
40
11
27
11
30
43
17
11
40
17
11
45
11
45
49
39
39
33
33
33
33
33
26
53
29
33
33
33
33
39
36
26
26
23
26
11
28
33
27
32
33
33
19
23
29
43
46
21
22
40
11
33
11
34
35
25
17
13
11
11
44
13
16
33
22
23
35
11
33
34
23
36
19
11
19
25
35
35
26
36
42
34
18
29
47
33
33
27
16
33
11
36
20
27
24
16
31
16
15
23
27
15
18
11
29
18
23
11
17
41
20
16
11
14
39
11
24
24
28
15
11
34
16
11
22
11
26
17
35
18
11
18
14
25
26
32
12
11
12
13
11
11
15
41
30
33
28
47
33
33
33
11
28
33
33
33
33
16
33
33
33
33
33
33
33
28
47
31
25
36
33
21
32
33
33
33
33
33
16
31
35
29
16
33
33
33
13
33
29
33
19
33
33
33
11
38
39
39
39
39
39
39
39
39
39
39
39
39
39
39
39
39
40
39
39
39
39
39
39
39
39
39
39
39
39
39
39
39
39
39
39
39
39
39
39
39
39
39
39
39
39
39
39
39
33
39
40
39
32
37
36
33
33
39
39
39
39
33
33
33
39
23
39
39
39
33
33
43
43
36
11
28
39
39
46
12
17
39
33
43
43
11
35
39
30
49
46
11
42
46
46
46
46
46
46
46
46
29
26
26
39
39
39
39
29
47
39
36
39
39
37
25
33
33
39
33
16
36
33
29
33
33
27
32
32
34
33
13
29
33
36
33
36
30
56
27
15
33
33
35
31
11
28
36
33
29
33
31
15
11
28
33
27
25
33
33
33
33
33
33
11
38
38
14
39
39
39
39
36
33
39
39
39
39
35
41
33
39
39
43
28
38
36
11
11
20
36
48
28
17
36
18
11
32
34
22
38
35
12
38
28
38
28
21
37
29
28
44
29
12
24
19
19
12
34
24
29
26
11
39
26
13
26
11
18
27
38
29
45
29
11
18
36
11
38
29
26
11
38
19
37
31
38
16
11
30
38
20
28
37
36
11
18
39
20
28
32
25
11
11
17
35
11
20
24
33
33
22
12
19
37
20
20
16
11
11
27
29
28
19
18
16
12
29
27
11
28
17
11
14
25
27
36
12
29
37
29
11
28
28
27
30
19
28
28
28
30
23
24
28
19
28
19
18
28
11
28
22
11
20
13
15
14
13
12
30
11
16
15
16
11
13
13
18
20
15
12
11
11
16
11
17
13
11
22
29
20
20
13
18
11
22
11
27
11
20
11
11
11
11
11
11
11
11
11
11
11
35
29
24
28
19
44
23
11
21
18
35
33
69
11
41
11
59
24
33
24
15
14
44
33
13
14
35
33
19
11
27
21
34
16
11
17
11
11
14
11
15
25
16
18
14
14
11
16
16
14
13
13
12
15
11
16
14
20
12
29
16
22
30
29
13
23
36
16
21
71
17
26
11
47
44
11
40
45
41
34
39
39
13
36
46
11
22
29
21
11
11
30
11
14
11
11
11
11
11
11
11
11
11
11
11
11
16
11
11
11
14
15
21
15
19
24
15
11
25
14
18
13
11
25
23
11
29
35
19
30
11
31
37
24
15
11
26
22
11
25
12
23
11
32
11
24
34
11
29
11
17
11
23
15
34
19
39
