24
25
33
11
31
14
19
30
28
28
19
15
11
13
23
11
23
28
29
28
19
11
17
11
13
13
19
18
19
19
17
11
11
17
11
11
16
15
11
11
19
19
11
17
11
17
19
11
11
11
25
12
16
19
11
11
11
11
11
11
23
11
12
18
11
19
13
11
11
22
11
14
11
11
11
11
11
11
11
13
11
11
14
14
11
11
11
18
11
11
11
11
11
11
11
11
11
11
11
14
15
13
20
13
19
11
18
11
15
13
11
11
21
15
13
11
11
11
11
11
11
11
11
13
11
11
12
11
11
11
11
12
12
13
12
11
11
12
11
11
11
17
15
13
11
15
11
14
11
12
11
11
14
11
12
14
11
16
12
19
19
12
11
11
11
13
14
14
11
11
11
11
11
11
11
11
11
11
11
11
12
11
11
11
11
11
11
11
11
11
11
15
12
12
11
19
15
12
11
11
11
11
11
13
11
11
11
11
11
11
11
11
11
11
11
11
11
11
11
11
11
11
11
11
11
11
11
11
11
13
11
11
11
11
11
11
21
11
11
11
11
14
11
11
11
11
17
15
14
23
22
11
14
26
16
11
11
25
25
27
29
24
11
24
11
11
18
11
11
23
11
11
17
11
12
11
11
11
11
11
18
22
11
22
14
11
13
11
22
12
11
11
11
11
15
13
13
11
11
11
16
11
11
12
12
13
11
11
14
13
11
11
11
11
11
11
11
11
13
11
11
11
11
12
11
11
16
11
11
11
11
16
11
11
11
13
16
20
13
11
12
13
11
14
14
11
13
12
11
11
12
12
11
11
11
11
11
12
13
20
19
11
12
13
11
11
11
13
13
11
15
11
13
11
12
11
11
11
11
25
29
27
22
29
29
29
29
23
11
11
12
11
15
29
29
11
38
22
12
11
14
14
11
11
11
11
11
13
11
11
11
12
11
11
11
12
14
11
13
11
13
12
11
11
11
11
11
11
11
11
11
11
11
11
13
11
18
11
11
11
11
11
12
11
13
11
11
11
11
11
11
11
11
12
14
11
11
13
12
11
11
12
11
11
11
11
11
11
12
11
11
11
11
11
11
11
11
11
11
11
11
11
11
11
11
11
11
11
11
12
13
11
11
11
11
11
11
11
11
11
11
12
11
11
11
11
11
11
11
11
11
11
12
11
11
11
11
11
11
11
11
11
11
12
12
11
11
12
11
11
11
16
12
11
11
12
11
13
12
13
13
13
11
11
11
11
13
13
11
11
11
12
11
13
14
11
11
12
12
11
11
11
11
11
13
11
11
11
16
19
19
19
19
19
19
17
11
11
17
19
20
19
18
19
19
19
19
11
16
11
14
13
17
12
20
11
18
12
16
19
19
19
19
13
15
19
19
11
18
23
15
20
18
20
19
19
27
11
28
19
19
11
25
11
11
18
14
14
18
17
11
11
11
18
19
19
11
15
29
21
19
19
11
27
19
18
20
19
19
25
12
19
18
19
19
14
14
19
11
18
20
19
19
19
16
11
11
19
20
11
17
20
19
19
17
11
11
11
11
11
11
11
11
11
11
11
11
11
11
11
11
11
11
11
14
19
19
19
17
11
11
18
19
19
19
11
11
11
11
11
11
11
11
11
11
11
11
11
11
11
11
11
14
11
20
19
29
20
18
20
19
19
19
19
11
17
19
19
19
19
19
11
17
19
19
19
18
19
19
28
11
11
11
14
19
19
19
18
11
18
19
20
19
17
11
11
18
38
19
28
28
11
19
28
28
28
28
29
27
20
19
19
19
18
20
28
19
11
11
17
22
11
13
18
14
11
25
19
30
11
12
15
11
14
11
11
14
11
12
11
11
11
11
11
11
13
11
11
13
17
11
11
18
11
13
19
25
11
11
24
11
11
11
13
11
14
11
11
25
22
11
19
19
11
11
14
11
11
11
20
19
17
18
11
24
11
22
16
11
19
17
25
11
24
11
11
26
16
11
25
11
24
11
21
11
30
11
15
22
11
42
11
11
15
22
11
12
12
11
11
11
12
11
11
11
21
11
16
22
