101
101
101
101
104
101
110
121
101
101
101
101
101
101
101
104
101
103
112
101
101
107
101
108
101
101
108
101
101
107
106
112
101
101
107
101
120
103
107
101
112
103
101
112
102
101
102
109
101
101
101
101
101
106
101
114
101
101
107
109
113
101
102
101
101
101
101
101
101
105
106
106
106
103
101
102
106
114
108
103
109
103
101
101
101
101
101
105
101
101
101
101
101
101
101
101
104
101
101
101
101
101
101
101
101
101
101
101
115
105
101
106
101
101
110
101
101
108
109
109
101
106
101
108
111
101
110
113
106
101
101
101
101
101
101
101
101
101
101
101
101
101
101
101
101
101
101
101
101
101
101
101
107
113
101
112
103
101
101
101
101
101
101
101
101
103
101
101
101
101
101
101
101
101
101
101
101
101
102
101
101
101
101
101
101
101
101
101
101
101
101
101
101
101
101
101
101
101
101
101
101
101
101
101
101
101
101
101
101
101
101
101
106
106
101
109
109
102
111
101
101
101
101
101
101
102
101
101
101
101
101
101
101
101
101
101
101
101
