101
105
103
101
114
105
103
103
106
101
105
101
112
101
104
101
101
106
101
123
109
101
112
101
112
101
101
117
106
101
101
108
101
101
101
107
101
105
101
101
101
111
106
101
102
101
108
101
101
105
103
101
101
101
101
101
108
113
106
103
106
106
101
101
101
113
101
101
101
101
103
101
102
101
101
109
101
101
101
101
101
101
101
106
101
101
101
101
103
101
107
103
101
101
108
101
105
101
101
101
106
107
101
101
101
101
105
101
110
101
101
101
101
101
101
101
104
101
101
101
102
101
101
109
103
103
101
101
103
101
102
