101
110
107
101
101
105
101
103
101
110
102
102
101
119
101
115
104
101
101
101
114
101
102
101
129
101
101
113
108
103
101
101
102
101
101
109
109
101
110
101
110
101
110
103
101
101
109
110
106
101
112
113
105
107
105
101
110
103
101
101
108
101
101
103
101
101
107
101
101
105
112
101
111
101
101
101
101
106
111
101
101
110
111
101
107
112
101
101
101
109
107
105
101
101
109
101
101
101
101
101
101
101
101
107
103
101
101
101
102
104
101
103
104
101
103
101
101
101
103
101
101
101
102
101
101
101
106
101
101
101
101
108
106
101
101
101
101
101
101
105
101
101
101
101
101
101
101
106
101
108
101
101
108
101
107
101
101
106
101
101
101
101
101
101
101
101
101
105
101
101
101
105
101
101
101
101
101
101
101
106
101
101
101
108
101
103
101
101
101
102
101
101
101
103
101
101
116
111
109
101
101
101
101
101
101
101
101
101
101
101
107
101
101
106
101
109
101
110
102
120
101
118
101
101
101
101
101
101
101
101
101
101
101
101
101
101
101
