102
101
103
101
109
104
101
108
103
101
108
110
101
108
101
105
113
102
101
101
101
107
102
104
111
102
101
105
101
101
106
103
105
106
113
108
101
101
101
104
101
102
101
101
110
101
103
102
102
101
111
103
101
101
102
101
101
102
101
101
101
106
101
101
106
103
105
102
103
101
101
101
106
107
103
102
105
107
106
101
101
104
106
101
101
101
101
101
101
103
101
101
102
104
101
101
102
101
101
101
109
101
101
102
101
112
104
103
101
108
101
101
101
102
110
112
105
105
101
105
109
113
104
101
101
101
101
101
101
108
101
101
101
106
116
104
101
101
103
101
101
111
101
101
101
101
101
101
101
101
101
101
101
101
101
101
101
101
101
101
101
101
101
101
101
101
101
101
101
101
101
101
101
101
101
101
114
108
101
101
101
101
101
101
101
101
101
103
101
101
101
101
101
101
105
102
101
108
109
101
105
107
110
102
104
101
101
116
101
101
101
101
110
103
101
101
101
101
101
101
101
101
101
101
101
