101
103
105
110
105
101
110
106
103
101
104
109
101
101
101
106
118
104
116
116
101
101
106
103
105
115
106
101
101
101
103
101
104
109
107
101
106
101
101
101
101
101
101
101
101
101
101
101
106
101
104
101
105
101
106
101
101
101
104
107
101
101
101
101
101
101
101
102
101
101
102
102
101
101
101
101
106
101
101
109
101
101
101
101
101
101
102
102
101
101
103
102
101
101
101
109
101
101
104
101
101
101
101
116
101
103
101
101
103
106
101
109
101
103
104
101
101
102
101
101
101
111
101
101
101
109
103
101
102
101
105
101
102
101
101
101
101
101
102
101
101
101
101
103
101
101
101
101
111
104
101
101
102
109
101
101
101
110
101
101
102
101
101
102
107
101
101
115
101
117
101
101
104
101
101
104
101
111
107
101
101
101
101
101
112
101
101
106
101
102
101
103
101
101
104
109
106
101
101
101
101
101
101
106
113
101
101
101
101
101
101
101
114
106
101
101
101
101
102
101
101
101
102
101
101
101
101
101
