14
11
21
11
11
11
15
33
11
19
11
12
17
11
21
11
11
30
19
11
22
11
16
29
26
29
19
27
36
11
20
11
26
11
24
11
19
16
16
11
11
17
13
19
11
11
17
11
19
19
11
19
11
11
17
16
11
11
11
20
11
24
21
11
20
11
28
11
22
11
18
18
21
11
11
11
11
11
11
12
11
11
11
11
20
11
12
11
23
26
11
21
11
11
11
11
11
11
11
13
11
11
11
18
23
14
20
14
11
15
11
20
22
29
11
11
21
11
28
11
11
17
23
23
11
15
11
11
14
11
28
11
11
24
11
18
11
18
23
11
15
11
11
11
19
19
11
16
14
25
23
11
13
11
14
11
11
31
16
29
13
23
16
29
29
11
18
17
11
31
11
13
11
11
20
26
16
11
22
23
11
13
11
27
11
15
11
15
11
15
11
15
19
11
11
14
11
11
15
11
11
12
11
13
11
11
11
11
11
11
15
21
12
11
15
11
13
12
11
12
12
11
13
11
11
11
15
13
15
11
15
11
11
24
30
29
17
11
19
19
19
19
19
19
19
19
11
27
19
27
11
19
19
19
11
18
20
19
20
19
19
19
19
19
19
11
22
14
20
19
19
11
18
19
19
19
29
11
17
18
19
19
19
18
19
19
19
19
15
13
19
19
19
11
17
11
11
11
15
11
11
11
11
11
11
11
11
11
11
11
13
19
11
26
14
11
12
12
11
11
14
11
19
19
11
13
13
11
11
13
11
11
11
11
11
14
14
11
14
11
11
16
23
11
11
15
18
11
11
11
11
11
11
11
11
11
11
11
11
11
11
13
11
11
11
11
16
11
11
11
19
11
11
11
18
13
12
11
29
11
17
11
25
11
20
11
12
19
16
29
29
29
23
11
15
11
15
11
15
11
15
11
15
29
26
19
11
15
11
15
11
15
11
15
11
15
11
15
11
15
11
15
11
15
11
11
14
11
15
11
15
11
15
19
11
15
11
15
11
15
11
11
11
13
11
15
11
15
11
15
11
15
19
11
15
11
11
11
17
12
11
11
11
11
11
11
11
13
11
11
14
11
12
11
11
11
11
11
11
11
14
11
11
13
11
11
11
11
11
14
12
11
13
11
12
14
11
11
11
11
11
12
11
11
15
14
11
11
11
11
12
11
11
21
19
19
19
19
20
19
19
11
17
11
17
20
19
19
19
18
19
19
13
15
12
15
11
18
11
18
20
11
17
11
17
19
20
19
20
11
18
20
15
13
19
11
11
16
20
19
19
19
28
28
29
19
14
14
11
17
19
19
11
17
19
11
18
19
19
19
14
11
32
19
19
17
11
19
11
18
20
19
19
19
27
11
19
19
19
19
19
11
17
29
20
19
14
11
12
19
19
19
20
14
14
19
19
19
20
19
11
11
11
12
11
11
11
14
12
12
11
11
11
12
13
16
19
19
20
19
19
19
19
19
19
18
21
11
18
14
15
11
11
14
11
11
11
11
15
11
18
11
26
11
18
29
19
11
17
14
11
11
13
13
13
18
17
11
13
24
11
22
16
11
26
11
11
15
11
11
11
16
11
11
11
11
11
14
11
29
11
14
13
22
11
15
11
11
11
11
13
11
11
17
20
11
11
25
11
26
11
13
12
11
11
19
11
11
20
15
11
20
12
11
18
25
29
33
28
19
19
19
19
19
19
19
19
19
11
27
11
20
17
19
17
14
11
11
11
11
11
11
11
11
11
11
11
11
11
11
11
11
11
11
11
11
11
11
11
14
18
18
11
19
11
11
13
11
11
18
19
19
19
11
11
11
14
28
11
17
19
19
11
17
19
19
18
20
14
14
19
19
19
19
19
11
14
19
19
19
15
11
12
13
15
11
11
11
11
11
11
11
11
11
11
14
15
13
19
19
19
19
19
17
16
11
12
11
11
11
13
13
15
11
11
13
14
11
11
13
11
12
11
11
12
11
11
11
11
11
11
15
11
11
11
13
14
17
19
19
11
11
13
11
11
11
11
11
11
11
11
11
11
15
11
14
16
19
11
17
