101
101
101
118
104
115
102
101
101
101
101
102
103
101
101
104
101
101
101
106
103
103
104
101
101
101
105
106
103
106
106
103
101
109
101
107
113
106
113
113
101
105
106
101
112
101
113
101
101
101
110
101
101
101
106
106
106
101
113
106
101
101
107
106
101
113
113
106
101
110
106
101
104
105
101
112
101
101
101
101
101
101
119
111
102
103
103
101
101
101
109
101
112
101
101
111
101
107
105
103
101
102
103
101
101
101
103
101
102
101
101
102
103
101
101
101
101
105
110
105
112
105
101
101
101
101
101
112
101
101
101
110
101
101
101
101
110
101
110
101
101
101
108
105
106
122
101
101
101
101
101
108
101
101
107
101
101
101
101
101
101
101
106
101
101
104
101
112
107
101
101
101
101
101
102
101
101
112
101
101
101
105
101
101
101
101
101
120
101
101
101
101
106
106
101
101
101
101
106
101
101
101
101
101
101
102
101
101
101
101
101
101
101
101
102
101
101
101
101
101
101
101
