101
108
101
101
102
101
108
101
101
101
101
101
101
101
114
103
116
101
111
109
106
101
101
102
103
101
101
101
101
101
101
106
101
101
101
104
105
105
105
108
101
101
106
101
101
101
101
101
101
101
101
107
101
101
101
101
101
101
101
101
101
106
101
107
101
101
101
101
104
103
108
109
102
111
101
101
101
107
101
110
101
101
101
103
103
101
112
113
101
101
101
101
111
104
101
101
101
101
101
101
101
101
106
101
104
101
102
101
101
101
101
103
106
101
101
101
101
101
101
101
102
103
103
108
106
103
101
105
101
101
101
101
101
101
104
101
101
101
101
109
101
112
101
101
101
101
101
122
101
101
103
101
109
112
101
101
102
101
101
101
101
101
104
101
107
111
101
105
101
101
101
107
101
101
113
101
118
101
101
101
102
114
101
101
108
102
106
101
101
101
101
101
101
101
101
101
101
101
101
101
101
101
101
101
101
103
101
101
101
101
101
101
101
101
110
101
110
101
101
101
111
106
101
102
101
101
101
101
101
101
