110
107
106
101
101
111
111
101
102
101
101
101
105
101
101
101
101
101
101
102
101
101
101
105
108
109
106
106
102
107
106
103
101
112
101
105
113
106
101
101
106
101
105
101
101
101
101
104
101
101
101
102
102
101
102
101
101
102
101
102
101
101
101
109
101
104
105
102
104
101
101
102
101
101
118
119
101
101
101
101
101
101
104
108
101
101
101
101
101
101
101
101
101
101
102
103
108
101
119
101
101
101
111
103
103
107
101
105
107
101
104
101
112
104
101
101
101
101
101
101
104
101
101
116
104
101
101
105
101
102
