101
119
110
120
105
101
101
101
101
101
106
101
101
101
101
104
109
101
101
111
106
101
101
101
103
103
101
101
101
101
101
101
104
101
113
107
101
101
101
101
101
101
105
101
101
101
101
101
101
101
106
108
119
101
102
101
101
104
102
101
101
101
101
101
101
101
101
101
104
101
101
101
101
105
101
101
101
108
104
107
107
106
101
102
105
106
101
101
108
105
107
101
101
101
101
101
101
101
101
109
101
102
105
101
106
105
101
113
115
105
115
101
101
101
101
101
115
101
110
101
101
101
101
101
101
102
101
