101
104
101
101
104
106
103
109
101
101
110
109
101
115
113
106
101
101
101
101
101
120
104
105
108
101
101
101
115
103
106
101
101
105
101
111
101
102
101
101
104
105
118
101
101
102
103
101
101
101
102
101
101
101
101
101
102
101
106
102
101
103
101
101
105
101
101
101
101
101
103
106
106
103
101
102
106
101
110
103
116
101
101
106
101
104
104
101
101
104
101
101
101
101
101
101
101
103
101
104
101
101
112
111
101
101
103
101
112
102
101
101
104
102
101
101
108
101
101
101
107
109
101
108
102
107
116
106
101
106
101
101
101
102
101
101
112
111
101
101
101
101
107
106
105
101
101
104
106
101
101
101
101
101
101
101
108
101
101
101
101
101
101
101
101
105
101
101
101
101
101
109
101
101
101
101
101
101
101
101
101
101
101
101
101
101
101
101
101
101
101
101
101
101
101
101
101
101
101
101
101
101
101
101
101
101
101
101
113
101
101
103
101
101
105
101
101
101
101
115
101
101
101
101
101
101
101
101
101
101
101
101
101
101
101
