32
24
22
26
21
11
24
11
15
11
15
11
15
19
28
11
12
14
11
14
23
11
16
11
15
11
19
23
11
12
13
11
14
11
12
16
11
14
11
12
11
12
11
22
16
11
16
11
25
11
19
11
11
11
11
11
24
21
11
11
32
11
11
13
11
27
11
14
11
16
11
13
25
11
25
11
11
17
23
23
11
11
11
15
11
15
11
11
17
19
11
15
29
37
24
25
19
15
19
11
23
11
22
11
15
11
11
20
19
11
11
11
11
11
11
11
11
11
11
11
11
11
16
11
24
11
26
11
15
12
13
13
12
11
11
11
22
11
26
11
21
11
25
11
18
11
31
29
11
35
23
11
13
11
17
11
25
11
20
11
26
11
11
28
23
11
29
11
11
23
20
11
11
12
11
14
11
11
11
16
11
22
11
22
20
11
21
11
11
11
26
20
11
11
19
11
11
13
11
13
11
12
11
11
13
14
12
11
13
12
15
11
11
11
11
11
11
12
11
11
11
11
11
11
11
11
11
11
11
11
11
11
11
11
11
11
11
11
11
11
11
11
12
11
11
11
11
11
11
11
13
11
11
11
11
11
11
11
12
11
11
13
14
11
11
14
15
11
12
11
11
11
11
13
13
11
13
15
15
11
23
11
11
12
17
11
27
11
11
11
11
11
16
12
11
11
14
20
11
20
16
19
11
11
11
14
11
11
21
11
12
11
19
13
11
14
14
17
11
18
21
11
18
18
19
11
12
12
13
11
11
12
11
11
22
13
11
19
11
11
21
11
11
11
11
13
11
11
11
11
11
12
14
11
11
12
11
11
11
11
12
11
12
11
21
29
29
11
28
29
29
29
29
21
11
14
11
15
29
29
39
29
11
15
11
15
11
15
11
15
11
15
11
15
11
15
11
15
11
15
16
11
11
11
11
11
11
11
11
11
11
11
11
11
11
12
11
15
11
15
11
15
11
15
11
11
11
11
11
11
11
11
11
11
11
11
17
11
11
11
13
19
11
19
11
15
11
15
11
11
27
29
29
29
30
13
13
11
14
11
11
11
21
15
18
11
15
17
11
26
11
15
15
17
11
19
13
17
19
12
11
19
14
11
11
13
11
18
25
11
19
11
12
11
11
11
11
11
11
11
11
11
11
11
11
11
11
20
11
15
11
11
11
11
11
11
11
11
11
11
11
11
11
17
15
13
11
24
11
23
11
11
11
11
11
11
12
11
11
11
11
11
11
11
11
11
11
11
11
16
11
12
12
11
18
12
14
17
11
15
11
15
11
11
11
11
11
11
11
11
11
11
11
11
24
11
15
11
18
11
18
11
15
11
11
11
11
11
11
20
11
15
11
12
11
23
11
11
12
15
11
11
12
16
11
15
23
11
15
11
11
14
11
15
11
15
11
15
11
15
11
15
11
15
11
22
11
11
11
11
11
21
23
11
25
11
18
11
15
11
15
11
11
21
11
18
11
15
11
15
11
15
11
15
11
15
11
11
11
16
11
22
11
15
11
15
11
15
11
11
14
11
13
11
14
11
15
11
15
11
22
11
15
11
15
11
15
11
22
11
14
11
11
25
11
11
11
13
22
11
15
11
18
11
18
11
15
11
15
11
15
11
11
11
16
17
11
24
11
15
11
15
11
15
11
14
21
11
15
11
16
11
19
21
11
15
11
11
11
14
13
11
14
11
15
23
11
11
11
16
11
15
11
11
22
14
11
13
17
11
12
11
11
12
11
11
11
11
11
11
11
11
11
11
11
11
12
12
11
11
11
13
11
13
11
20
16
11
15
11
15
11
11
17
11
15
16
11
18
11
18
11
11
17
11
12
11
11
11
11
11
11
11
11
11
16
11
11
11
14
11
11
16
11
15
11
11
20
11
15
30
13
12
14
12
17
16
11
11
11
11
14
11
11
15
11
11
11
11
18
11
24
11
12
17
18
11
11
11
19
14
25
15
11
11
11
26
11
11
25
15
11
17
18
11
13
11
28
11
17
11
20
21
12
22
16
11
15
11
12
25
11
11
11
11
15
11
11
15
17
11
23
12
15
16
11
11
11
11
11
11
11
11
18
13
12
11
11
13
14
12
12
11
11
11
11
11
23
15
11
16
28
11
12
13
11
27
12
11
11
18
17
13
15
11
11
13
11
11
11
11
11
11
11
