24
11
29
29
15
27
11
18
15
11
17
25
11
11
11
37
17
12
16
11
30
28
28
28
16
22
37
29
11
25
11
27
35
11
25
31
11
11
15
11
18
11
29
11
11
30
15
17
11
11
11
15
19
11
27
11
16
25
11
11
14
11
22
11
25
11
11
18
11
20
12
11
12
11
11
11
15
20
11
25
19
11
19
20
22
11
15
20
14
28
11
21
11
11
11
15
19
11
12
11
17
15
11
13
11
11
11
16
11
12
13
11
23
11
22
11
28
11
11
11
11
11
11
11
23
11
29
11
18
11
25
11
28
34
28
37
11
28
11
18
23
11
15
11
11
21
11
15
11
11
24
11
11
12
11
24
11
22
16
11
11
11
18
11
20
11
13
11
14
11
15
11
28
11
11
11
16
11
21
19
14
21
11
11
15
11
25
11
27
11
20
13
11
11
11
23
14
11
11
16
11
25
13
19
11
29
11
26
11
21
11
28
11
19
13
19
11
14
11
16
12
11
13
11
23
15
13
11
13
11
30
11
25
11
21
11
15
11
11
20
23
14
11
21
11
26
11
11
13
11
22
11
22
11
28
11
21
11
17
11
16
11
11
11
20
16
14
16
11
23
11
27
11
30
15
11
23
11
13
11
15
11
14
24
11
12
11
15
11
15
11
25
11
15
11
13
11
14
14
11
13
21
11
15
11
11
21
23
11
15
11
28
11
15
11
15
11
11
14
19
11
15
11
18
11
13
11
21
11
18
11
15
11
12
11
15
23
11
15
11
11
15
11
14
11
15
11
14
11
16
11
11
14
11
15
11
13
11
14
23
11
18
11
15
11
11
11
13
16
11
11
21
11
32
29
33
11
15
11
11
14
11
15
11
13
11
21
11
15
11
15
11
15
11
15
11
15
11
15
11
15
11
15
11
12
11
15
11
15
11
11
11
11
11
11
11
11
11
27
11
15
11
15
11
15
11
15
11
15
11
15
11
15
11
25
11
15
11
15
11
13
11
11
13
13
15
11
19
11
15
11
15
11
11
11
26
11
15
11
15
11
15
11
15
11
15
11
15
13
11
14
11
15
11
11
11
13
11
18
11
15
11
15
11
15
11
15
11
15
11
15
11
25
11
15
11
15
11
13
11
12
22
11
11
14
11
12
11
11
17
11
12
14
11
12
14
17
11
15
11
11
20
11
13
26
11
11
11
13
16
11
11
17
11
18
11
15
11
11
21
11
11
21
11
15
11
18
11
25
11
15
11
13
21
11
15
11
11
24
11
17
31
11
18
11
13
11
15
19
11
11
11
23
14
11
21
11
15
11
18
11
15
11
19
11
15
11
15
11
25
11
15
11
11
21
11
18
11
15
11
11
11
16
11
15
11
14
11
13
11
15
11
15
11
25
11
18
11
15
11
20
11
27
11
11
11
23
11
18
11
15
11
15
11
15
11
15
11
15
11
18
11
18
14
11
17
11
15
11
22
11
18
11
15
11
13
11
11
16
11
15
11
15
11
11
14
11
24
11
11
32
11
17
11
15
11
15
25
11
16
24
28
20
19
16
11
11
18
19
19
20
11
17
19
19
19
19
13
15
19
19
19
19
19
19
19
11
22
11
12
19
19
19
19
14
14
19
19
20
19
11
11
16
19
19
27
11
28
29
28
18
11
28
27
29
11
27
36
24
30
11
32
11
18
11
11
24
11
11
20
11
15
23
19
11
11
12
11
21
11
15
23
11
11
11
11
11
11
11
11
11
11
11
11
11
11
11
11
11
11
11
11
11
11
11
11
11
11
11
11
11
11
11
11
11
11
11
11
11
11
11
11
11
11
11
11
17
13
11
11
11
18
11
16
15
11
12
21
11
11
14
11
14
15
11
14
11
11
13
14
24
11
26
11
11
11
19
14
19
11
11
11
11
11
11
11
11
12
19
11
11
11
11
12
11
11
11
11
11
11
11
11
11
11
11
11
11
20
11
14
11
11
11
16
11
11
14
14
17
11
11
17
14
11
11
