101
107
101
101
101
101
101
101
111
101
101
107
101
108
101
102
101
101
118
101
101
102
110
101
110
101
115
101
107
101
105
103
103
106
101
101
102
101
101
101
101
101
101
101
101
101
101
101
101
101
101
101
112
112
101
103
101
102
111
109
101
101
101
101
108
103
101
101
101
101
111
101
114
109
101
106
108
106
106
103
102
101
103
101
103
101
101
101
109
101
101
101
101
104
106
107
101
101
104
101
101
101
101
113
103
114
116
105
105
101
110
106
101
104
107
101
103
104
109
101
101
102
101
101
101
101
102
104
101
101
101
102
101
101
101
102
101
101
102
101
101
101
101
101
101
101
101
101
101
101
101
101
101
101
101
101
101
101
101
101
103
102
101
101
109
101
101
105
101
101
101
101
101
101
101
101
101
101
101
101
101
101
103
101
101
101
101
105
101
101
101
101
101
110
101
103
101
101
111
101
101
101
115
111
101
101
101
101
102
101
101
101
101
101
101
113
101
115
109
101
101
107
101
101
101
101
101
101
101
101
101
101
101
