105
109
101
103
101
104
101
101
111
101
112
109
113
101
115
103
101
114
101
111
101
118
113
120
109
103
101
101
102
101
101
101
101
101
101
102
101
101
101
104
101
101
104
101
109
101
101
101
101
114
101
118
103
101
105
106
101
108
106
101
101
106
118
105
101
108
101
102
101
101
101
101
103
101
101
101
101
101
105
101
101
101
106
101
101
121
103
103
106
102
114
113
113
112
101
113
103
106
101
105
113
101
101
101
101
115
109
103
101
101
101
101
101
101
101
107
101
101
101
107
103
110
101
105
103
105
110
101
