106
112
113
116
103
113
113
107
101
101
101
101
119
113
113
101
102
101
105
119
103
101
101
110
103
101
107
110
101
101
101
108
101
101
101
101
104
101
102
101
108
115
102
106
101
101
101
104
101
112
114
101
101
103
113
101
101
101
101
102
101
104
101
101
114
109
109
101
102
101
102
101
108
107
105
104
101
113
111
101
101
101
111
106
101
101
111
101
105
109
101
113
113
101
101
107
103
101
105
101
101
101
101
101
101
101
101
101
101
108
115
101
106
106
103
101
112
106
101
101
111
101
101
108
113
108
101
101
101
101
101
101
101
101
101
101
101
101
101
101
101
101
101
101
101
101
101
101
101
101
101
101
101
101
101
101
101
101
101
101
101
101
101
101
101
101
101
102
101
101
101
101
101
101
101
101
101
101
101
101
101
101
101
101
102
101
102
101
101
101
101
101
101
101
101
101
101
101
101
101
103
101
101
101
101
101
101
101
101
101
101
101
101
101
102
101
101
102
101
101
101
101
101
101
101
101
101
101
101
101
101
101
