11
14
11
11
11
24
13
19
11
32
31
11
25
18
11
18
11
11
11
11
11
17
11
12
12
25
18
11
11
11
11
11
11
11
11
11
11
11
22
15
16
13
21
11
12
13
11
24
11
11
25
11
11
13
11
11
13
11
11
11
13
19
11
14
11
12
11
11
11
12
11
11
14
12
12
14
11
11
22
12
11
11
11
20
11
13
11
11
12
16
11
11
12
12
11
11
11
11
11
11
11
11
11
11
11
11
11
11
11
13
11
11
11
11
11
11
11
11
11
11
11
11
11
11
11
11
11
11
11
12
11
11
16
12
17
11
11
11
11
11
11
11
12
11
11
11
11
11
11
11
11
11
12
13
11
11
11
11
11
11
11
11
11
11
11
11
11
11
11
11
11
11
11
11
11
12
11
11
11
11
11
15
11
12
11
11
11
11
11
11
11
14
11
11
11
15
11
15
11
18
11
15
11
15
11
15
11
15
11
15
11
15
11
15
11
15
11
15
11
15
11
15
11
15
11
11
16
11
16
11
14
11
15
11
11
11
20
11
15
11
15
11
18
11
15
19
11
15
11
11
14
11
15
11
15
11
11
21
11
15
11
15
11
15
14
11
14
11
15
11
15
11
22
11
15
11
15
11
15
11
15
11
15
11
22
11
15
11
15
11
15
11
15
11
15
11
15
11
15
11
22
11
15
11
18
11
15
11
11
14
19
11
15
11
15
11
15
11
15
19
11
15
11
15
11
15
11
15
11
15
11
15
11
15
11
15
11
15
23
11
13
11
27
11
11
11
12
11
11
11
12
11
12
32
12
11
11
12
11
11
13
11
13
11
11
11
11
11
11
13
13
11
11
11
11
13
11
11
11
11
11
12
11
11
11
11
14
11
11
11
21
11
15
11
13
11
11
26
11
18
11
15
11
11
11
13
11
11
11
11
12
11
11
11
11
13
13
11
11
11
11
13
12
11
21
13
11
12
11
11
11
11
13
11
11
12
12
11
14
11
12
11
11
12
11
14
17
24
11
15
11
12
11
12
12
12
15
11
12
13
12
11
13
11
11
11
11
11
22
11
11
11
11
11
11
11
11
11
11
11
13
11
14
11
11
16
12
15
15
11
11
11
12
11
11
11
11
11
14
11
11
11
11
12
11
12
17
20
11
11
12
11
11
18
19
11
15
11
11
21
13
21
21
11
11
11
13
11
11
13
11
12
11
13
16
11
11
11
11
11
19
11
11
11
13
14
13
13
20
11
11
11
11
27
18
17
17
16
16
11
11
11
11
11
19
11
15
11
22
11
11
11
26
26
22
11
24
17
11
22
15
15
18
11
29
33
35
11
11
28
11
11
14
11
22
11
11
11
27
11
24
23
12
13
15
11
11
11
11
11
11
11
11
11
11
11
15
11
14
11
19
11
12
11
11
11
11
11
11
11
11
11
14
11
11
11
12
11
13
11
16
19
11
14
13
14
11
11
11
11
15
11
11
11
11
18
11
11
11
11
11
11
11
12
11
11
11
11
11
11
11
11
11
11
11
11
11
11
11
11
11
12
11
11
11
11
11
16
11
11
13
11
11
11
11
11
12
11
11
11
11
11
11
11
11
11
11
11
11
11
11
11
11
11
11
11
11
11
11
11
11
11
11
13
11
12
13
11
12
11
11
11
12
11
11
11
11
11
11
11
11
11
11
11
11
11
11
11
11
11
13
11
11
11
13
11
11
11
18
13
11
11
11
14
11
11
12
11
11
12
11
12
13
11
20
11
28
39
19
29
29
20
29
29
33
30
25
34
19
11
15
11
15
29
28
18
12
20
19
14
11
11
11
11
11
11
11
11
11
11
11
11
11
18
11
11
11
11
19
11
11
15
11
28
11
15
11
11
21
11
15
15
23
11
11
20
11
11
19
23
11
11
17
20
11
12
11
15
11
18
12
29
11
24
11
17
22
11
25
11
23
13
18
22
34
26
12
11
13
11
11
16
11
11
12
11
11
11
13
11
11
13
12
11
11
11
14
11
12
12
11
12
18
11
11
11
11
11
12
11
15
11
11
11
12
12
16
15
11
13
11
11
20
11
11
28
11
11
11
15
16
16
11
12
11
14
13
11
14
11
11
12
11
11
11
11
11
11
11
11
11
11
14
11
11
11
11
11
11
26
11
11
27
11
17
11
15
20
11
22
11
12
11
12
13
11
12
12
13
18
17
11
11
11
11
11
11
20
11
16
11
11
12
11
11
11
11
11
11
12
11
11
11
11
11
