101
101
101
101
101
108
101
101
101
101
111
101
102
101
101
101
101
101
103
103
101
101
107
101
101
101
101
106
101
101
107
113
101
101
101
101
101
101
101
109
101
104
101
102
101
101
101
101
101
101
105
106
119
110
103
106
106
101
102
101
101
114
101
101
107
106
101
102
109
101
101
101
101
113
101
101
101
101
101
101
101
102
101
101
106
101
102
101
101
113
101
101
101
101
110
106
106
107
101
101
101
101
101
101
116
114
101
112
101
103
101
101
101
101
101
101
101
101
101
110
106
101
101
102
101
104
101
101
102
101
107
101
101
101
101
101
106
103
101
101
111
101
101
101
101
101
101
105
101
101
101
101
101
101
101
101
101
101
101
101
101
101
103
101
101
109
101
105
105
105
101
101
101
107
101
101
101
113
101
101
101
101
101
101
101
101
101
101
101
105
101
101
101
101
101
101
101
101
101
101
101
101
101
112
101
108
106
106
101
101
117
110
101
101
101
101
106
114
101
101
101
110
118
101
103
101
101
