104
106
101
101
101
101
101
101
101
101
106
106
101
102
105
111
103
101
101
101
101
101
101
101
101
101
101
101
101
101
101
101
101
101
101
101
101
101
103
101
101
101
101
104
115
106
101
101
101
107
105
106
108
103
101
105
101
101
101
101
101
101
101
101
101
101
101
101
101
101
104
101
101
101
101
101
101
101
101
101
101
101
101
101
101
101
101
101
101
101
102
101
101
101
101
107
101
105
101
101
101
101
101
101
101
101
103
101
101
101
101
101
105
101
101
101
105
101
101
102
101
101
101
102
101
113
101
101
101
101
101
101
113
101
102
103
101
101
101
101
101
101
103
110
101
101
101
101
101
101
101
101
101
102
101
101
101
101
101
101
101
101
101
101
101
101
101
101
101
101
101
101
101
101
101
101
101
101
101
101
101
101
101
101
101
101
101
101
101
101
101
101
101
101
101
101
101
101
101
101
101
101
101
101
101
101
101
101
102
103
101
101
101
101
101
101
101
101
101
101
101
101
101
101
101
101
101
101
101
101
101
101
101
101
