101
101
101
101
101
108
101
112
103
101
108
101
101
101
109
101
101
101
111
101
101
101
101
101
107
104
101
101
102
101
101
102
101
101
101
101
101
101
106
101
101
101
104
101
112
101
102
101
101
101
101
101
101
101
101
101
101
101
101
101
103
109
101
101
101
101
101
101
101
101
101
101
101
101
101
101
101
101
101
101
101
101
101
102
119
101
103
101
106
101
101
101
101
101
101
101
101
101
101
101
101
101
101
101
110
113
101
101
101
101
101
106
101
101
107
101
103
101
101
101
108
101
101
101
109
101
102
101
101
101
101
101
101
101
101
104
101
109
101
106
101
101
101
101
101
101
101
101
101
101
101
101
101
101
101
101
101
101
101
101
101
101
101
101
101
101
101
101
101
101
101
101
101
101
101
101
101
101
101
101
101
101
101
101
101
101
101
101
101
101
101
101
101
101
101
101
101
101
101
101
101
101
101
101
101
101
101
101
101
101
105
122
101
101
101
101
101
101
101
101
101
101
101
101
101
101
101
101
101
101
101
101
101
101
101
