106
103
101
101
101
101
101
106
101
101
101
101
101
101
101
101
111
101
108
101
102
101
101
101
101
101
101
101
101
101
102
101
101
101
101
101
101
101
101
101
101
101
105
102
101
101
101
101
101
101
101
101
101
101
101
101
101
101
101
101
101
105
101
104
101
111
101
101
106
110
112
109
103
101
108
113
101
101
101
101
101
101
101
101
101
101
106
110
105
101
105
101
101
101
101
101
101
101
101
101
112
101
107
110
113
112
101
101
101
101
101
101
101
101
110
104
101
101
101
101
101
101
101
101
101
101
101
102
108
101
101
101
101
101
101
101
101
101
101
101
101
101
101
101
101
101
101
101
101
101
101
101
101
101
101
101
101
104
101
101
101
101
101
101
101
101
101
103
101
101
101
101
101
101
101
101
101
101
101
101
101
101
101
101
101
101
101
101
101
101
101
101
101
101
101
101
101
101
101
101
101
101
101
101
101
101
101
101
101
101
101
101
101
101
101
101
101
101
101
101
101
101
101
101
101
101
101
101
101
101
