101
106
109
101
101
101
101
107
108
101
101
101
110
111
101
101
101
101
101
101
101
101
101
101
101
101
101
101
101
101
101
101
101
101
101
101
112
103
102
101
101
101
101
101
109
101
101
101
101
108
101
108
101
101
109
101
101
101
101
101
101
101
101
101
101
103
101
101
101
101
101
101
101
101
101
102
120
101
101
107
109
113
101
101
101
101
101
101
101
101
101
101
101
105
106
113
101
102
118
101
101
101
101
104
103
101
103
103
102
101
106
101
101
101
101
101
101
101
101
101
104
103
101
101
101
101
101
112
101
101
101
101
101
101
101
101
101
101
101
101
101
101
101
101
101
101
101
101
101
101
101
101
101
101
101
101
101
101
101
101
101
101
101
101
101
101
101
102
101
101
101
101
101
101
104
101
101
101
101
101
101
101
101
101
101
101
101
101
103
101
101
101
101
101
101
101
101
101
101
101
101
101
101
101
101
101
101
101
101
101
101
101
101
101
101
101
101
101
101
101
101
101
101
101
101
101
101
101
101
101
101
101
101
101
101
101
101
101
101
101
101
101
101
101
101
