101
101
101
101
101
101
101
101
101
101
101
101
101
101
101
101
101
101
101
101
101
108
101
109
106
101
101
121
102
101
101
101
101
101
101
107
101
101
101
101
101
101
101
101
101
101
101
101
101
106
101
108
101
101
107
101
101
101
101
101
101
101
101
106
101
101
110
109
101
101
106
101
126
101
101
101
101
101
101
101
101
101
101
101
101
101
101
101
101
101
101
101
101
101
103
102
105
101
105
101
101
101
101
101
101
101
101
105
101
101
101
101
101
101
101
101
101
101
101
106
106
106
113
101
110
109
101
101
105
101
101
101
101
101
101
101
101
108
101
101
