101
101
101
101
101
101
101
101
101
101
101
101
101
101
101
101
101
101
101
101
101
101
101
101
101
101
109
101
108
101
108
101
101
101
101
102
101
101
101
101
101
101
101
101
101
101
101
101
101
101
101
101
101
101
101
101
101
101
101
101
101
101
101
101
101
101
116
113
123
101
101
101
101
101
101
101
101
101
101
101
101
101
101
101
101
109
101
101
101
101
101
101
113
101
101
102
101
101
101
101
101
102
101
101
101
101
101
101
101
101
101
101
101
101
101
101
101
101
105
101
101
101
102
101
101
102
101
102
101
101
102
108
110
101
108
101
101
101
101
101
101
101
101
103
101
101
101
101
101
101
101
101
101
101
101
101
101
101
101
101
101
101
101
101
101
101
101
101
101
101
101
101
101
101
101
101
101
101
103
101
101
101
101
101
101
101
101
101
101
101
101
101
101
101
101
101
101
102
101
101
101
101
101
101
102
101
101
101
101
101
101
101
101
101
101
101
101
101
102
101
101
101
101
101
