101
101
101
102
101
101
101
101
101
101
101
101
103
104
101
101
101
101
101
103
101
101
101
101
101
101
101
101
101
101
101
101
101
101
111
101
101
101
101
101
113
101
101
101
101
101
101
101
102
101
101
101
101
101
101
101
101
101
101
101
101
101
101
104
101
101
101
110
113
106
103
101
101
101
101
101
107
102
101
101
101
106
101
101
111
101
109
101
101
101
101
101
101
101
101
101
101
101
101
101
102
101
101
101
101
101
101
101
101
112
101
101
101
101
101
111
101
101
101
101
101
101
101
101
101
101
101
106
105
101
101
101
103
101
101
101
101
101
101
101
101
101
101
101
101
101
101
101
101
101
101
101
101
101
101
101
101
101
101
103
101
101
101
101
101
101
101
101
101
101
101
101
101
101
101
103
101
101
101
101
101
101
101
101
101
101
101
101
101
101
101
101
101
101
101
101
101
101
101
101
101
101
101
101
101
101
101
101
101
101
101
101
111
101
101
106
107
103
101
101
101
101
101
101
101
101
101
101
101
101
101
101
101
101
101
101
101
101
101
101
101
101
101
101
