101
101
101
101
101
101
101
101
101
101
101
101
101
112
101
101
101
101
101
101
101
107
101
101
101
101
101
101
101
101
101
101
101
101
101
101
102
101
102
101
101
101
103
110
101
101
101
101
101
101
101
101
101
105
101
101
101
101
101
101
101
101
111
101
102
101
101
101
101
101
101
101
101
101
101
101
105
103
107
104
104
109
113
102
103
101
101
101
103
103
101
101
107
101
101
101
101
101
101
101
111
101
101
108
101
111
101
108
101
101
101
101
101
101
110
101
101
101
101
101
101
101
101
101
101
101
101
101
101
101
101
104
108
101
101
101
115
101
101
101
101
101
101
101
101
101
101
101
101
101
101
101
101
101
101
101
101
101
101
101
101
101
101
101
101
101
101
101
101
101
102
101
101
101
101
101
101
101
101
101
101
101
101
101
101
101
101
101
101
101
101
101
101
101
101
101
101
101
101
101
101
101
101
101
101
101
101
101
101
101
105
101
102
101
101
101
101
101
101
101
101
101
101
101
101
101
101
101
101
101
101
101
101
