101
101
101
101
101
101
101
101
101
101
101
101
101
101
101
103
106
101
108
116
113
107
101
101
101
101
101
101
101
107
101
101
101
101
101
101
101
101
101
101
101
101
101
101
101
101
101
101
101
101
101
101
101
101
101
101
101
101
107
101
101
110
101
101
101
101
101
101
101
101
101
101
101
101
101
101
101
104
104
102
112
101
103
101
101
111
101
101
116
101
101
101
106
101
101
101
102
109
101
101
101
101
101
101
101
101
101
101
101
101
101
101
101
101
101
101
101
101
101
101
101
101
101
101
103
105
103
101
101
101
101
101
101
101
101
101
101
101
101
101
103
101
101
101
