26
23
24
48
34
32
32
49
29
23
23
43
46
11
38
11
35
16
26
24
28
33
33
19
36
15
30
46
19
28
24
43
11
52
21
35
11
41
23
13
31
31
15
11
25
39
39
38
26
11
13
13
11
22
36
22
16
14
20
12
14
11
19
18
12
18
44
27
13
11
24
17
34
12
12
21
37
31
23
25
17
11
28
11
11
20
18
14
12
15
27
11
34
35
11
11
15
17
11
14
11
12
26
18
11
39
23
27
11
48
11
24
25
11
26
13
11
11
15
24
11
12
27
12
32
19
11
12
16
11
42
23
11
11
16
42
28
16
16
11
13
20
26
11
18
11
28
11
12
12
13
29
13
12
34
28
13
13
11
11
11
12
34
11
24
12
11
16
11
31
26
29
37
30
11
28
11
33
37
24
14
16
36
24
21
14
11
29
11
44
27
18
25
25
19
30
11
27
20
34
35
20
27
11
25
35
35
34
17
16
37
29
27
29
13
19
29
16
15
11
24
11
24
35
11
24
11
42
41
30
11
28
26
20
23
27
14
30
36
13
40
25
34
11
24
11
36
32
23
19
40
11
25
16
19
35
33
11
29
19
32
50
37
34
11
25
20
44
11
30
11
26
11
25
14
13
11
38
33
43
22
11
32
15
47
16
11
28
36
34
29
24
19
12
23
29
36
24
25
16
27
17
30
25
31
20
17
11
23
39
44
25
36
44
36
11
31
16
22
36
47
23
11
26
11
24
11
24
17
11
31
30
26
13
37
39
66
26
11
32
29
21
11
20
30
43
12
38
34
19
19
11
28
17
18
24
33
37
14
47
13
33
43
16
29
39
36
22
11
32
27
27
37
11
39
45
11
37
17
11
38
39
26
11
36
13
27
11
42
19
15
33
13
42
32
27
22
14
22
30
11
23
68
21
11
27
11
25
11
16
19
20
36
30
14
23
11
28
14
62
11
45
11
27
29
11
37
22
44
43
17
11
43
15
12
47
32
20
16
19
52
19
11
45
38
29
16
26
26
26
26
25
11
11
31
40
39
33
33
30
19
33
36
33
33
39
39
33
39
39
33
33
26
33
36
33
21
18
11
15
19
16
33
33
27
32
39
26
33
33
33
29
33
36
33
33
36
33
43
33
46
43
16
12
13
16
26
26
19
20
22
26
26
26
