26
22
12
14
15
11
16
11
37
22
12
13
22
26
16
11
12
23
20
16
13
13
12
11
11
11
11
11
11
11
18
19
36
43
39
43
39
39
39
39
43
19
16
24
26
11
12
32
31
15
13
11
17
21
11
12
11
14
18
13
15
11
23
39
46
39
34
18
39
33
34
15
33
32
37
29
33
33
33
33
33
33
36
33
16
33
33
27
22
29
33
33
36
36
33
13
29
23
33
36
29
33
31
45
46
33
36
33
33
33
31
22
33
39
34
15
19
11
30
48
17
11
28
11
21
11
30
28
11
30
30
11
23
14
12
13
19
15
11
33
15
37
11
14
19
12
15
17
20
13
14
18
22
26
26
33
22
20
11
31
11
23
11
16
13
24
11
26
12
18
13
29
25
37
11
39
23
17
11
38
21
17
17
20
32
20
36
21
28
18
18
13
19
12
13
11
11
19
12
18
28
11
11
18
17
15
11
11
26
17
13
14
15
23
16
19
11
25
16
33
49
46
46
35
19
16
19
19
29
19
33
11
29
35
13
38
19
48
38
38
38
35
23
26
39
36
16
19
24
42
39
40
15
11
23
15
11
11
14
14
11
32
39
22
43
39
33
48
71
58
14
11
13
12
22
11
11
15
64
72
48
32
33
37
39
46
53
46
46
46
39
39
33
36
36
33
33
33
33
36
36
33
33
27
32
26
50
14
22
21
16
17
11
11
14
13
12
17
24
11
18
40
16
17
57
48
54
33
55
27
13
20
22
14
11
11
18
13
28
28
13
25
11
11
21
21
11
30
25
39
14
18
27
20
19
32
11
22
16
25
28
16
15
18
52
30
11
29
12
11
18
11
14
18
11
24
14
11
14
12
13
14
12
20
47
28
25
48
40
29
17
21
20
22
11
18
14
11
13
18
16
13
16
21
11
11
16
23
36
11
16
12
11
12
36
11
24
28
14
28
11
37
23
11
21
11
11
18
11
17
21
23
26
14
15
25
12
12
12
26
11
11
19
20
22
23
21
11
16
15
12
21
15
25
41
20
19
36
20
11
25
35
23
15
13
11
13
28
11
11
17
26
26
34
18
15
11
34
31
19
17
28
28
17
21
25
32
29
16
23
15
18
17
21
12
12
17
14
12
16
14
20
32
19
11
11
11
11
13
20
28
11
11
12
11
16
13
11
13
17
18
11
16
11
11
15
14
11
11
26
16
11
23
13
11
11
13
35
24
11
11
11
22
25
34
19
13
20
17
15
22
11
11
28
15
11
19
19
15
12
37
21
20
27
16
13
11
46
11
11
12
18
45
39
48
43
34
27
11
11
11
15
46
38
33
30
30
11
26
11
11
33
22
40
39
43
11
13
27
34
37
11
20
31
16
22
12
16
14
23
19
29
37
19
20
22
17
25
29
11
26
16
33
28
37
19
29
23
25
11
22
24
29
20
30
29
27
11
11
23
11
25
11
28
11
13
40
16
20
15
11
11
19
18
11
23
20
13
12
15
11
11
12
11
13
14
17
12
25
11
15
14
27
27
11
13
13
11
11
12
11
11
11
13
11
14
11
11
12
11
11
11
11
12
14
11
11
11
15
11
11
30
29
33
29
29
11
15
11
13
11
26
20
11
15
11
15
11
22
29
24
28
29
29
29
28
30
23
11
15
11
15
11
15
11
15
11
15
11
15
11
15
11
15
11
15
11
15
11
15
11
12
11
15
11
15
11
15
11
15
11
15
11
15
11
15
11
15
11
15
23
11
15
