101
101
101
104
118
109
115
101
103
103
102
104
102
127
101
107
128
106
101
101
120
101
101
101
102
101
113
105
123
109
120
116
107
122
109
110
103
105
101
106
101
144
104
106
103
104
128
126
105
101
106
101
101
105
101
101
101
122
108
117
118
104
123
101
139
139
119
101
101
110
144
115
116
103
123
101
107
101
105
105
103
117
124
104
102
146
101
103
104
106
101
102
101
128
113
101
113
101
127
109
106
112
103
103
101
101
103
101
102
103
103
107
109
113
105
102
107
113
111
101
101
101
119
101
102
101
105
102
101
