11
11
13
16
11
16
11
22
11
12
16
21
31
33
33
33
33
26
26
26
26
29
19
26
11
18
23
26
23
23
19
30
18
24
23
13
16
26
26
26
23
26
26
18
18
13
39
26
29
26
26
24
35
26
33
46
46
33
33
33
33
33
29
33
33
28
37
33
33
27
32
36
23
29
33
30
32
33
33
36
29
33
33
23
36
33
36
24
32
31
32
29
33
43
53
33
33
36
33
33
33
46
26
39
33
17
34
44
23
34
11
36
28
40
43
13
40
19
15
21
13
12
21
15
11
11
13
18
17
32
13
11
14
13
16
11
12
13
15
20
17
14
13
12
11
20
16
14
11
12
17
18
14
11
11
16
11
11
11
13
14
11
11
11
12
11
24
12
12
16
11
13
13
20
13
25
44
29
34
61
20
11
45
25
33
23
33
26
16
27
23
28
23
29
11
20
36
12
18
16
11
20
32
22
11
15
32
23
12
11
11
20
13
20
11
37
31
69
33
15
20
16
12
13
17
17
18
11
11
11
16
13
13
12
14
12
14
11
14
13
11
12
11
14
11
18
11
11
12
11
17
11
14
11
12
16
21
17
16
12
12
15
11
14
11
11
11
11
11
12
16
13
12
17
12
20
24
31
20
11
19
43
57
37
46
16
19
35
26
38
11
22
11
19
11
19
15
11
11
11
11
12
13
19
18
32
16
15
18
11
13
11
13
12
11
15
12
14
15
11
11
11
13
11
17
13
14
11
11
11
14
13
16
13
11
12
11
32
19
25
23
14
17
18
11
11
13
11
11
15
11
19
11
14
11
11
19
11
13
12
15
17
17
12
17
15
16
11
12
11
11
25
26
17
13
11
34
27
41
14
11
13
11
35
21
11
11
13
14
23
16
11
22
15
14
18
11
11
12
17
11
27
46
46
43
36
43
11
38
33
43
30
29
34
28
29
33
11
32
36
33
29
36
33
23
38
31
16
33
33
16
12
37
11
35
11
37
28
29
33
33
29
36
11
28
30
29
36
20
36
27
28
49
24
11
27
26
33
40
19
16
29
11
21
40
47
15
11
28
11
24
18
34
24
39
11
42
24
35
11
11
18
18
32
21
49
11
12
26
26
33
36
11
24
11
26
11
16
24
15
18
11
24
21
15
17
12
23
15
17
17
11
32
14
11
37
16
23
43
39
19
25
14
11
40
34
15
24
18
11
44
12
14
27
13
33
16
11
11
22
11
11
19
11
19
15
29
14
24
16
13
17
15
12
16
11
11
20
11
17
16
12
11
11
30
11
21
15
16
14
29
23
33
26
28
49
11
13
14
17
12
18
19
14
13
15
12
11
11
13
17
