120
112
129
113
101
123
119
106
101
101
101
113
102
104
108
124
120
125
113
101
110
123
101
103
116
103
126
101
101
102
101
105
121
101
106
102
103
120
114
107
114
105
103
105
106
104
105
109
117
115
128
101
103
115
105
111
114
109
101
126
103
109
103
120
103
137
109
101
116
122
101
103
101
110
113
101
105
107
115
124
125
104
125
112
126
101
118
113
109
119
119
113
106
116
116
103
103
119
103
127
105
101
101
101
113
101
101
102
101
101
125
103
101
101
101
106
123
109
102
110
111
101
101
113
101
103
130
108
101
103
115
101
101
101
102
101
110
101
102
101
105
101
101
110
109
101
120
113
106
106
103
106
104
