31
11
26
11
23
11
11
11
11
16
13
25
33
33
33
11
28
26
26
26
26
26
29
26
29
23
26
26
11
28
26
23
23
26
21
18
16
11
25
24
11
21
26
24
12
26
12
11
11
11
11
11
12
11
18
12
12
11
11
18
33
11
27
11
24
16
14
11
11
11
24
13
11
41
11
21
12
19
11
31
17
22
11
14
36
13
43
44
11
15
36
28
29
37
27
11
27
27
14
31
11
39
11
11
28
15
31
25
41
34
47
11
28
19
23
11
45
34
43
19
16
11
20
27
16
29
26
33
33
39
36
33
33
29
26
36
33
33
31
28
36
39
29
23
43
23
29
36
16
29
33
36
33
29
31
15
29
29
26
26
11
27
23
20
36
13
11
11
18
13
16
12
22
13
11
14
15
21
26
19
11
45
22
11
27
28
27
11
17
40
19
44
39
11
11
27
36
11
19
12
11
13
23
28
38
25
14
27
44
13
39
32
34
29
30
34
28
18
11
29
29
39
11
17
11
47
39
29
14
29
29
28
11
11
15
19
23
43
29
18
23
17
11
30
21
35
42
33
16
22
29
41
27
35
42
14
43
11
26
24
43
13
19
19
21
11
11
30
39
12
29
43
18
11
30
17
12
19
15
20
12
17
27
16
11
32
29
23
14
32
22
42
12
11
24
11
11
21
12
25
18
11
37
11
26
13
11
15
11
17
11
12
11
42
37
11
11
11
32
16
11
12
11
11
11
11
11
11
11
11
36
26
16
39
19
19
12
34
23
38
34
19
13
33
32
11
14
19
25
11
27
35
30
26
28
11
37
21
19
15
21
30
15
26
11
11
11
16
11
11
23
11
15
11
40
19
11
26
22
12
11
22
11
45
15
21
14
16
17
11
11
38
13
13
17
24
15
37
35
15
16
14
14
25
11
27
18
18
19
11
41
11
37
30
11
31
33
31
18
33
33
27
32
33
33
13
20
25
26
33
11
28
33
49
26
39
11
22
11
35
39
39
36
33
26
26
26
26
26
26
26
39
46
33
33
33
29
33
30
29
13
38
15
30
12
28
25
11
18
19
11
20
13
32
11
40
24
13
33
29
19
13
36
12
34
23
36
11
13
26
11
15
13
38
34
19
17
32
47
15
32
11
14
20
19
11
25
19
12
33
19
27
32
16
29
12
34
23
11
25
13
19
31
16
28
27
11
38
36
11
11
24
19
12
12
25
29
29
18
24
19
28
34
36
11
11
28
37
18
33
24
28
30
52
33
22
43
16
32
37
30
43
29
19
14
35
20
30
21
31
37
14
43
23
14
16
11
11
16
20
21
18
