122
103
119
119
109
121
118
109
119
106
126
103
101
115
102
103
118
104
101
106
113
102
103
101
101
106
114
120
129
103
119
119
101
101
101
126
101
106
126
106
106
101
119
124
107
103
102
106
101
108
113
129
101
122
103
103
113
105
119
101
116
122
119
126
106
103
116
106
101
113
112
101
101
115
103
119
123
124
121
109
113
106
119
119
101
101
101
113
120
109
101
108
109
106
126
126
101
104
101
101
122
101
123
122
114
110
101
105
101
115
103
102
116
116
101
101
101
103
106
103
101
115
133
102
101
105
101
101
101
111
101
112
101
101
101
102
101
101
107
112
117
107
106
109
106
106
119
103
106
106
103
114
101
