101
106
135
115
103
124
103
101
116
138
101
138
101
101
102
101
103
108
102
101
104
101
104
101
104
113
101
108
107
111
104
101
101
127
102
106
101
102
103
106
101
105
102
118
114
103
101
102
101
101
101
105
101
108
102
104
106
101
103
101
118
101
120
101
110
101
113
102
103
101
103
101
101
105
102
106
113
108
109
107
101
104
101
110
105
101
101
107
112
118
111
105
101
101
123
102
101
101
103
116
114
111
114
102
120
110
101
101
113
125
107
127
101
124
113
102
101
107
111
112
108
128
126
109
101
101
101
103
101
104
104
104
102
108
119
106
101
105
108
107
103
