101
116
101
112
111
116
115
113
101
103
113
126
101
101
107
101
101
114
103
126
129
101
101
115
107
119
107
116
106
101
113
104
110
103
103
101
101
102
103
101
114
113
103
107
119
109
119
119
113
116
101
126
113
101
102
106
109
109
113
113
101
120
126
101
101
118
101
112
103
101
121
104
109
107
111
101
103
104
103
101
103
101
102
102
101
101
101
113
113
110
106
119
116
109
109
101
112
109
126
103
101
120
101
128
101
113
101
101
107
101
125
106
101
101
101
166
140
116
101
105
119
111
118
116
102
110
101
106
115
102
118
101
102
101
101
101
103
101
101
102
103
120
101
117
102
101
101
101
101
101
101
101
101
101
