44
21
45
32
43
56
13
16
26
26
26
39
46
49
33
42
48
24
28
47
11
39
21
28
31
22
11
20
22
41
12
51
35
11
18
24
55
33
17
18
11
28
13
11
25
14
11
32
49
18
16
19
43
32
44
27
27
44
33
43
47
22
26
24
11
31
36
37
14
28
13
17
18
16
11
25
39
19
20
44
39
14
35
39
11
28
30
35
43
36
36
47
12
27
15
29
43
13
32
39
22
11
56
23
15
11
28
35
41
27
28
19
33
14
25
18
18
11
26
25
39
33
39
11
31
36
11
16
16
29
50
16
26
29
19
24
11
13
12
11
16
40
20
11
13
23
11
15
13
13
12
16
16
11
19
11
13
21
11
11
18
14
27
31
21
11
23
14
14
12
14
14
11
34
41
11
13
11
25
14
20
12
11
22
14
21
11
11
11
11
11
11
13
21
19
16
13
13
11
17
17
14
11
17
11
12
11
21
11
21
30
13
23
11
22
13
38
24
30
11
11
13
16
11
18
13
18
23
11
11
13
11
15
21
11
15
13
11
12
11
14
12
16
11
17
12
12
11
15
18
11
13
14
19
13
11
11
20
14
11
20
13
11
18
12
16
11
21
11
20
14
23
11
25
22
15
11
11
17
14
46
21
31
34
11
31
23
33
33
33
36
29
26
36
23
29
33
11
35
33
16
33
16
26
23
24
21
33
20
16
26
33
12
11
36
11
39
39
33
15
31
11
25
16
36
11
11
11
26
14
13
21
11
12
14
12
14
16
12
11
11
14
11
11
17
13
15
13
14
11
11
11
11
14
16
17
23
12
14
12
26
45
51
11
42
14
11
12
13
11
11
30
16
15
20
12
16
11
12
12
17
14
12
12
24
13
13
16
24
15
13
13
11
11
12
11
15
12
11
11
15
13
13
14
24
13
11
11
11
12
20
43
21
11
11
12
11
12
11
13
11
13
15
11
17
18
11
15
24
21
17
11
18
13
11
12
14
11
13
17
19
18
16
22
13
11
14
14
11
17
11
27
16
13
16
11
22
17
11
14
11
35
11
23
37
36
28
15
21
34
11
13
11
26
32
11
27
11
14
34
11
13
13
12
12
11
23
13
11
17
20
12
17
33
12
20
19
16
11
18
13
16
25
12
15
19
11
16
11
12
11
14
31
24
14
20
15
17
33
13
43
11
35
22
18
11
21
26
36
30
23
11
25
28
17
20
33
21
13
24
46
32
25
16
11
31
12
11
29
17
15
23
32
13
13
19
14
31
25
17
22
26
45
18
14
15
17
11
12
13
11
28
12
11
12
19
17
11
29
39
23
19
13
21
11
16
14
24
32
46
23
16
33
11
15
11
14
22
17
27
32
25
17
14
26
16
16
11
16
14
15
25
11
18
11
43
21
21
32
16
15
11
38
41
11
31
30
16
13
19
18
34
23
36
38
21
42
34
29
12
37
11
28
35
39
11
12
39
32
26
11
15
14
11
11
25
19
23
13
26
26
26
26
29
19
26
26
26
26
29
26
