105
101
101
103
101
104
106
101
125
113
139
116
107
123
107
106
105
102
117
135
129
115
107
105
101
122
110
107
116
126
113
103
119
113
103
106
113
119
106
126
119
101
101
109
103
106
106
107
107
101
101
115
133
124
101
101
126
110
123
113
126
129
106
103
103
112
127
129
106
119
139
103
122
120
129
101
110
116
113
104
101
101
101
110
114
116
115
120
102
101
101
101
103
101
106
113
103
110
101
102
104
115
117
107
101
106
111
108
101
101
107
109
110
122
116
116
123
118
108
103
101
103
101
101
114
101
112
101
101
101
101
101
103
101
101
101
109
101
101
104
101
101
104
112
101
101
109
113
106
101
111
