46
29
25
44
19
43
53
26
26
29
21
28
56
36
12
30
47
11
29
34
15
39
35
27
30
26
46
39
34
15
26
36
46
46
59
46
29
33
33
11
33
28
19
26
11
22
18
28
27
11
11
28
11
27
15
36
15
17
30
34
43
24
33
33
20
30
11
28
17
33
11
28
33
11
26
11
39
16
33
34
21
22
16
16
13
36
30
26
23
19
38
34
29
24
36
49
18
13
18
22
20
18
18
20
13
11
26
13
27
12
29
21
11
15
13
14
11
31
11
16
33
11
31
11
25
24
35
15
11
14
41
11
31
30
12
23
11
11
39
23
16
13
28
11
33
11
14
13
23
20
30
11
28
35
44
33
29
33
11
18
37
36
26
43
36
17
11
40
18
23
11
35
36
40
11
36
35
31
49
35
11
23
11
27
12
19
13
25
11
11
50
41
28
28
18
12
31
28
16
27
32
20
29
14
27
21
37
11
39
26
42
11
27
36
32
16
17
18
18
12
24
11
28
36
15
33
15
22
11
20
12
45
20
11
30
26
21
24
16
35
11
14
12
32
29
11
25
35
41
36
27
22
30
25
50
36
37
36
39
43
19
11
19
19
16
38
42
31
41
11
11
27
11
32
46
13
11
22
11
14
15
14
13
22
21
22
49
29
13
11
20
15
16
12
11
19
26
11
11
15
22
20
13
11
15
12
14
11
16
11
15
11
11
12
17
15
15
30
18
14
18
19
20
16
17
17
12
11
16
14
12
11
11
13
19
11
14
11
11
15
12
16
12
23
18
15
15
23
14
13
16
17
26
14
12
11
11
21
12
25
12
28
12
12
20
12
11
15
25
11
13
13
18
14
12
13
14
19
13
16
11
11
15
22
17
21
14
11
21
12
23
11
11
12
11
22
13
11
12
11
11
12
12
27
11
16
11
20
20
16
13
11
19
11
14
13
12
13
28
13
16
17
11
11
20
15
16
26
17
11
42
16
25
18
19
15
17
19
13
12
13
23
30
11
34
11
11
30
17
11
11
11
13
11
21
21
16
11
16
13
14
11
23
13
39
29
23
23
29
16
11
18
11
11
24
12
16
29
11
28
11
27
34
28
11
27
12
19
27
14
28
36
11
30
11
27
12
11
24
27
13
30
19
20
32
21
16
19
20
42
36
13
12
31
17
15
14
11
11
11
22
11
14
27
23
13
26
28
20
32
29
28
14
16
11
15
24
14
11
27
14
22
11
23
11
11
11
12
11
11
17
11
15
13
11
13
14
21
11
11
21
12
31
16
11
30
11
20
14
11
21
11
28
14
11
15
16
14
13
14
13
21
11
15
13
12
19
13
11
38
12
48
11
40
23
13
24
31
13
33
16
13
20
36
20
16
20
27
15
30
19
31
11
41
20
38
39
11
32
11
32
30
41
26
17
22
46
26
36
26
21
34
26
29
19
26
26
14
35
26
36
15
28
36
13
