104
107
101
101
105
101
101
101
103
101
104
102
101
101
101
106
110
102
112
115
109
102
109
103
101
119
102
116
114
107
102
108
101
122
125
114
117
101
108
107
128
113
114
102
112
123
126
106
118
120
105
101
120
101
104
108
124
103
133
116
117
123
104
122
102
112
101
101
101
105
110
106
102
101
115
123
126
129
126
101
101
113
101
122
110
116
111
101
101
113
101
101
126
121
110
101
103
103
101
123
103
110
113
113
101
102
122
101
101
103
103
106
106
106
101
101
101
101
101
101
101
105
103
109
103
101
101
102
101
