14
18
45
18
48
29
32
14
31
34
11
44
15
23
11
23
41
30
12
11
13
31
11
12
30
48
11
30
31
17
12
14
12
15
24
17
11
13
15
19
34
11
26
19
17
28
24
48
23
35
11
25
47
22
15
11
46
19
33
37
11
11
47
31
14
37
11
24
11
20
14
11
12
20
14
11
11
40
14
22
19
23
29
14
21
13
11
11
24
34
33
20
11
16
14
11
11
17
17
13
13
18
17
27
34
16
11
15
16
15
12
11
51
20
11
17
18
14
49
11
11
15
11
21
11
22
13
17
20
22
37
19
15
14
12
19
15
14
51
14
11
20
38
11
18
11
28
12
35
24
16
22
16
13
26
16
13
18
16
12
11
11
23
11
15
33
33
24
16
19
15
12
15
21
11
30
11
12
11
12
11
11
11
11
11
11
16
14
11
11
18
22
11
24
14
13
11
11
11
11
13
11
11
17
11
11
18
19
13
19
21
21
19
24
23
35
11
16
11
15
18
12
26
27
13
11
11
17
24
11
11
11
11
15
32
11
11
14
14
21
11
20
22
12
11
12
19
11
11
19
17
14
16
11
13
11
11
11
11
11
17
14
18
13
26
11
11
19
15
20
24
28
12
19
11
27
11
48
13
15
12
27
12
12
24
11
13
13
17
11
14
15
14
11
18
18
11
21
11
19
11
12
12
13
12
11
11
11
20
11
14
12
11
15
28
12
11
14
19
18
13
20
12
24
14
15
17
11
11
11
11
18
28
25
37
39
16
11
36
36
33
13
16
32
51
36
32
20
33
11
35
26
29
31
32
11
19
37
29
11
25
21
15
14
26
26
39
33
13
33
33
26
20
39
11
16
22
13
32
22
19
29
16
11
11
16
18
11
13
12
12
27
20
13
11
11
16
16
12
11
11
12
19
11
17
13
11
23
13
13
11
12
13
12
11
11
11
11
12
18
11
11
13
11
13
12
15
20
17
11
19
11
11
25
21
14
17
11
21
16
17
12
25
22
13
21
20
14
11
14
11
14
24
11
11
13
13
19
13
11
13
15
11
20
12
13
11
11
12
12
27
11
15
17
12
15
21
14
14
11
12
15
11
11
13
11
11
24
12
14
11
22
11
12
21
11
13
11
21
14
11
17
13
13
12
18
21
24
11
12
11
15
15
17
11
16
11
11
11
20
11
12
11
22
12
23
11
14
24
11
20
29
29
20
17
14
11
11
11
11
25
11
23
23
32
18
11
14
11
24
32
11
21
11
21
22
14
25
39
23
13
11
35
15
11
15
18
21
11
17
11
12
17
21
20
11
11
11
19
11
43
29
23
13
17
30
31
11
41
40
21
21
28
33
14
12
34
18
21
12
28
18
11
13
15
19
11
13
11
13
25
18
14
35
13
11
28
24
11
21
27
22
17
32
14
34
25
23
25
17
14
19
16
26
22
20
36
11
34
27
11
38
29
11
39
14
11
11
38
11
24
23
26
14
11
27
11
23
15
11
27
21
33
18
38
17
25
24
35
39
19
22
13
11
40
11
28
21
31
36
43
44
35
32
24
13
19
21
29
18
32
39
37
19
27
40
39
33
43
32
20
34
36
13
17
11
31
34
11
20
33
11
16
13
13
11
11
11
11
15
13
12
11
11
12
16
16
12
15
15
21
12
20
18
15
11
15
14
13
18
11
12
18
11
12
12
11
15
11
11
11
27
29
24
18
29
29
29
29
29
29
29
11
15
11
15
11
15
26
29
36
29
11
18
11
15
11
15
11
15
19
16
11
27
33
12
18
22
11
14
27
11
25
13
16
19
16
16
22
11
16
11
