124
106
109
123
101
136
105
101
133
136
116
101
102
125
101
113
110
105
104
103
103
103
119
108
105
114
104
101
126
113
103
119
101
103
101
101
113
106
101
126
116
101
110
104
101
104
101
132
107
105
102
130
116
124
108
130
133
110
122
118
120
118
105
129
101
101
113
113
129
113
104
129
133
123
115
101
104
101
102
111
104
107
101
101
117
114
111
101
106
105
106
108
103
104
109
144
121
113
106
101
103
101
101
102
119
103
125
116
101
105
116
104
111
129
122
101
104
105
101
103
108
106
109
103
106
113
113
103
119
101
101
110
109
106
113
101
101
110
118
101
105
109
106
104
118
106
106
106
103
101
103
