24
69
30
23
14
18
17
11
32
43
56
19
13
24
15
23
25
17
27
29
20
29
32
13
40
13
26
29
13
11
27
15
24
45
20
20
18
34
11
38
37
18
37
31
25
19
23
15
37
20
26
22
39
29
17
31
11
43
13
16
29
13
18
18
13
13
39
12
17
26
19
43
43
23
43
29
11
11
24
40
18
18
14
13
34
39
12
43
18
15
15
33
25
35
11
35
27
11
42
33
11
41
21
15
20
15
41
27
26
16
31
25
14
19
43
11
24
13
32
27
26
34
11
24
49
14
27
31
11
27
36
16
17
11
27
35
36
13
13
13
36
30
16
36
16
11
34
47
59
33
19
12
14
11
24
20
11
35
25
11
20
28
37
11
12
34
44
16
25
24
17
36
36
28
18
16
29
11
29
11
15
16
19
36
11
11
31
26
30
12
11
27
28
20
21
11
26
38
11
25
41
31
30
32
11
28
20
34
30
19
35
20
35
37
49
11
11
32
38
43
26
36
37
29
19
20
32
16
33
39
22
13
21
11
26
35
17
35
35
12
22
11
39
13
36
23
36
33
13
24
35
35
11
26
11
19
28
36
13
33
13
15
43
19
33
39
34
39
31
30
28
31
30
13
39
19
11
37
20
28
43
25
11
33
11
34
24
43
11
31
15
11
23
19
19
30
13
36
11
22
31
16
32
11
32
31
16
42
32
14
12
46
70
11
43
11
24
46
38
23
11
25
36
37
40
27
42
34
11
17
20
11
21
23
34
35
35
37
36
43
11
13
16
20
16
20
13
24
18
11
23
11
11
15
11
17
12
11
20
21
16
13
29
12
28
11
31
12
22
11
12
29
11
40
18
12
11
11
11
12
24
29
11
19
19
29
39
20
16
21
11
32
24
11
31
12
14
16
13
23
20
13
15
11
11
11
20
13
19
13
14
15
15
11
11
21
11
20
18
16
16
19
28
24
12
13
13
16
11
12
15
13
23
15
11
41
14
24
28
14
11
11
13
11
11
11
11
11
11
11
13
12
19
13
11
50
36
44
36
17
19
32
11
22
20
15
11
17
22
55
21
27
37
41
11
16
39
20
25
13
14
32
12
30
11
23
32
61
36
15
27
22
16
12
23
17
11
11
11
12
14
11
13
12
12
11
13
11
13
21
11
13
11
18
11
11
11
29
12
11
14
19
31
11
28
18
14
15
11
30
11
11
26
13
14
13
14
11
11
17
11
46
11
36
24
15
21
14
11
39
13
42
25
14
13
15
14
12
17
11
21
11
32
16
36
26
18
11
33
46
28
17
28
11
12
17
33
33
16
16
21
11
27
14
13
32
40
22
14
13
11
13
11
12
11
12
11
11
11
20
21
13
11
16
14
18
11
14
12
11
11
12
12
12
13
11
12
20
18
11
12
11
13
14
13
15
15
20
11
11
34
11
19
12
12
12
17
12
11
12
17
11
