37
13
18
11
11
14
11
14
18
11
21
36
33
33
33
33
26
26
26
26
26
36
21
38
26
26
24
13
25
32
17
26
29
26
29
26
16
11
22
26
21
15
39
39
23
26
26
26
33
19
26
33
46
46
33
16
18
31
33
33
44
32
33
33
33
33
33
33
33
46
36
33
36
33
33
29
31
32
33
29
29
33
36
31
32
33
21
26
32
33
36
11
42
33
28
11
30
33
33
33
19
33
33
28
40
11
27
43
26
23
23
37
12
13
25
17
16
36
23
14
11
11
12
16
14
15
12
11
19
22
16
22
12
17
25
24
11
11
19
13
11
11
14
12
12
17
11
12
13
11
13
12
11
17
17
13
11
12
11
12
12
15
20
11
12
11
11
21
14
15
11
11
13
12
18
20
11
27
15
18
11
16
46
24
11
11
13
13
11
39
30
26
69
16
33
16
24
11
17
39
17
11
11
11
17
11
11
11
27
13
14
11
19
32
53
23
26
46
46
39
39
39
46
33
33
16
27
35
36
33
33
33
13
33
26
33
33
39
39
33
33
27
38
39
29
33
33
36
36
33
33
43
39
39
29
33
31
25
23
23
29
26
33
33
33
28
37
23
31
32
33
33
26
33
33
33
33
30
22
33
27
35
33
32
31
25
23
39
17
18
17
22
13
27
32
11
27
14
12
11
18
12
13
22
17
11
25
37
25
19
11
32
37
35
16
15
11
28
33
15
20
11
24
15
14
16
25
19
16
11
41
22
11
22
11
21
21
11
11
11
19
11
25
14
11
12
18
11
11
14
15
20
12
16
11
13
18
12
11
11
21
11
11
15
16
13
16
37
12
12
11
11
17
18
19
16
13
21
11
11
19
12
11
12
11
17
13
11
11
11
14
12
16
13
13
11
12
15
11
16
11
11
31
33
33
16
33
33
33
13
33
33
26
20
25
26
26
33
11
28
29
23
23
40
34
32
39
39
39
43
16
29
26
26
26
29
26
26
36
11
35
33
33
33
29
33
26
23
11
28
33
36
26
33
33
33
33
26
33
11
32
31
32
23
29
23
29
36
33
33
33
33
33
27
35
33
28
38
11
28
32
47
33
26
39
33
33
33
43
33
33
33
33
33
27
32
33
32
33
11
28
33
30
33
33
29
33
29
33
16
33
31
32
16
33
31
102
29
36
28
45
25
17
47
26
26
21
39
12
35
33
19
19
17
14
11
37
11
28
11
14
15
38
32
33
43
18
22
23
11
26
11
13
31
11
11
31
14
11
15
12
13
12
11
12
20
20
15
14
19
11
25
29
23
38
36
11
11
11
11
16
13
11
25
24
27
11
25
13
22
11
21
27
35
15
12
11
11
14
13
12
11
11
11
15
11
11
26
11
13
16
28
11
13
11
11
11
11
13
11
11
14
22
11
14
12
11
11
11
11
11
11
11
11
11
19
12
13
11
12
11
11
11
11
11
11
11
12
11
11
11
11
13
12
11
15
11
11
11
12
11
12
11
12
12
13
11
18
14
13
11
12
11
14
15
28
11
11
30
14
11
11
18
11
14
11
11
13
11
14
11
15
11
24
11
19
24
11
12
11
11
12
12
11
11
11
11
14
11
12
11
11
11
12
13
11
12
12
11
12
11
12
11
11
11
11
11
13
12
12
14
11
12
11
11
11
11
11
12
11
14
12
11
11
13
11
12
12
11
11
11
11
12
13
11
12
11
12
11
11
11
11
11
11
12
11
11
11
11
12
11
11
11
14
11
