11
12
39
14
13
13
15
14
12
23
33
33
28
25
33
11
18
13
12
11
20
11
20
17
11
19
11
24
17
12
13
12
11
11
26
15
11
20
12
11
19
11
11
12
17
18
20
14
13
11
13
15
11
16
11
11
17
11
22
33
13
20
26
32
17
16
11
32
31
11
31
13
52
11
11
43
22
19
11
41
21
14
27
11
11
47
11
36
36
46
25
25
41
19
11
24
14
11
13
34
14
14
28
36
36
19
36
41
13
43
24
33
41
12
13
49
11
30
16
42
11
11
11
21
11
14
35
11
16
34
34
20
46
19
11
34
11
11
15
19
14
24
13
19
13
28
24
26
33
40
28
43
44
22
14
19
16
35
36
30
43
13
26
20
31
14
25
63
33
24
11
15
22
17
16
13
31
11
11
11
11
13
11
11
14
17
12
11
17
13
36
11
11
14
11
22
18
11
24
11
31
28
25
12
13
19
22
16
28
22
11
30
12
13
19
13
15
18
13
11
13
21
11
12
13
14
12
15
11
14
12
11
12
14
11
14
12
15
14
16
20
26
13
13
11
32
16
11
16
33
29
16
22
11
38
11
26
13
43
26
18
13
11
22
11
13
13
15
16
11
17
12
12
12
12
16
13
14
11
12
12
14
11
27
41
11
12
17
21
14
19
11
11
31
11
16
11
12
16
30
12
14
11
13
13
11
18
11
13
28
25
12
33
26
22
13
24
39
25
35
32
36
11
25
29
29
11
31
29
13
43
22
11
25
39
22
20
34
11
32
11
33
39
11
22
17
32
40
39
11
16
16
26
29
16
16
28
11
11
13
11
11
12
16
11
13
22
14
17
11
11
27
13
12
11
12
12
11
11
15
17
13
16
11
11
18
19
11
11
11
11
16
11
11
11
17
11
11
15
11
17
12
12
11
11
18
11
15
11
12
17
11
15
12
15
12
15
17
14
24
12
24
11
11
15
20
11
21
14
13
17
20
12
13
12
11
13
17
11
13
13
16
11
11
16
11
15
11
14
14
19
11
11
12
11
12
14
11
17
14
12
14
12
18
17
11
17
13
12
14
13
14
13
12
25
15
24
13
11
11
15
21
13
15
14
12
26
16
15
25
16
11
12
11
11
12
11
11
11
19
13
14
11
15
11
16
11
26
17
16
27
13
15
17
24
20
11
12
11
14
16
11
13
35
30
11
11
11
11
17
11
11
15
11
11
20
11
13
14
15
12
11
18
28
13
13
36
18
25
30
11
11
26
26
13
13
11
11
16
11
22
11
12
35
28
17
11
11
11
13
13
13
16
12
21
15
15
23
26
27
11
24
25
38
11
11
21
19
40
19
36
12
23
16
19
30
25
54
28
18
11
25
18
19
32
11
20
16
13
23
14
11
27
34
31
25
17
13
16
20
17
22
38
15
18
20
16
11
25
11
12
17
11
11
11
12
11
25
11
17
16
27
13
15
11
12
14
11
44
11
11
12
11
11
12
11
12
11
11
13
11
19
14
24
11
22
19
11
15
15
11
12
13
11
28
48
16
11
39
11
25
11
31
11
47
25
14
14
11
29
26
15
39
11
35
