18
11
11
14
11
13
12
11
11
21
18
15
11
17
16
11
11
14
11
11
13
12
16
25
25
11
16
11
14
13
12
17
11
14
27
13
11
26
19
19
11
14
21
19
13
26
25
19
26
13
39
46
46
41
44
39
46
43
39
39
29
39
39
33
33
33
33
33
13
36
38
47
30
33
33
36
33
33
20
29
33
29
15
11
25
26
25
12
16
42
13
16
25
31
23
53
25
18
25
11
39
21
36
49
12
25
21
11
28
11
14
21
16
19
11
28
39
31
36
12
18
18
15
15
11
11
12
13
32
17
17
35
38
32
11
13
11
38
11
30
26
33
31
11
25
26
18
30
18
11
25
11
40
11
30
38
11
21
41
19
12
11
24
11
25
29
22
13
22
19
54
11
29
23
21
13
11
17
14
11
12
18
18
27
32
13
24
12
11
34
15
20
41
22
35
13
24
32
16
11
28
17
12
19
19
16
13
11
11
11
14
17
14
11
11
15
11
11
18
11
23
59
11
11
11
11
34
11
13
42
20
25
20
31
12
15
17
34
22
13
19
17
13
11
15
17
15
11
17
12
11
14
11
12
11
18
13
16
15
19
13
12
11
11
13
15
11
11
15
12
11
19
18
11
43
11
14
12
14
18
14
12
16
13
12
14
12
13
11
12
13
17
13
12
32
18
13
11
31
23
32
26
40
29
52
41
61
13
19
20
14
11
11
40
51
48
24
58
33
31
59
47
39
46
46
46
40
13
39
33
36
16
33
33
33
33
36
21
22
33
33
33
11
28
33
44
11
12
11
13
14
11
13
11
11
13
11
13
11
12
14
18
17
26
11
11
29
57
46
47
45
45
11
11
26
14
11
18
15
11
13
25
12
11
11
16
25
24
12
18
11
22
31
33
14
18
31
21
11
12
30
13
38
11
12
32
11
42
14
15
11
12
20
40
11
11
22
27
25
13
17
25
11
11
14
15
15
16
17
31
61
43
19
40
13
29
22
30
11
29
26
14
15
24
19
26
11
27
26
17
11
14
17
20
28
22
46
18
16
29
16
13
37
22
20
53
56
13
11
11
11
16
15
17
11
19
12
26
15
11
11
13
13
15
13
15
11
19
24
28
11
51
26
24
23
36
19
26
60
25
44
28
11
32
11
15
11
45
16
11
14
11
14
21
11
36
61
59
20
38
33
33
36
33
28
11
38
11
33
27
18
33
33
33
28
54
32
43
27
17
25
11
17
11
20
23
17
13
11
14
20
15
11
28
22
11
27
26
12
15
16
47
30
18
16
36
13
16
11
15
11
18
15
20
17
13
12
15
14
11
11
13
21
24
13
48
40
33
43
13
11
19
15
21
15
16
11
11
23
45
11
16
14
12
11
15
11
11
23
16
18
40
11
11
11
18
11
13
11
14
14
13
12
12
11
17
11
12
17
17
15
11
16
11
11
26
19
11
22
26
24
20
11
13
12
11
16
11
15
14
11
11
11
11
11
13
11
11
11
11
11
11
11
11
11
11
11
11
11
11
11
12
11
11
11
11
11
11
11
11
11
11
12
11
11
26
14
11
18
12
11
11
11
11
11
11
11
11
11
12
11
11
11
14
