11
11
11
12
24
14
12
12
16
12
11
11
12
11
22
12
12
11
11
11
11
19
16
11
12
12
14
11
11
18
11
11
11
12
17
15
17
19
13
53
40
26
40
26
11
11
13
11
11
14
12
11
11
11
11
30
15
11
14
12
12
16
18
11
25
11
13
16
11
12
11
11
16
20
12
11
11
11
12
20
20
32
36
19
12
17
13
13
11
19
14
16
19
16
11
28
13
12
11
12
11
18
13
12
20
20
14
11
11
25
12
20
20
17
15
14
12
12
55
11
29
31
11
30
21
21
12
14
16
39
13
20
16
25
30
16
13
19
17
12
17
29
22
13
11
23
14
11
11
24
11
34
18
14
11
25
15
14
11
19
13
12
13
42
11
22
12
18
21
19
21
15
17
11
36
25
12
37
13
36
26
11
11
11
11
23
15
20
11
21
12
35
11
11
17
15
11
18
37
11
11
11
24
14
16
16
12
11
13
11
11
34
26
26
28
34
23
14
12
19
22
16
16
11
17
14
19
14
16
13
23
11
13
17
12
11
12
11
16
12
16
12
17
11
30
34
26
33
13
35
36
17
17
16
20
14
11
12
13
11
11
14
13
11
28
17
13
17
14
12
13
13
24
11
21
11
13
13
14
18
11
13
22
11
22
11
35
22
24
22
20
16
40
11
26
11
11
14
20
13
19
13
20
36
17
15
12
14
13
12
11
11
11
11
11
23
13
14
12
14
15
11
11
13
13
13
13
13
11
11
11
25
16
11
12
11
13
11
11
15
11
14
16
13
13
12
16
11
12
12
11
19
13
19
11
24
11
22
26
36
33
29
33
26
16
30
15
27
56
36
23
33
33
29
30
19
11
29
36
16
11
37
23
33
26
29
14
16
32
29
23
33
26
11
39
33
46
17
26
33
29
24
12
26
11
12
11
15
11
11
14
11
12
11
31
12
11
13
11
22
18
25
20
14
12
14
11
11
19
32
16
14
12
15
38
16
11
40
34
11
22
11
12
11
11
11
20
11
11
13
11
15
13
11
18
13
12
26
15
12
16
14
11
11
11
11
12
11
11
11
14
17
17
12
17
11
19
20
15
16
17
13
29
12
28
21
15
38
32
12
18
16
26
38
11
19
16
11
22
21
18
32
28
11
20
34
11
23
15
11
29
19
35
20
11
26
28
11
42
11
19
11
13
15
33
11
35
21
39
23
29
16
21
36
39
19
42
14
37
11
23
19
15
14
16
11
14
28
26
31
26
15
26
41
11
11
11
24
29
19
14
28
31
11
17
49
33
36
11
21
11
37
36
26
34
35
37
35
40
18
14
32
29
14
38
22
16
17
11
11
37
23
28
33
12
35
11
13
23
13
12
18
21
35
23
26
35
22
11
25
17
39
31
11
17
13
37
37
27
28
41
15
17
11
25
12
43
13
16
26
23
14
31
30
30
19
16
11
39
12
11
16
24
34
22
15
31
43
13
29
27
42
11
34
35
44
26
28
46
33
30
39
39
40
13
20
26
16
33
40
35
13
19
20
36
30
36
18
15
12
11
29
15
17
12
16
11
16
12
20
26
11
12
18
29
11
18
11
20
12
11
11
12
18
13
11
18
11
17
13
14
11
13
13
11
11
12
27
11
33
29
17
11
12
16
13
11
18
15
18
14
11
11
12
11
12
17
11
16
14
15
12
13
11
14
11
11
11
11
11
11
13
12
11
11
11
13
11
14
14
11
12
11
18
17
11
11
11
12
14
11
15
14
13
12
16
11
16
11
14
11
11
19
19
11
12
17
23
29
11
12
11
15
23
11
15
11
15
30
39
11
18
11
15
11
15
11
15
11
11
21
11
15
11
45
11
19
13
11
12
11
11
13
11
14
11
17
11
11
18
11
11
24
11
26
11
15
11
11
11
11
16
11
18
25
11
11
21
11
16
11
11
11
11
11
11
11
11
11
11
22
11
12
23
19
11
16
19
11
15
19
39
23
29
29
33
11
16
22
23
11
15
26
11
15
11
15
11
22
11
15
11
15
11
15
11
15
11
11
11
11
11
19
11
11
11
