108
101
109
101
111
113
123
119
104
102
101
114
129
103
104
101
119
119
101
120
133
109
126
116
103
102
102
103
101
119
101
101
103
101
112
101
104
111
101
115
108
105
105
101
105
106
101
108
101
119
101
101
101
101
101
106
120
101
101
102
112
101
101
119
103
112
103
105
104
131
110
102
119
101
109
106
101
132
106
101
101
101
115
139
135
101
106
107
108
109
101
101
103
103
118
101
114
102
127
111
125
106
128
123
114
118
103
113
101
101
129
118
105
101
102
101
108
113
101
101
109
108
101
108
101
102
102
110
106
113
126
119
118
101
110
119
101
101
101
102
101
101
103
101
108
101
105
101
101
111
101
113
105
104
