125
116
101
121
124
101
106
105
123
124
121
109
133
108
101
106
101
114
101
102
101
121
106
121
101
101
101
117
111
109
101
119
109
113
129
123
103
119
104
101
116
108
108
116
103
113
111
101
116
101
102
112
109
101
123
107
102
126
119
127
101
104
107
118
113
102
105
114
123
101
128
136
101
111
104
105
105
117
102
103
101
121
102
104
108
119
103
110
107
101
105
101
104
120
103
103
114
117
103
143
128
113
103
128
101
101
106
101
112
104
107
101
115
127
103
101
101
110
101
103
101
101
101
101
104
101
104
122
102
