42
16
24
15
23
26
21
36
12
24
11
13
28
23
13
12
33
23
33
15
31
19
11
32
31
32
31
31
29
36
31
11
41
53
39
43
36
43
39
36
39
46
39
46
37
23
17
11
11
18
20
30
11
21
30
32
33
48
19
44
38
55
21
20
16
12
11
14
34
42
26
63
17
40
48
28
45
57
31
48
14
55
26
39
16
31
39
18
37
11
17
14
12
11
13
11
11
17
11
13
11
11
21
12
14
12
11
11
13
19
12
18
14
12
11
21
15
19
15
14
13
12
20
17
13
13
18
36
23
12
11
12
11
22
11
24
12
11
12
15
11
19
14
23
17
17
28
38
29
34
23
28
36
17
19
13
38
19
25
12
39
19
11
15
11
42
29
22
44
16
23
11
11
25
11
17
41
19
33
24
18
35
12
37
36
12
38
29
33
19
19
12
34
29
17
29
13
36
13
38
18
11
28
29
39
24
34
21
11
20
39
18
13
33
32
28
30
43
29
13
37
11
48
35
21
28
36
11
35
13
45
11
35
32
47
36
11
20
11
18
29
26
11
23
37
15
23
16
16
19
11
31
32
13
17
19
23
12
17
13
15
24
26
21
36
11
20
16
13
15
35
12
11
11
11
22
11
13
15
16
34
18
23
26
19
11
41
11
11
33
11
39
16
11
37
15
11
11
11
13
12
11
13
11
27
20
12
11
28
39
15
16
18
14
13
33
26
31
14
34
43
24
28
19
38
25
12
43
11
12
27
11
33
24
33
16
11
24
12
33
36
16
29
25
25
20
37
20
19
11
11
22
17
11
31
31
16
12
27
15
11
23
19
14
27
12
17
15
14
11
26
11
38
22
11
34
28
15
12
22
15
11
14
25
41
18
11
11
44
23
19
11
44
12
16
24
14
38
49
11
30
25
27
11
32
28
12
16
18
14
14
49
59
26
23
11
24
34
32
20
29
29
17
11
23
11
17
11
11
12
13
17
11
16
19
13
17
14
17
17
17
16
11
13
14
17
14
15
33
39
12
11
24
11
19
14
19
11
11
23
23
16
11
12
11
18
18
40
34
36
24
55
54
35
14
12
67
14
11
13
21
27
32
28
11
11
12
11
27
27
38
44
20
27
49
65
18
48
33
33
36
33
26
26
26
33
33
39
33
33
33
29
26
33
27
40
26
16
26
18
11
11
11
18
19
16
14
11
13
11
11
14
12
14
16
11
11
12
16
11
18
12
12
11
12
11
23
13
17
12
12
11
26
12
18
12
15
22
11
19
11
19
11
17
13
22
15
20
29
45
32
73
28
13
15
16
12
12
14
12
11
11
13
29
33
11
12
11
13
15
11
12
11
21
15
14
19
19
11
15
11
11
11
12
13
11
11
19
16
11
11
11
16
15
11
12
15
13
11
21
11
14
11
45
26
11
25
20
11
11
23
26
36
29
26
33
33
33
33
33
