101
118
106
106
113
101
106
113
101
105
101
140
105
118
101
110
101
105
101
102
123
103
101
122
103
101
101
108
116
115
103
101
106
102
102
104
113
106
116
107
121
146
105
111
101
101
105
101
103
101
108
101
101
107
107
101
101
127
135
112
101
132
144
133
139
116
101
125
109
130
103
101
130
101
101
101
105
108
106
106
112
106
112
109
109
107
111
109
109
107
109
101
109
106
101
101
101
103
111
120
106
101
119
114
102
102
105
101
117
101
125
112
101
112
104
101
101
103
133
106
116
101
104
109
101
111
113
101
112
117
106
113
106
103
106
119
