101
103
123
105
107
120
120
111
101
108
105
123
105
114
101
102
109
106
129
113
101
101
108
119
125
118
102
113
121
101
106
101
105
108
102
101
101
103
109
113
114
110
110
102
108
115
102
123
101
103
101
102
101
119
104
105
115
130
133
125
101
129
119
127
140
102
104
102
101
103
106
105
101
118
101
129
105
102
103
104
101
103
101
103
102
102
104
101
105
101
101
105
103
105
144
105
103
101
101
101
106
120
107
127
115
101
103
119
101
101
102
114
105
101
110
105
101
116
110
101
106
101
127
105
112
101
104
102
114
101
124
106
106
116
120
101
105
104
106
101
102
102
104
125
113
103
101
115
119
101
104
104
104
104
101
