21
23
19
26
23
23
19
30
13
19
23
13
23
27
35
30
42
26
29
27
15
13
11
11
13
12
15
37
11
21
13
11
21
16
15
15
11
12
11
11
13
11
11
11
15
19
12
30
24
15
14
17
14
13
19
12
20
22
11
14
14
12
11
19
16
15
14
11
11
11
11
11
11
11
21
12
24
13
11
13
19
11
20
17
49
13
16
26
29
11
23
11
18
23
36
46
47
43
45
11
18
13
33
28
15
15
40
32
51
48
47
40
30
11
25
45
43
46
11
23
36
40
23
29
11
11
17
11
22
16
11
14
11
16
19
11
11
11
12
11
11
11
11
11
14
13
12
12
11
17
15
11
25
29
12
17
29
11
17
20
15
23
16
46
11
18
26
19
13
19
33
11
32
31
32
26
33
18
28
36
21
21
35
39
43
21
39
16
16
19
19
46
25
47
19
24
14
14
13
30
15
27
19
26
11
11
12
11
37
16
13
32
11
12
11
12
22
24
16
11
11
11
13
11
20
11
24
13
13
11
12
11
13
13
22
16
21
12
20
16
11
13
19
35
27
46
46
39
39
39
41
31
33
29
31
12
33
23
33
33
33
33
33
33
27
38
39
33
33
33
39
39
33
16
33
33
36
36
33
39
11
32
39
33
36
33
26
32
20
23
29
26
33
33
33
11
28
29
33
23
33
33
29
23
33
33
33
11
28
39
33
26
36
33
21
15
25
11
28
32
18
55
43
38
29
29
11
22
18
15
11
30
31
19
18
18
22
32
37
15
20
11
22
17
19
38
18
16
11
25
19
33
15
14
13
45
14
20
38
17
15
13
11
11
15
16
16
11
11
15
11
17
11
14
14
11
14
27
11
12
19
11
18
11
14
11
11
11
12
11
13
17
14
11
11
11
12
16
11
17
11
11
20
21
19
14
11
19
12
11
18
13
23
13
17
12
18
13
17
17
11
11
16
15
11
14
11
11
14
21
23
33
29
33
33
33
33
33
33
29
26
26
23
33
33
33
19
29
33
39
46
39
39
39
43
23
26
26
26
26
26
26
29
46
33
33
33
13
29
33
36
11
28
33
33
22
54
33
33
35
27
16
29
33
33
29
36
11
22
29
11
32
33
33
27
26
32
33
36
26
33
26
27
32
29
36
33
33
27
32
33
33
36
26
33
33
33
33
33
33
11
28
33
33
26
33
33
33
16
33
29
33
33
43
36
33
24
29
32
33
56
59
19
11
49
60
38
11
13
38
24
19
28
11
35
11
11
21
18
36
11
33
24
19
12
19
11
25
20
29
11
21
21
11
11
14
11
30
15
27
30
21
20
16
11
25
11
25
23
20
36
11
11
19
33
29
35
34
11
20
13
13
11
14
17
34
30
14
39
16
26
12
37
28
15
15
26
36
33
39
28
11
28
11
30
21
16
11
11
11
13
12
19
16
18
14
15
14
15
19
15
11
11
11
12
13
11
11
11
11
11
11
11
11
11
11
11
11
11
11
11
11
11
