36
22
34
28
11
38
45
36
13
29
33
23
33
11
42
45
37
37
39
22
42
28
27
26
32
15
24
15
13
22
50
11
11
13
11
29
40
26
42
16
18
15
19
18
15
11
35
45
37
46
36
47
24
48
14
18
34
33
22
18
30
30
14
43
13
11
12
37
32
41
19
15
17
11
23
42
11
12
36
19
20
14
32
45
16
54
11
11
34
17
13
42
28
32
11
38
30
17
25
11
12
29
36
33
33
33
36
33
33
33
36
38
31
26
33
33
36
33
29
53
39
23
11
16
35
23
33
36
33
29
33
39
25
14
26
26
36
23
36
16
11
19
13
20
13
16
11
11
20
11
11
11
24
22
26
16
33
18
18
14
11
27
12
12
11
47
17
22
22
21
24
11
17
22
11
11
18
29
18
16
32
13
28
14
11
25
22
11
11
17
11
18
11
11
11
11
16
11
20
32
31
11
30
24
45
46
39
39
39
38
14
31
44
14
31
38
31
15
18
12
22
18
11
46
29
11
38
47
44
37
11
28
11
33
11
31
25
13
13
45
27
41
14
13
38
34
29
35
11
33
30
39
36
36
26
39
36
31
25
45
14
11
35
27
35
29
36
11
36
43
12
11
29
11
42
23
33
54
12
13
43
11
24
13
27
46
46
49
25
20
11
18
14
19
14
17
23
13
46
28
35
21
15
23
11
13
16
17
11
12
11
12
11
11
11
17
11
11
13
11
11
11
11
11
18
15
12
11
12
26
16
33
36
33
33
33
46
46
44
38
36
29
43
36
33
33
33
33
33
23
29
39
33
33
23
36
33
33
13
33
11
28
29
27
25
33
32
44
33
33
33
33
26
33
13
37
19
39
31
17
21
11
24
29
19
26
43
16
33
11
32
33
36
33
33
43
43
39
34
11
37
36
39
39
49
36
39
11
35
33
11
32
29
43
26
26
29
15
17
33
43
39
13
33
33
33
11
38
36
33
33
39
39
33
39
39
33
33
27
32
30
32
33
