119
104
123
103
129
119
118
131
133
129
129
106
129
121
101
103
103
143
101
101
104
123
126
104
101
116
106
126
109
129
101
106
113
101
101
103
101
113
101
103
106
107
104
127
101
125
113
113
123
126
113
101
123
101
106
114
115
101
101
115
101
104
109
101
101
101
101
103
106
116
103
101
119
101
107
113
123
111
101
105
101
103
102
101
113
106
108
101
105
101
101
104
101
101
101
101
101
108
106
101
112
112
101
103
108
101
120
102
110
105
130
106
121
112
109
103
128
114
101
101
107
108
107
101
106
101
107
121
109
103
101
101
118
101
102
104
102
105
107
102
101
101
104
111
101
101
101
105
101
102
102
102
101
101
