115
106
123
101
101
102
103
101
104
101
104
101
102
116
101
103
121
137
105
104
101
109
124
119
101
102
101
101
115
103
101
110
107
110
108
118
112
139
117
101
104
101
102
102
101
117
121
119
106
106
123
101
105
101
112
119
109
116
129
101
101
101
101
101
106
101
112
117
101
105
108
106
109
125
103
101
111
101
102
104
107
109
101
101
101
101
101
101
104
101
122
126
106
106
129
101
101
105
109
101
101
101
103
119
101
126
126
103
126
101
101
125
113
113
119
149
141
101
119
101
112
101
122
101
101
102
118
104
101
101
118
109
110
101
102
104
101
