101
107
101
102
101
104
107
101
103
122
102
102
121
108
108
101
108
101
118
116
111
101
104
101
101
108
116
109
102
114
104
101
102
105
120
113
103
103
101
104
127
103
102
110
112
103
128
106
101
123
101
101
101
101
102
106
113
101
101
106
101
101
101
106
119
113
130
107
103
113
115
103
129
103
112
106
101
101
110
113
116
106
101
101
109
116
103
109
105
101
104
114
101
111
109
105
102
118
118
101
109
109
102
104
106
125
107
125
118
104
119
126
107
105
104
112
123
101
108
119
109
109
123
101
106
101
101
108
105
107
114
101
103
101
102
101
103
101
101
103
123
109
126
102
101
101
116
101
103
101
110
101
101
113
101
