29
35
26
27
23
25
37
40
14
23
11
34
31
48
33
18
27
22
21
13
14
14
47
26
42
46
13
11
11
14
11
16
11
12
11
12
11
14
16
36
45
11
13
37
33
15
24
26
11
12
32
13
14
44
32
14
33
37
29
31
11
29
11
11
15
29
14
11
19
11
11
16
13
18
12
11
15
16
16
16
11
19
29
21
18
32
11
19
29
11
24
45
16
18
16
11
11
16
14
19
15
19
12
32
15
23
45
11
17
11
12
13
36
22
16
22
11
11
18
28
15
11
11
13
11
32
33
39
12
12
11
18
27
11
11
14
11
11
18
16
13
36
14
12
21
30
26
40
14
17
24
31
13
20
14
11
11
11
34
16
11
11
11
11
15
13
11
17
30
22
11
22
32
11
11
18
16
20
13
12
11
11
17
11
11
11
12
12
11
11
11
11
11
11
11
21
14
17
28
23
21
16
11
13
11
19
13
11
11
15
18
12
22
12
11
19
11
19
13
13
16
11
17
25
11
31
11
15
14
25
22
19
11
24
11
30
12
14
13
12
13
11
11
24
22
21
14
11
11
11
22
11
16
11
12
11
11
11
11
14
14
11
11
11
17
14
11
13
16
39
18
14
11
15
11
15
16
14
19
26
23
20
20
13
22
22
20
17
13
14
27
13
14
11
17
14
15
23
11
17
16
14
21
23
11
15
11
13
12
17
11
14
15
18
14
12
20
15
13
12
11
11
26
18
11
11
11
13
11
18
26
19
16
14
11
14
16
16
11
11
20
19
30
33
25
20
23
19
33
23
13
19
23
32
46
24
25
27
34
28
11
32
36
29
33
23
36
42
38
38
29
23
11
27
19
38
11
35
24
11
11
30
31
11
15
14
35
22
27
11
11
11
11
27
11
12
13
11
20
17
14
22
12
15
20
11
15
13
14
15
23
12
21
11
11
12
11
11
12
11
11
11
13
11
16
11
14
14
11
13
22
17
11
18
11
17
13
11
18
11
16
12
11
16
11
27
12
23
30
17
24
13
11
14
16
11
15
11
11
20
15
17
11
12
12
11
14
12
11
15
12
11
11
18
14
11
12
11
15
11
13
13
13
16
13
15
11
12
21
17
11
14
12
16
11
14
15
11
13
24
23
11
11
12
15
15
11
11
16
15
21
12
12
11
12
18
14
11
19
11
28
14
16
14
14
11
11
16
13
11
17
11
19
18
20
17
19
13
22
37
16
38
31
17
16
11
17
14
30
17
11
28
38
11
11
22
14
12
27
32
19
49
43
43
39
39
43
36
39
39
36
39
36
39
36
33
33
36
26
33
33
39
34
32
36
33
29
26
20
36
24
28
33
33
33
33
11
28
33
36
33
29
34
21
33
33
26
33
33
39
33
33
33
36
33
33
33
33
26
33
33
33
27
32
33
33
33
29
33
31
32
33
29
31
32
33
36
36
33
24
55
45
47
29
17
15
11
11
11
11
11
15
13
11
18
22
11
13
22
23
23
29
18
11
15
18
27
23
35
20
26
31
17
11
27
11
11
35
11
16
17
22
17
15
14
21
18
11
11
16
11
19
21
17
20
12
11
11
16
11
14
12
22
12
24
39
16
23
20
34
11
25
11
21
18
18
19
11
37
23
15
14
11
11
13
13
13
11
27
16
11
22
12
21
11
24
11
