114
133
123
106
101
105
113
103
139
133
119
113
101
108
106
109
123
109
111
105
101
116
106
114
105
103
101
126
105
133
101
111
105
116
129
105
118
115
101
106
117
116
114
104
101
114
102
108
125
111
113
101
131
116
101
124
106
101
124
101
103
133
116
108
104
117
107
107
101
102
101
104
111
109
116
113
103
101
101
101
114
101
101
106
101
101
101
105
117
101
101
105
101
101
101
116
116
101
101
110
102
101
124
115
101
101
101
121
115
106
123
123
101
101
110
169
109
111
111
108
107
101
101
120
104
106
101
