108
129
119
106
101
112
110
102
117
114
101
107
102
101
101
101
101
103
103
101
107
104
109
101
101
107
101
101
101
106
102
102
104
101
116
109
118
113
130
116
104
104
113
101
101
109
101
114
101
126
102
114
108
115
127
103
106
117
126
101
113
116
138
118
113
110
122
103
116
128
101
116
108
124
107
119
115
137
123
108
101
101
130
123
106
103
104
141
124
147
101
124
116
101
112
101
115
101
101
101
116
110
102
103
116
139
117
112
124
123
101
137
105
104
135
101
101
109
101
101
103
101
115
101
101
104
106
101
101
101
109
123
109
101
108
101
112
101
102
106
109
106
113
103
111
101
102
113
109
101
105
109
