11
14
14
11
11
11
17
19
16
15
11
15
17
15
11
16
11
25
17
12
11
26
21
11
15
17
23
12
13
15
12
11
13
31
24
11
11
22
12
16
11
13
17
15
15
17
18
20
13
23
26
29
39
46
46
46
39
46
46
16
39
38
31
33
39
33
33
33
33
27
36
38
39
36
36
33
26
15
34
33
36
33
33
26
13
21
14
30
59
18
53
28
30
20
21
26
28
33
16
18
36
16
13
26
33
15
11
45
37
11
32
30
19
28
19
14
11
45
27
17
24
11
11
28
19
13
11
15
11
17
39
13
17
31
11
13
17
11
26
43
37
26
29
12
51
33
46
23
16
23
19
32
20
11
11
11
11
21
11
12
31
11
28
42
32
35
12
33
18
11
24
11
31
33
32
30
20
15
11
31
47
22
37
33
16
22
11
22
50
19
16
22
32
14
16
19
24
11
33
27
12
20
19
16
14
11
32
11
39
17
35
30
35
28
26
41
23
11
29
26
19
43
49
20
19
37
36
15
13
13
29
11
32
28
16
14
16
22
11
29
11
18
16
13
27
51
47
26
24
28
50
38
24
19
11
12
12
30
29
15
20
17
11
42
36
26
38
23
38
29
33
36
36
11
34
24
29
11
23
35
26
25
26
53
28
11
24
29
26
39
32
11
11
34
12
11
25
14
17
16
13
44
33
35
46
25
27
34
19
11
18
16
11
15
31
11
13
11
11
20
16
15
16
11
17
11
16
18
21
17
39
36
43
13
13
53
20
12
11
12
27
13
16
43
23
33
33
33
33
46
46
43
39
39
43
39
36
33
33
33
11
28
36
29
26
27
25
33
27
32
33
26
33
33
33
21
20
35
33
30
26
33
36
11
20
31
29
17
45
29
11
19
42
29
35
16
32
16
33
11
43
32
36
33
33
36
33
36
36
39
39
43
39
43
39
39
29
36
39
39
33
11
32
31
25
19
26
26
26
36
16
33
43
35
24
33
33
27
11
24
36
33
33
39
39
33
39
39
32
34
33
19
33
36
33
19
23
19
13
33
33
33
33
33
33
33
33
33
33
16
27
15
26
33
33
36
33
23
33
31
23
36
35
26
11
19
20
14
39
33
34
18
37
37
29
13
44
32
36
16
39
29
33
32
41
42
29
23
29
48
35
22
29
38
19
34
11
33
27
33
17
11
24
11
26
29
28
25
22
34
11
26
34
18
11
26
30
14
35
19
11
35
26
11
22
13
26
11
18
27
33
13
26
15
11
29
29
19
19
19
11
15
27
22
29
13
16
26
19
11
18
11
19
18
11
11
11
15
14
14
19
11
26
20
28
16
12
30
28
25
19
30
13
14
27
14
11
11
11
12
11
11
21
11
23
14
