34
38
24
11
49
26
53
33
11
32
11
31
53
23
30
29
13
16
14
24
26
16
36
11
15
32
13
25
13
18
17
11
11
11
11
16
20
17
11
14
36
24
56
23
46
17
26
35
30
16
18
17
33
49
31
12
24
29
11
11
17
21
11
24
14
11
34
35
13
11
14
16
21
11
20
13
12
40
14
15
29
22
24
12
34
11
23
16
20
11
20
12
23
22
11
25
11
12
29
14
15
19
20
16
22
27
12
18
15
11
12
11
15
20
11
19
14
20
15
11
34
14
11
16
12
37
13
11
18
11
16
13
20
12
18
22
34
11
11
11
32
19
34
36
27
16
39
17
42
32
13
18
11
11
14
23
23
11
15
12
15
16
22
20
35
15
14
22
16
11
12
11
13
13
20
20
11
18
12
16
33
24
48
24
17
17
15
29
35
36
29
25
18
40
11
20
11
43
45
16
17
19
19
43
11
28
27
23
13
11
19
16
14
21
30
24
24
11
39
25
31
16
16
11
22
34
28
16
11
16
42
19
30
13
28
36
21
11
18
14
21
28
29
11
34
18
35
21
38
30
39
35
17
14
11
23
16
39
11
15
30
35
11
27
35
43
36
36
17
30
29
13
36
39
17
16
29
11
11
34
25
14
11
35
13
38
29
31
23
37
33
45
21
22
11
19
39
19
11
41
19
11
38
16
29
30
37
24
46
34
11
26
45
11
25
26
30
19
11
27
11
13
23
24
11
38
25
47
13
34
28
16
11
20
26
28
39
13
23
13
16
26
35
11
26
26
36
25
14
29
46
33
26
31
16
35
11
25
17
35
35
11
26
34
13
19
12
27
11
35
33
16
39
26
14
11
25
11
32
42
40
13
22
47
21
11
28
32
15
24
19
16
35
25
33
37
28
19
37
31
47
43
11
35
33
33
43
29
11
15
14
46
11
26
35
11
36
18
50
19
53
13
39
27
43
18
23
13
16
16
58
14
30
16
13
24
11
20
25
11
26
31
18
13
11
34
11
27
11
11
11
27
13
19
12
36
11
34
11
14
46
11
30
12
33
11
16
11
11
31
40
39
17
24
15
21
32
18
20
37
11
17
14
21
25
11
24
36
17
29
24
17
21
18
33
28
22
36
17
32
17
16
16
19
20
12
29
28
14
11
31
54
30
24
15
11
35
37
24
11
38
13
36
43
31
14
38
28
42
38
11
11
40
29
19
11
27
48
25
33
46
12
43
47
25
49
16
43
19
21
35
23
11
22
39
16
13
11
23
25
19
36
11
25
28
35
29
27
31
11
25
13
15
24
43
11
15
16
13
16
27
28
24
35
26
29
15
35
11
22
13
14
11
11
19
22
34
11
27
34
33
11
27
34
11
22
22
40
33
33
33
33
26
26
26
26
33
33
13
29
16
11
12
13
11
11
47
19
39
20
29
36
11
18
11
22
11
15
11
15
25
14
16
39
11
15
11
15
11
22
11
22
24
28
19
11
15
11
15
11
15
11
15
11
15
23
11
15
11
15
11
15
11
15
11
15
11
15
11
18
11
15
11
15
11
15
11
15
11
15
11
15
11
15
11
22
26
11
15
11
15
11
15
11
15
11
12
29
29
22
11
17
11
14
11
25
11
15
11
16
18
29
11
15
11
15
11
18
11
15
11
18
11
15
11
18
11
15
11
15
11
15
11
15
16
11
15
11
15
11
18
11
15
11
15
11
15
11
28
11
12
20
12
13
