44
19
11
14
12
12
13
16
11
21
33
33
33
39
26
26
26
26
26
29
26
29
16
27
26
29
53
13
15
26
23
33
29
26
18
24
26
26
11
22
56
26
16
26
26
26
19
14
18
26
33
46
46
29
29
20
33
33
31
25
11
28
33
11
42
33
33
33
33
33
27
15
33
29
33
33
33
36
36
33
29
31
32
34
29
36
33
36
29
33
29
46
46
33
36
33
33
33
29
23
33
11
15
36
15
27
16
17
16
11
18
30
29
18
11
27
18
11
11
13
11
30
19
11
20
15
11
13
12
13
14
20
13
11
12
14
11
16
18
12
14
15
14
12
14
11
24
12
11
11
11
11
22
13
12
11
18
15
11
13
11
11
11
19
12
11
36
14
25
11
12
11
12
19
16
20
21
11
14
24
43
11
30
11
16
11
26
12
11
13
39
11
33
29
29
34
52
25
67
11
30
43
11
26
23
11
20
15
24
14
11
20
15
48
11
13
18
12
25
11
11
18
11
45
31
34
36
30
15
11
13
12
13
11
11
11
11
16
11
17
22
13
11
15
13
11
18
22
13
19
15
11
12
11
17
12
20
11
19
16
25
15
12
14
12
16
11
11
11
11
29
23
20
11
26
16
26
11
26
11
12
14
11
16
13
16
16
11
13
36
11
26
25
11
60
46
16
15
12
20
27
11
17
11
18
36
12
34
48
26
33
33
50
46
39
46
46
46
46
53
32
29
29
33
33
33
33
28
34
16
26
33
33
33
27
34
34
19
18
17
11
11
13
12
11
13
13
18
22
16
23
19
19
53
40
54
54
50
29
12
11
11
13
13
11
12
19
12
17
14
15
12
14
18
13
12
11
11
25
11
15
14
20
11
13
16
12
11
11
13
11
21
12
12
11
11
19
15
11
13
11
16
12
11
25
13
11
11
13
11
12
11
11
25
11
12
12
21
11
11
12
11
18
12
12
14
12
21
15
11
47
59
47
18
19
25
34
15
25
14
18
13
16
13
11
15
13
16
11
12
14
11
11
11
37
11
32
11
20
11
20
11
11
26
15
47
11
26
20
11
46
13
13
11
26
16
11
12
33
11
14
11
12
18
17
11
11
14
16
19
11
13
19
23
11
11
16
11
50
49
13
13
11
28
44
29
47
21
22
28
40
15
12
11
14
17
32
35
11
47
35
33
13
31
23
16
30
18
24
22
11
22
18
11
16
14
14
11
12
11
16
20
18
13
14
18
23
11
17
11
11
22
14
22
11
14
20
11
12
11
11
17
19
11
12
15
18
11
22
15
32
32
11
27
25
15
22
15
11
13
11
24
16
11
11
13
25
21
15
32
17
16
14
16
11
13
11
34
15
15
16
11
24
13
11
18
12
24
13
11
16
30
11
11
11
14
14
16
19
43
65
34
22
25
23
14
29
19
36
13
11
11
11
11
11
23
11
13
12
19
11
35
13
12
12
24
11
35
11
32
11
29
31
14
11
23
18
17
26
12
39
11
14
14
13
13
11
13
11
11
17
11
11
20
11
28
11
11
13
11
11
22
33
39
33
33
33
26
26
26
33
33
39
21
28
23
29
27
28
26
23
29
29
29
30
11
22
