11
11
11
18
11
23
16
42
40
26
29
29
26
25
34
36
28
11
30
33
33
29
39
36
33
11
32
29
11
32
43
39
19
39
39
11
32
43
43
36
39
42
37
29
32
13
33
33
29
31
11
29
40
21
39
16
23
14
29
11
37
24
39
25
14
54
54
44
44
20
20
15
32
11
11
17
16
16
46
57
29
46
23
34
13
46
11
12
39
18
11
21
21
15
25
17
11
11
16
11
19
36
11
17
13
21
15
18
13
11
22
17
12
35
34
17
25
26
11
20
11
32
11
11
34
16
33
33
33
11
15
26
33
46
33
39
33
23
33
39
11
35
33
29
13
29
33
36
33
33
27
26
26
32
27
32
33
33
29
19
23
28
31
26
33
33
33
46
26
33
33
33
31
32
33
29
33
23
33
29
24
12
11
22
11
29
41
27
24
40
14
30
32
35
11
11
24
24
22
30
16
14
24
16
36
36
13
11
12
17
11
11
43
19
29
25
33
18
48
27
13
49
43
13
11
35
15
51
18
11
40
36
39
39
11
33
23
49
36
39
38
22
42
16
39
11
38
23
19
40
39
32
37
30
35
31
35
33
33
11
32
29
39
26
26
16
11
36
28
36
13
53
23
26
49
39
29
33
11
25
37
34
22
28
29
39
36
35
27
11
35
16
39
26
29
20
11
12
20
15
16
43
28
14
33
33
33
11
42
46
46
23
39
39
43
39
16
33
33
27
32
30
32
24
38
33
33
29
16
33
33
39
33
33
33
28
34
33
36
33
24
33
28
33
33
11
23
19
35
18
11
22
13
39
11
42
26
23
29
14
29
33
36
33
33
11
31
54
11
42
39
39
43
39
23
39
39
49
36
34
38
26
36
33
23
39
26
26
31
41
33
43
33
33
33
33
43
29
33
33
33
39
39
33
39
39
34
31
26
33
36
33
16
31
11
31
33
33
33
11
28
39
33
33
33
33
36
29
26
33
33
36
33
49
29
14
14
11
11
11
11
11
11
16
11
11
20
11
12
11
11
14
12
14
11
13
11
16
13
12
11
14
18
11
15
15
11
11
11
11
12
16
11
11
11
13
11
14
20
16
11
35
33
36
30
11
12
12
18
16
16
11
11
11
12
11
11
12
11
11
13
11
19
11
12
11
11
11
11
13
22
11
14
14
11
28
16
19
26
26
26
26
26
36
26
26
11
22
21
11
17
20
18
31
16
33
29
29
29
29
11
12
29
23
16
11
11
16
11
12
11
11
11
11
25
29
29
