47
19
14
20
31
13
11
11
20
14
14
11
17
11
11
17
12
17
11
11
27
14
11
11
35
11
11
13
17
11
20
12
21
11
16
15
20
13
17
11
13
11
12
14
11
15
11
11
14
11
11
11
12
14
11
11
15
12
11
12
11
14
63
59
26
29
29
17
46
38
31
22
14
20
15
13
31
49
19
18
34
21
52
41
40
37
19
21
35
31
13
39
29
29
11
17
28
31
25
46
35
14
19
15
24
36
34
36
16
26
27
35
32
34
25
14
33
33
11
47
11
39
43
11
35
44
27
17
49
34
29
36
26
33
33
36
33
33
26
19
43
23
29
19
39
11
32
36
33
29
33
26
29
11
25
26
36
23
30
18
15
17
12
11
14
12
11
34
15
11
11
13
13
11
11
13
11
12
11
12
11
11
11
12
11
16
15
29
14
22
24
34
25
32
11
21
46
27
11
13
11
12
33
11
11
11
27
11
11
14
13
11
11
11
13
24
11
12
11
24
14
17
11
11
22
26
14
48
11
22
11
45
46
39
39
39
46
13
33
33
29
36
26
32
13
33
33
33
32
34
33
11
35
39
33
33
33
39
39
29
33
33
36
36
33
33
46
23
39
33
23
33
30
25
23
36
29
33
33
33
33
13
31
32
29
33
33
27
25
33
33
33
33
11
28
33
30
18
41
29
35
36
11
22
11
23
21
28
24
35
15
21
16
12
12
28
36
11
35
25
33
11
29
36
23
32
28
14
18
36
26
11
29
33
30
12
23
11
30
31
18
11
32
11
29
31
19
26
11
14
19
14
27
18
16
14
11
12
19
11
11
11
17
13
28
14
18
11
11
23
16
17
20
15
19
20
15
15
11
16
20
13
11
21
14
16
25
14
13
11
11
11
11
25
12
23
19
11
44
30
19
20
20
16
20
11
18
12
16
20
12
14
15
16
17
16
15
12
20
11
31
19
26
26
29
26
33
33
23
23
36
39
14
32
39
39
39
39
23
26
26
26
26
26
26
33
46
33
33
27
32
36
30
29
11
32
33
33
16
26
33
33
26
12
23
36
36
33
29
31
12
29
36
29
16
33
33
33
11
28
33
33
43
33
29
49
33
16
16
26
33
39
19
33
33
33
36
33
33
33
33
27
26
11
27
33
31
14
33
33
33
33
36
33
29
33
31
25
36
33
29
11
25
33
33
83
33
29
29
36
33
13
25
38
45
12
20
18
39
47
