34
29
12
47
25
30
23
26
26
16
11
18
36
30
25
29
37
31
31
33
23
33
36
22
43
27
42
35
30
39
29
44
11
38
39
49
39
46
33
23
26
33
33
31
31
28
11
28
11
34
18
11
27
37
49
11
46
36
45
19
23
16
12
39
12
34
36
27
11
21
17
19
13
16
11
32
34
34
33
34
25
11
40
16
39
23
12
26
13
16
16
33
22
25
38
13
13
11
14
13
24
17
12
12
21
33
28
11
16
19
23
20
23
19
12
22
19
11
18
11
16
11
11
11
32
33
33
33
30
29
33
33
46
33
39
29
33
26
36
23
33
29
33
29
28
34
39
33
33
33
11
28
33
33
11
28
33
14
32
13
33
27
32
33
33
33
11
28
26
33
33
33
28
54
29
33
36
33
29
26
21
38
47
19
11
32
13
38
31
15
11
26
33
17
19
21
34
14
11
30
33
12
11
45
27
11
36
11
21
42
22
14
26
49
24
13
11
45
36
11
41
40
43
32
47
30
46
49
23
35
11
17
32
36
39
39
23
27
42
14
35
26
33
25
17
39
39
26
13
29
20
27
50
33
36
19
17
46
34
38
33
33
29
16
36
46
46
49
43
25
34
11
29
36
46
11
32
33
36
16
36
39
36
29
37
46
19
20
32
30
35
25
23
44
33
13
31
54
29
30
33
29
39
36
38
12
11
16
12
13
14
13
11
16
11
11
12
13
14
11
16
14
14
11
13
11
14
18
15
16
11
11
18
11
14
14
13
12
12
11
11
16
19
19
14
19
11
11
11
11
12
11
11
11
22
12
15
12
17
24
29
23
30
26
18
38
11
29
41
11
11
35
34
22
39
17
24
11
19
14
24
11
14
14
21
22
16
13
11
14
11
11
13
13
11
15
14
13
11
11
15
25
16
12
11
17
47
11
19
11
17
11
13
23
13
11
11
14
14
28
11
11
12
11
11
14
13
31
23
12
32
11
41
60
37
84
51
15
46
11
13
28
15
13
11
23
17
11
22
18
11
18
14
15
16
16
19
18
20
25
33
11
29
11
33
11
11
17
14
26
26
11
35
33
19
37
16
31
11
17
26
11
34
11
17
50
15
23
13
11
11
11
31
17
12
11
22
20
17
20
11
20
11
14
14
13
22
22
15
21
35
31
39
19
14
16
17
28
11
18
19
11
11
46
20
39
12
46
29
33
26
22
11
38
23
26
14
28
17
38
19
11
35
29
14
11
13
33
36
21
11
11
11
11
15
11
45
35
26
26
26
26
29
26
26
26
26
15
41
19
13
13
23
13
13
29
29
29
29
23
29
29
11
12
29
29
43
29
29
29
29
29
29
33
11
15
11
15
11
18
19
29
16
29
26
11
15
11
15
11
15
11
13
11
11
35
16
11
32
15
11
19
11
11
11
23
16
11
29
11
22
11
22
29
23
21
16
11
14
11
24
11
18
16
11
12
11
11
19
14
12
11
12
21
11
11
24
11
24
12
11
16
11
11
17
11
11
19
11
15
11
18
11
15
11
15
11
15
11
15
11
18
23
11
15
11
15
11
15
11
15
11
13
11
17
29
29
29
11
15
11
15
11
15
11
15
11
15
11
15
11
15
11
15
11
15
11
15
11
15
11
15
11
15
11
15
11
13
11
14
11
15
11
22
11
15
11
15
11
15
11
15
11
15
23
11
