111
132
109
136
124
101
101
102
105
144
109
107
103
120
105
118
115
116
103
124
123
106
116
103
118
129
115
101
110
103
116
110
123
102
116
108
109
106
106
101
102
102
106
103
120
121
105
106
107
105
101
101
102
102
114
113
101
101
129
133
101
101
109
101
119
101
101
110
103
112
135
104
104
106
105
103
105
102
110
103
118
105
103
103
102
113
109
101
104
102
107
102
105
107
101
120
103
103
122
101
104
117
109
125
104
101
101
116
105
117
101
114
101
101
101
116
114
102
101
101
114
101
105
101
120
103
109
