119
126
114
101
113
116
101
112
101
115
110
125
101
103
101
106
101
103
104
104
105
101
107
104
132
102
126
104
101
115
102
105
110
101
103
101
101
104
103
101
104
105
109
102
101
107
101
103
101
117
111
104
101
102
103
101
101
126
126
112
101
106
101
101
107
117
124
107
102
106
111
101
101
106
101
101
106
107
104
102
104
106
101
101
101
104
103
102
101
110
104
113
103
109
112
123
119
116
113
103
133
103
109
123
101
103
101
126
106
103
101
125
126
101
125
126
106
125
110
113
116
120
105
105
106
108
107
113
117
101
127
102
101
