33
21
26
13
24
52
49
49
12
29
45
26
49
56
24
39
36
33
23
35
34
35
19
11
27
46
27
22
40
16
27
46
33
35
21
18
11
16
11
16
27
11
22
17
12
15
31
46
44
31
14
14
15
21
11
34
17
30
21
29
50
16
30
39
22
24
15
30
22
18
15
34
12
15
11
34
13
26
32
35
33
16
18
18
13
14
17
33
18
11
11
35
12
26
21
25
38
14
11
11
33
18
16
11
22
16
14
22
23
17
41
15
11
53
24
39
24
12
40
21
11
14
11
22
24
11
25
18
30
14
11
17
11
46
22
12
32
31
26
13
48
23
20
43
36
11
32
15
13
11
14
13
18
31
19
29
15
36
26
11
39
35
28
26
20
11
15
21
11
22
29
39
21
19
11
15
11
25
25
16
22
14
16
13
15
15
11
60
26
26
29
29
13
12
23
15
41
15
11
32
19
12
12
11
11
17
19
16
24
12
30
33
36
18
35
15
22
11
38
27
15
26
57
52
14
12
18
15
14
13
16
11
19
11
11
13
16
12
13
16
14
18
11
12
18
17
15
11
15
14
11
16
11
13
19
13
11
11
13
11
12
15
15
11
19
19
11
13
21
12
26
11
16
17
12
12
20
12
12
15
15
14
14
12
40
32
16
28
11
39
25
44
23
63
26
15
23
27
11
11
43
37
30
30
45
48
15
11
11
20
11
11
13
21
11
11
11
11
11
11
19
12
11
12
11
19
11
11
11
11
11
11
11
11
35
11
11
17
28
22
16
14
17
14
11
11
18
13
12
11
11
11
15
11
11
11
12
16
12
11
12
12
13
11
11
13
40
11
23
16
11
30
17
11
24
15
12
26
20
11
19
78
45
50
39
40
38
11
13
11
16
16
11
12
13
13
16
15
14
11
18
12
11
12
11
11
11
16
11
11
18
14
13
16
13
18
14
17
14
15
13
13
17
18
21
12
13
13
11
15
17
17
13
12
11
14
11
12
16
14
12
16
13
14
13
14
11
15
20
11
18
12
13
13
11
17
29
11
29
30
11
12
17
11
39
13
14
16
16
37
20
30
12
28
29
20
31
20
25
11
11
17
16
11
12
18
15
22
20
16
16
22
14
11
12
18
14
18
16
13
15
16
13
13
11
19
47
26
11
17
13
11
13
12
11
20
14
15
13
16
13
15
15
11
11
12
13
14
11
14
33
30
16
35
44
39
38
27
13
11
11
11
11
11
11
11
16
11
11
11
22
11
31
16
18
11
63
49
65
61
73
26
33
33
36
33
26
26
26
19
33
33
39
33
33
33
36
26
33
13
11
54
17
13
11
12
11
23
15
11
18
11
11
12
19
16
12
12
19
29
16
13
12
11
11
13
13
11
12
16
11
12
12
19
13
20
11
14
11
12
11
25
13
11
14
11
11
17
14
16
11
11
14
14
16
29
31
47
41
44
30
15
13
19
12
11
12
15
11
11
13
11
47
24
11
16
12
16
15
11
13
20
15
13
25
23
12
11
14
11
13
11
15
12
12
11
14
14
12
27
11
16
16
13
15
15
15
11
21
19
29
29
26
11
18
11
15
11
22
16
33
26
33
26
33
33
33
26
26
26
33
33
39
23
13
29
33
29
16
26
26
26
29
29
29
33
11
11
11
11
11
22
31
11
16
22
11
12
11
15
11
15
11
22
29
33
11
18
11
15
11
15
11
15
16
11
15
11
15
19
26
13
11
19
13
16
13
11
22
11
14
11
17
11
12
11
11
11
11
19
11
12
11
12
12
11
14
11
13
11
13
16
12
27
20
11
11
11
11
11
11
11
11
11
11
11
11
11
11
21
11
18
11
11
11
11
11
11
15
11
27
14
11
21
11
24
11
24
12
19
11
29
11
12
12
18
18
11
11
15
11
19
14
12
12
18
12
13
11
17
11
11
11
14
28
11
19
16
11
