11
13
11
34
18
11
11
17
11
16
12
11
11
16
13
11
11
13
18
17
12
12
11
12
17
23
20
11
11
11
11
23
25
11
13
12
16
17
13
12
21
31
11
21
24
11
22
13
12
11
21
16
25
15
11
13
12
11
11
16
21
12
13
11
11
11
11
15
12
11
15
14
24
11
12
13
11
30
11
20
11
26
26
36
11
19
11
11
24
11
19
19
50
14
16
40
23
23
11
36
16
22
44
33
27
20
20
23
35
51
17
22
24
30
19
11
19
30
14
11
23
32
30
23
36
35
19
34
35
11
19
33
12
24
15
16
11
19
11
44
11
17
38
21
34
30
15
11
11
41
19
34
11
11
11
11
23
11
34
23
13
20
12
37
35
12
30
14
11
11
11
36
35
11
11
15
19
17
16
32
17
19
28
19
31
22
11
42
22
34
11
26
19
36
41
39
23
43
11
28
34
11
30
32
30
12
36
27
29
24
11
27
35
31
20
11
25
24
24
11
29
49
36
21
31
13
26
41
27
17
18
11
19
36
37
16
29
23
25
30
24
24
33
23
15
23
17
26
34
29
11
34
11
34
28
12
36
27
12
11
24
11
31
11
21
11
34
23
29
26
39
17
16
11
40
31
11
16
21
11
33
42
14
16
39
11
42
29
40
33
20
29
43
39
36
39
39
42
19
16
37
39
39
43
26
38
24
21
31
52
38
11
38
19
18
14
12
32
20
46
19
17
11
30
20
13
34
12
23
11
15
39
16
31
13
11
15
32
24
11
12
13
12
16
11
22
20
14
20
19
11
18
13
24
11
22
11
14
11
12
11
11
11
13
11
11
11
11
11
11
11
31
11
11
12
42
33
23
33
33
33
46
46
46
43
39
14
35
39
36
33
33
33
11
28
29
33
26
43
11
28
29
11
32
33
27
18
26
33
29
32
14
33
32
30
33
33
16
33
23
33
19
35
23
17
33
15
11
37
32
29
11
25
39
43
36
29
34
33
29
34
33
43
43
39
39
43
38
31
39
38
17
36
39
39
33
36
33
37
38
26
26
36
37
11
32
39
11
35
33
33
29
13
33
11
32
33
33
39
39
33
39
39
33
33
33
33
11
32
26
11
11
26
39
33
33
33
33
11
28
33
33
33
33
36
36
33
33
29
33
43
33
39
33
11
29
15
12
24
11
19
14
11
11
11
18
11
11
15
11
13
17
11
12
13
16
16
13
14
14
12
17
11
11
11
11
11
11
12
18
13
11
11
11
11
11
11
11
11
11
13
11
11
11
20
11
14
12
12
18
14
11
18
11
11
18
11
11
17
17
11
15
29
32
11
29
26
26
29
26
26
23
19
33
16
26
26
26
13
23
29
23
11
12
31
24
28
12
11
35
17
28
15
12
