11
30
38
29
36
14
31
22
36
30
23
33
17
18
11
28
27
11
15
18
11
37
36
21
36
15
46
36
36
19
25
45
39
46
46
46
39
46
43
39
39
49
39
39
33
33
33
33
26
36
39
40
41
32
32
34
16
33
28
41
33
29
40
26
26
19
19
51
11
37
18
19
22
35
36
27
23
23
24
27
11
28
17
32
11
30
11
36
32
11
34
47
11
17
20
16
11
14
16
11
11
14
14
12
13
11
12
11
19
29
34
21
19
17
14
15
13
11
15
15
20
33
39
42
27
17
35
22
17
36
29
33
33
29
27
32
20
26
26
22
31
16
15
11
21
11
11
11
13
14
11
15
11
15
24
24
11
16
11
11
11
12
14
11
14
12
12
11
12
14
11
27
11
25
15
27
11
33
21
12
34
24
21
11
15
11
30
20
11
11
27
11
11
11
23
11
11
15
12
14
12
21
18
15
11
12
23
12
12
11
18
28
15
17
43
13
39
46
46
39
39
39
39
33
32
44
36
29
27
32
33
27
32
33
33
33
39
39
33
33
33
11
35
39
43
33
26
36
11
32
34
38
43
39
31
32
33
23
26
23
45
27
11
36
11
17
15
20
14
11
46
11
32
22
22
16
17
21
11
24
11
11
31
15
25
31
31
21
12
11
11
11
11
12
11
15
23
11
34
11
18
19
23
29
23
11
11
11
11
11
11
11
11
11
23
26
21
34
19
17
34
14
19
19
12
37
30
36
12
21
22
11
24
11
14
19
11
17
37
28
28
19
42
24
18
11
13
14
17
26
16
15
11
20
18
18
16
11
16
22
28
42
14
38
27
20
16
16
17
23
17
24
11
39
22
11
30
49
17
11
29
11
16
17
16
11
14
26
49
31
13
19
21
20
39
31
12
11
43
11
34
37
30
31
43
31
11
11
11
27
14
11
11
13
24
12
16
11
15
16
16
13
16
14
11
11
11
11
13
19
20
13
13
11
11
18
11
11
13
11
13
17
11
22
19
26
26
26
26
19
26
26
16
11
11
11
13
11
11
17
11
11
27
11
12
32
11
11
11
34
11
21
37
11
20
18
38
28
28
38
23
23
21
37
11
20
28
19
29
29
23
29
19
14
35
12
30
36
38
25
39
12
18
28
18
38
11
28
18
34
23
38
38
33
24
28
11
17
38
35
11
15
14
35
11
22
38
19
28
19
44
13
28
43
13
28
44
19
19
13
33
24
30
25
11
18
11
11
11
23
13
19
34
29
12
19
24
19
19
19
29
11
48
38
51
20
42
43
25
27
38
22
42
11
12
26
11
13
35
33
13
11
11
14
25
11
36
11
38
11
27
11
17
26
11
28
26
11
11
11
26
20
11
11
11
11
22
29
11
16
12
11
17
18
26
28
11
25
11
11
34
24
26
21
11
25
23
13
23
11
22
11
12
28
34
24
29
19
23
13
11
11
27
29
30
29
27
23
26
19
19
18
11
33
18
15
15
13
19
11
18
13
11
23
19
24
11
18
12
11
13
14
17
13
16
11
22
14
22
18
23
13
11
19
11
27
19
13
11
15
11
15
18
11
12
14
11
16
11
20
17
30
19
11
19
11
14
15
13
11
11
11
18
11
11
11
17
13
11
11
12
25
11
13
14
18
11
13
11
11
12
11
12
11
12
11
11
11
11
12
11
11
13
11
11
11
14
11
12
11
11
13
11
11
11
11
11
13
11
11
11
11
11
11
11
12
11
11
11
12
11
11
11
11
11
11
11
11
13
11
11
13
13
13
11
11
11
13
13
11
11
12
13
11
11
14
11
12
11
12
