101
105
113
116
109
101
103
101
119
119
126
107
101
101
101
138
101
132
106
131
108
107
102
103
102
101
115
112
102
103
109
101
101
106
116
101
101
101
101
123
101
101
114
109
101
101
103
124
125
117
111
106
112
116
112
127
104
102
102
116
101
124
106
101
101
111
112
106
101
120
101
106
101
101
104
107
105
107
102
105
108
126
110
101
109
102
126
109
102
103
108
106
102
106
101
102
108
112
133
132
122
108
109
109
120
103
113
106
101
116
110
108
102
101
109
102
104
101
127
106
102
128
101
101
101
101
101
101
120
126
101
