34
19
11
37
35
32
37
29
36
42
15
12
27
26
11
16
21
12
11
23
14
23
35
44
19
11
35
29
37
53
33
39
33
46
46
19
39
46
46
43
39
36
39
39
33
43
39
36
46
36
32
11
29
48
14
58
16
17
18
19
15
24
32
11
39
16
19
11
43
13
46
11
11
30
32
11
41
12
31
47
46
32
24
12
11
13
22
15
19
22
27
11
33
11
26
14
39
15
16
19
16
21
13
11
11
27
12
44
14
11
29
11
22
11
16
19
27
11
14
16
17
11
30
29
34
33
33
33
11
28
33
39
39
39
31
32
31
15
34
32
33
24
30
32
36
26
11
28
33
33
11
28
33
33
11
28
33
31
28
33
33
33
33
33
33
33
33
39
33
33
27
35
26
31
25
29
33
31
32
29
22
14
13
28
33
33
18
16
20
19
25
23
17
18
11
16
13
26
36
25
31
11
22
14
23
16
32
21
12
30
11
11
25
30
23
32
11
34
22
46
22
47
13
11
52
29
39
50
26
39
45
20
48
11
36
23
36
39
39
46
46
39
36
11
25
39
36
50
35
34
33
36
49
33
28
47
36
35
27
11
38
26
27
29
50
46
46
13
56
29
25
34
26
40
33
46
33
23
32
43
11
32
43
36
14
38
23
30
33
13
29
33
43
33
39
13
33
33
36
31
27
39
39
39
26
28
28
33
29
33
29
11
37
31
33
11
35
29
33
36
33
28
11
23
23
36
16
36
29
29
36
16
31
35
36
18
31
13
31
35
26
39
29
33
29
33
30
18
11
35
42
35
43
33
16
26
21
23
40
16
20
37
11
26
17
54
36
13
37
14
15
34
26
26
38
27
33
11
42
17
11
21
14
11
11
11
17
28
17
15
20
12
33
13
31
11
34
31
46
37
14
16
11
26
12
33
28
40
45
14
21
39
26
44
21
11
28
20
19
21
32
11
36
12
39
14
22
13
22
15
22
14
13
11
13
28
16
24
13
11
12
11
21
13
14
26
11
15
16
11
21
22
21
11
24
22
23
33
26
26
38
11
19
11
11
11
17
11
14
11
13
11
15
13
23
13
11
15
15
15
11
11
11
11
11
11
16
11
11
12
11
11
11
11
15
16
15
14
13
36
29
33
33
13
11
26
25
26
13
29
33
14
21
13
11
11
24
36
11
28
26
26
29
26
26
36
19
19
22
11
23
26
24
38
11
17
20
19
14
11
17
23
11
24
11
12
29
17
12
11
12
11
11
11
14
11
11
15
12
24
11
18
17
11
11
11
17
21
29
29
17
25
11
22
11
15
11
15
23
29
27
11
11
11
11
17
28
29
29
29
36
17
12
11
28
13
11
14
28
37
28
11
22
11
15
11
22
11
15
29
23
26
11
19
23
11
15
11
15
11
15
11
12
11
15
11
15
11
15
11
15
11
15
11
15
11
15
11
18
11
15
11
15
11
15
11
15
11
15
11
15
11
22
11
16
11
14
11
15
11
15
11
15
11
15
29
29
29
13
29
11
15
11
11
14
11
14
11
33
23
29
29
23
29
29
24
11
11
11
11
11
11
11
17
15
15
11
19
16
11
14
15
14
11
19
11
11
17
17
16
15
11
16
22
11
16
