11
12
13
11
19
13
11
11
32
11
11
11
21
11
15
11
12
11
14
18
13
11
11
17
18
19
11
16
21
11
14
15
15
14
24
39
11
11
13
11
14
15
11
11
23
21
16
12
11
11
11
14
17
14
11
15
14
12
13
20
14
14
11
11
11
11
16
11
11
16
19
14
11
12
21
15
15
15
11
26
12
27
29
11
21
19
23
11
24
11
38
17
11
27
11
34
41
53
12
50
11
24
41
41
24
19
12
35
12
11
42
23
13
11
12
11
33
12
11
11
46
38
15
38
29
11
11
15
12
20
42
18
11
19
11
20
13
11
11
11
29
23
17
11
38
15
39
20
17
12
16
11
43
11
22
11
30
29
18
23
39
41
32
46
29
14
20
37
11
37
11
40
18
46
17
43
11
27
11
12
11
19
18
24
11
23
32
15
31
16
12
30
11
32
22
13
11
20
12
15
13
11
11
11
28
24
11
37
21
15
11
33
19
15
13
23
41
12
13
34
11
41
12
49
16
21
51
23
32
33
14
31
26
29
18
16
24
13
13
13
21
23
16
17
12
19
15
14
13
53
11
35
28
13
44
39
24
24
21
35
11
11
11
11
11
11
13
11
11
22
13
11
12
17
12
14
11
11
13
11
11
20
11
11
13
11
15
11
14
13
11
11
18
11
15
20
16
14
20
11
14
11
14
14
17
12
11
17
14
13
11
13
12
12
11
11
15
16
13
11
23
20
14
39
36
26
45
47
30
39
58
27
32
23
20
11
25
22
53
40
30
29
33
33
24
46
46
46
46
46
46
46
39
33
33
33
33
33
33
33
11
26
49
33
33
33
26
50
25
12
20
17
39
14
35
22
17
26
11
42
50
41
47
33
58
37
15
29
13
23
12
19
21
20
15
11
19
11
27
19
14
13
11
11
36
11
14
20
12
36
11
16
42
16
16
16
31
27
42
14
28
15
35
30
11
30
31
11
20
14
11
16
12
14
12
12
14
11
16
15
13
82
18
42
20
19
29
15
39
20
11
36
17
25
14
11
13
13
27
11
20
11
22
13
16
24
11
11
15
13
13
11
11
36
28
30
42
15
21
17
17
56
53
13
18
26
14
11
17
17
21
13
19
13
16
20
14
11
20
16
16
20
11
17
16
12
13
13
11
11
27
43
21
49
38
26
25
37
16
13
15
15
24
24
18
20
34
38
17
17
14
26
11
28
41
18
45
35
39
25
11
11
11
11
15
13
26
12
15
13
46
12
12
13
11
14
18
19
23
13
25
13
12
11
11
11
15
11
20
17
16
11
19
42
11
19
14
47
20
24
16
21
39
18
13
20
32
11
15
15
14
15
14
11
12
11
13
15
11
13
11
11
13
17
11
16
14
11
17
11
19
23
15
25
12
13
11
23
13
18
11
18
18
16
15
11
16
11
12
11
11
11
11
11
11
24
51
11
21
11
41
44
11
11
12
14
49
14
17
24
13
21
11
11
33
21
14
24
32
11
11
11
35
38
32
30
14
19
18
20
11
12
12
17
13
