101
108
106
136
126
129
119
121
125
106
109
106
101
103
107
125
110
122
110
101
110
106
116
139
112
101
104
101
112
101
110
101
121
113
119
106
120
101
130
124
117
108
143
101
116
101
108
107
103
114
101
111
109
102
110
114
101
129
119
124
115
139
103
130
106
107
101
108
113
104
101
102
105
101
106
101
101
102
106
103
101
111
108
101
102
113
103
126
101
102
126
106
105
123
101
102
116
119
109
119
103
109
112
105
121
103
104
101
102
111
103
103
124
113
101
101
111
104
122
115
113
111
111
103
107
