35
25
11
14
11
14
23
19
18
18
11
11
11
14
27
14
11
11
33
11
12
11
16
15
11
16
11
12
11
12
11
29
29
44
39
36
40
39
39
40
39
31
12
11
14
13
11
13
11
12
11
11
17
11
34
15
11
21
20
36
29
46
46
26
27
29
21
11
11
11
34
19
26
26
20
11
22
15
11
18
48
28
27
19
15
19
26
28
44
33
26
36
23
43
28
27
29
26
26
24
42
49
19
27
20
12
19
26
26
11
17
37
49
27
39
16
22
47
27
32
26
32
30
33
38
22
12
15
11
12
11
24
11
11
32
17
12
32
11
19
18
18
24
17
11
13
11
13
13
14
13
35
21
23
15
17
15
11
11
16
17
11
15
11
14
13
18
11
14
11
11
12
12
13
17
11
19
41
14
11
17
24
26
19
11
16
20
16
15
11
13
16
11
39
21
25
20
13
50
16
12
21
33
11
11
11
47
44
33
33
29
15
17
26
20
19
11
12
12
18
15
11
27
14
14
16
13
11
11
11
23
11
58
11
19
11
19
25
12
15
13
11
27
56
34
61
19
15
13
12
11
13
17
12
11
11
11
14
21
11
13
11
22
12
18
11
14
16
12
12
13
13
11
11
15
11
11
11
14
11
11
11
21
12
13
11
12
11
11
15
12
13
15
11
18
12
13
11
11
15
12
11
11
16
28
26
11
13
12
62
64
70
11
19
14
45
34
11
34
31
11
13
16
26
37
48
28
50
39
12
15
46
53
46
46
46
46
55
15
28
14
35
11
16
13
12
11
11
21
13
11
13
14
13
11
14
13
16
11
13
12
11
15
14
12
20
13
15
23
23
29
11
12
28
23
15
21
12
14
11
13
11
45
14
11
11
34
54
41
46
53
34
13
11
11
11
11
11
13
18
11
11
14
11
12
11
17
11
13
11
12
17
23
13
11
11
15
11
18
14
14
13
14
11
16
15
17
11
12
15
14
20
12
11
16
12
14
11
11
11
11
11
11
11
11
17
13
16
11
16
13
14
11
18
11
11
16
17
11
19
22
15
12
31
11
13
11
27
13
16
11
21
11
12
13
15
11
24
15
55
11
27
28
33
29
37
11
18
24
12
16
13
20
13
12
11
17
23
11
11
17
11
22
11
15
11
16
13
11
14
17
11
17
18
53
18
14
18
11
11
16
13
11
12
13
18
11
18
20
13
13
11
11
14
13
27
24
12
17
19
31
65
58
53
18
16
25
21
11
25
14
24
20
17
30
20
26
24
56
40
33
42
50
45
26
33
33
36
33
33
26
26
33
33
33
11
28
33
33
33
36
33
30
31
26
23
17
18
14
11
17
11
11
11
12
11
21
13
11
15
11
11
16
16
12
18
11
22
13
26
14
16
11
11
15
11
11
28
11
18
11
11
26
11
15
27
11
12
11
12
12
16
11
23
11
22
19
20
13
11
12
13
21
11
13
25
12
11
11
11
12
11
21
21
19
39
17
11
48
36
32
24
11
16
11
20
12
30
22
11
11
13
26
15
19
15
11
18
11
38
13
31
21
16
25
11
39
15
11
11
34
12
35
11
36
12
11
26
11
11
26
37
20
16
13
26
11
18
30
28
29
16
11
20
28
29
27
13
29
28
20
28
18
21
28
18
11
11
17
11
16
12
16
16
12
11
11
15
11
25
11
18
20
14
11
12
11
18
19
11
32
12
24
16
18
11
15
11
23
11
13
16
11
15
11
13
27
20
11
13
11
14
16
11
13
23
22
15
11
52
29
19
11
22
29
26
11
17
11
24
11
11
24
12
11
11
17
29
29
33
29
29
29
29
29
27
11
11
11
11
12
12
11
11
11
11
11
12
12
11
11
11
14
11
11
11
12
14
11
13
12
13
15
11
11
12
12
11
11
12
18
11
11
11
12
14
11
11
11
11
11
11
11
11
11
11
11
