16
21
26
19
11
12
13
11
11
26
35
11
14
11
13
13
15
12
11
16
11
26
27
16
12
15
23
11
14
11
11
32
36
36
39
43
39
39
39
39
39
25
15
11
11
17
11
11
11
11
14
12
12
16
20
24
25
27
24
11
56
46
46
23
23
36
14
11
16
14
33
13
26
26
24
11
11
43
16
13
16
16
25
28
39
26
51
35
33
36
29
33
36
36
23
26
26
26
33
46
36
29
13
29
26
21
35
43
52
13
51
20
13
13
11
11
13
11
13
12
17
17
11
16
11
15
12
11
19
11
12
11
11
17
13
19
12
11
24
16
11
12
11
11
19
15
11
18
44
11
11
11
18
13
11
12
11
19
14
20
11
11
11
11
17
15
23
15
34
11
11
19
14
11
11
13
25
35
12
38
29
36
11
35
13
16
19
34
26
15
11
30
20
29
25
37
36
17
11
18
11
11
11
33
29
12
31
16
36
11
11
27
36
11
19
35
11
29
28
38
19
28
11
27
25
19
13
36
11
25
19
11
11
37
12
41
46
29
19
16
11
34
27
21
45
31
19
29
39
30
41
19
19
19
11
25
19
22
20
14
34
28
38
25
19
12
19
24
19
29
11
22
12
13
21
17
20
11
26
37
28
13
41
13
23
20
11
32
29
13
12
13
34
23
29
19
16
13
19
12
11
14
13
19
11
13
24
11
11
11
35
14
20
29
11
11
12
21
36
14
11
21
11
24
13
23
11
15
11
18
11
11
11
11
24
12
16
22
26
13
31
11
14
24
19
37
13
16
25
27
26
24
34
15
38
42
24
28
38
19
35
11
36
18
13
30
27
11
37
25
16
18
33
15
19
39
11
28
12
11
24
11
25
21
40
15
12
11
19
20
11
31
38
38
24
11
30
11
11
17
11
21
32
40
11
13
13
16
11
12
17
15
14
35
11
19
12
11
25
15
11
29
33
33
11
36
11
47
21
12
19
21
12
48
35
20
44
16
17
11
11
19
13
16
17
59
11
20
25
26
26
29
36
37
11
24
23
23
25
11
16
11
16
11
14
13
18
11
22
17
12
16
13
18
16
14
11
14
14
11
18
12
14
18
11
17
40
32
21
13
11
11
11
16
15
18
25
20
12
13
13
11
24
11
17
16
14
15
11
11
40
38
47
25
36
16
17
11
44
11
22
22
11
12
13
16
12
23
19
13
11
11
27
48
46
52
65
58
26
33
33
36
33
26
26
24
35
33
33
33
33
33
33
16
26
33
23
46
28
14
11
15
16
29
16
11
11
22
14
11
11
20
20
11
12
15
13
12
15
12
13
15
12
11
21
11
13
15
23
15
22
12
12
15
13
18
15
17
28
12
17
12
22
11
23
13
11
14
11
18
38
17
40
45
40
13
13
16
11
12
12
11
12
12
16
12
11
35
21
17
11
11
11
13
11
16
12
12
11
18
11
11
14
24
11
23
11
11
11
18
13
16
11
11
11
12
11
11
15
16
11
15
19
11
22
12
20
29
29
26
19
11
18
11
15
27
29
26
33
33
33
33
33
26
26
26
26
33
32
34
33
29
13
29
39
20
19
11
25
29
29
29
27
11
11
11
11
26
11
22
23
16
14
22
24
11
35
29
19
32
11
15
11
12
11
13
22
11
11
11
20
11
18
19
11
15
23
11
15
11
15
11
15
11
13
11
25
11
14
11
13
11
15
11
14
11
11
14
11
15
19
11
18
11
25
11
19
11
15
11
15
11
15
11
18
11
15
23
11
11
11
11
11
11
11
22
11
11
11
13
11
32
19
24
28
29
29
11
22
15
11
24
19
14
13
30
16
11
12
11
14
11
11
17
11
22
11
17
11
20
11
28
11
15
11
