13
25
34
24
16
23
23
11
32
43
35
22
19
11
34
26
11
19
19
17
13
11
36
15
37
19
36
40
11
35
16
16
43
26
36
39
46
46
46
39
46
46
43
39
36
39
39
33
33
33
33
28
38
43
39
36
29
33
33
43
33
29
26
33
30
29
34
15
44
28
16
21
33
31
13
27
20
23
39
15
11
48
13
22
31
24
21
50
11
39
14
41
17
18
16
41
29
33
55
15
11
11
14
14
11
11
11
11
13
14
21
16
11
11
40
18
11
35
22
17
29
11
38
12
42
23
24
11
23
16
22
43
29
21
24
18
14
11
36
26
33
16
40
34
25
25
44
11
52
11
30
24
40
29
23
25
14
39
13
22
11
26
23
12
15
11
15
11
33
11
44
11
26
35
11
32
27
16
11
21
11
28
18
13
13
18
11
38
21
16
33
26
11
26
48
18
21
11
23
11
35
33
29
11
25
36
44
27
37
21
23
17
26
36
33
35
15
11
14
31
57
24
38
11
12
38
48
12
29
41
11
29
11
20
44
11
28
16
31
11
18
26
23
28
27
29
31
35
11
25
27
23
21
29
22
15
25
36
36
30
11
21
11
14
35
28
22
39
29
13
11
38
40
16
19
13
25
11
11
31
21
30
32
37
28
13
31
13
18
11
36
16
25
11
22
18
13
16
18
23
19
17
11
27
23
37
11
26
21
25
20
19
20
13
15
11
16
11
17
11
11
13
13
12
11
14
11
16
23
26
33
39
29
11
28
11
32
39
33
26
33
36
16
32
31
39
36
41
12
13
12
16
14
19
12
12
11
16
13
36
11
17
15
11
32
11
19
16
16
33
16
11
34
11
49
12
21
14
11
29
28
11
29
11
23
13
11
11
15
12
38
46
15
62
36
27
17
28
22
13
32
11
13
28
31
11
32
28
18
11
11
11
14
16
11
13
12
11
12
13
13
25
20
11
11
11
11
11
11
13
11
11
11
11
11
11
11
11
11
11
11
11
11
11
11
13
13
13
11
12
11
15
21
37
32
25
24
11
11
29
39
38
21
36
27
36
12
34
15
14
21
33
30
23
36
11
34
19
30
12
27
29
39
44
41
35
18
11
12
36
35
22
38
28
38
24
20
12
19
19
35
17
23
22
33
11
25
13
38
25
19
33
36
11
25
13
36
19
11
25
14
37
34
30
27
29
36
40
27
18
13
26
12
39
25
41
19
19
34
19
19
19
19
12
77
28
28
51
29
29
19
12
19
48
38
24
11
29
19
19
17
13
37
19
13
12
11
13
18
11
28
37
11
21
26
24
23
19
27
29
20
28
27
11
11
11
24
19
19
17
11
15
11
12
19
15
37
35
13
28
35
12
