12
12
11
11
12
16
36
19
11
21
26
26
39
26
23
29
26
36
23
32
33
31
44
26
29
33
31
30
29
32
26
11
45
53
39
43
36
43
39
24
39
40
46
36
33
33
33
38
17
11
27
14
19
15
11
27
15
21
17
37
12
11
48
30
11
22
11
36
48
20
49
15
17
24
31
37
12
12
37
40
16
16
24
22
31
23
33
45
20
50
15
20
17
13
18
15
24
11
16
12
14
17
20
11
26
18
13
27
27
17
13
14
15
15
11
13
30
11
25
11
11
22
11
26
11
14
14
25
11
11
40
36
33
33
27
18
39
33
33
46
39
26
36
33
26
33
33
33
36
29
33
11
33
25
33
33
33
33
33
11
28
39
33
31
23
31
11
28
11
28
33
33
27
25
30
23
33
33
33
11
12
26
33
43
29
33
29
31
38
43
13
13
43
16
19
15
13
24
11
25
36
35
13
22
34
29
26
31
11
27
15
31
27
33
15
21
39
36
46
20
15
11
34
44
11
44
11
44
30
37
20
18
13
16
20
12
11
18
29
33
11
38
42
31
18
18
11
33
23
56
23
11
27
33
28
38
21
36
29
28
29
41
50
11
45
29
33
11
30
18
23
43
38
23
44
29
33
39
27
45
43
49
26
29
26
29
39
30
36
36
23
16
29
43
38
29
11
36
22
18
43
29
27
25
20
29
39
29
33
39
26
26
33
32
33
49
39
36
16
27
43
18
33
33
36
11
35
29
33
36
16
29
29
23
16
33
33
15
37
29
36
11
30
13
28
36
32
38
25
33
33
33
31
35
30
35
33
29
29
19
30
31
11
47
29
46
33
16
13
33
36
39
39
30
11
42
18
14
22
15
17
16
12
31
12
39
20
12
11
43
20
33
16
13
43
13
32
11
17
17
15
15
20
28
27
36
11
18
23
17
13
11
31
14
20
11
34
43
42
43
16
16
23
11
24
34
20
39
28
54
11
28
20
16
18
11
12
35
12
18
11
31
36
16
21
12
41
39
28
11
16
11
24
13
20
31
12
11
24
22
29
12
14
16
20
13
17
12
26
13
20
19
11
11
16
16
13
19
29
33
26
33
26
23
33
26
20
11
11
22
11
31
29
16
15
30
13
33
28
14
33
33
36
11
30
11
20
33
11
18
30
11
18
12
11
12
11
28
29
11
38
19
26
26
11
18
26
26
50
26
29
19
25
33
39
23
22
17
18
11
11
16
11
11
27
14
25
11
11
18
11
11
11
11
15
11
11
12
13
12
11
13
14
11
15
11
23
11
11
23
29
20
17
11
17
33
11
15
11
18
26
29
18
11
14
11
15
15
11
11
11
30
19
29
11
28
11
32
11
15
11
22
11
15
11
22
11
35
16
11
23
11
26
11
22
11
24
13
11
11
11
11
11
18
25
11
25
11
12
13
11
11
16
11
12
15
15
11
11
30
11
30
11
12
11
11
11
11
13
11
11
18
11
18
11
15
11
15
11
15
11
15
11
18
11
12
11
15
11
15
11
15
11
15
11
15
11
12
26
29
39
23
11
15
11
15
11
15
11
15
11
15
11
15
11
15
11
15
11
14
11
16
11
15
11
15
11
15
11
15
11
12
11
15
11
15
11
22
11
16
11
14
11
15
11
15
11
11
11
16
