101
105
107
108
106
101
103
126
126
106
129
116
116
119
121
107
110
138
112
129
126
108
107
101
102
101
107
107
105
101
106
111
113
119
102
101
101
103
101
101
105
129
113
101
111
109
103
111
102
114
102
101
115
103
116
106
101
116
133
113
121
104
112
120
104
106
106
112
101
113
101
121
106
109
116
116
101
105
119
111
111
101
101
119
114
122
106
103
111
124
121
101
112
101
102
118
104
101
122
121
101
112
101
111
101
101
102
108
101
105
111
115
103
107
102
101
106
113
109
101
101
101
113
110
103
111
101
103
102
101
101
102
107
101
126
108
101
113
109
103
103
106
109
113
106
113
101
105
106
101
111
103
104
