13
23
33
13
33
22
23
41
21
46
29
29
29
49
36
49
35
33
30
12
29
26
13
28
31
46
22
37
36
14
26
36
18
19
27
40
23
26
26
26
26
19
26
26
33
46
46
29
36
26
33
36
26
33
33
30
16
33
33
33
11
28
34
25
36
33
36
33
33
29
33
23
33
31
32
16
33
36
29
11
28
29
33
29
33
47
28
39
33
36
33
33
33
27
32
33
33
11
28
18
11
25
16
19
26
26
35
18
34
14
20
19
11
25
15
17
19
12
13
25
11
16
12
20
12
21
11
20
14
11
11
11
18
11
11
11
21
11
17
11
13
11
11
15
11
13
12
26
11
12
13
17
11
11
18
11
13
15
11
14
17
12
12
13
12
11
19
11
12
15
17
12
11
27
16
32
33
11
33
11
14
11
11
19
23
22
23
33
33
29
26
29
65
30
11
14
15
15
15
19
11
16
13
11
34
12
11
20
11
53
24
38
46
46
39
39
39
46
33
29
33
36
29
28
25
11
28
26
33
39
33
33
39
39
33
33
33
39
40
29
33
33
11
28
32
33
35
17
43
39
29
33
33
23
23
36
29
26
33
33
33
27
25
36
29
33
33
33
39
33
33
27
26
26
32
33
36
26
31
28
21
22
11
27
11
13
27
29
28
31
26
31
24
37
16
39
21
21
11
25
36
14
15
13
33
11
11
24
11
15
19
42
17
16
16
21
18
11
27
11
39
17
21
11
28
28
17
28
12
13
15
12
16
12
11
11
11
11
12
21
20
19
11
15
11
12
12
13
16
11
12
11
12
17
11
16
11
12
15
15
14
17
20
11
11
11
15
11
15
11
11
20
11
17
11
21
11
17
13
12
14
11
20
14
12
14
13
14
15
11
11
11
11
11
12
13
14
19
29
12
11
18
16
13
21
17
16
11
17
11
18
16
36
12
44
11
21
18
16
12
33
11
12
11
28
21
12
12
17
11
11
11
12
17
13
22
11
15
11
11
11
11
18
21
11
18
11
11
11
29
23
26
26
26
29
26
26
44
39
28
17
11
21
28
38
27
11
25
19
11
11
38
35
11
22
36
38
19
35
42
19
24
19
16
33
21
35
13
36
30
28
38
19
28
38
25
12
38
28
38
39
19
38
38
28
38
29
28
24
19
22
38
22
33
41
29
25
12
38
38
29
38
25
19
40
25
19
11
11
27
29
34
13
29
28
26
42
38
36
11
23
25
33
24
29
36
22
44
29
26
28
31
21
45
40
29
22
17
16
18
21
13
26
12
29
17
36
11
22
24
22
39
11
33
22
22
17
20
28
28
35
12
