11
23
36
11
52
23
20
19
33
12
30
31
35
16
16
16
23
26
33
26
39
11
30
38
39
11
38
39
39
39
39
37
15
23
35
11
23
17
16
23
13
20
11
13
16
12
24
12
17
11
45
46
37
11
21
15
11
14
21
11
12
12
19
18
35
36
11
34
48
49
55
11
36
29
23
29
33
33
15
30
23
33
38
23
17
48
12
46
44
11
31
11
36
35
21
43
25
46
38
42
11
18
11
13
12
15
11
36
20
11
14
11
33
11
11
11
43
26
33
11
18
11
28
36
22
17
12
33
26
41
20
21
28
43
13
23
25
18
38
11
11
16
14
33
11
18
50
14
11
17
39
23
29
42
21
11
46
11
32
11
32
36
11
39
22
13
11
13
20
24
30
33
37
11
33
16
25
23
33
11
28
21
12
22
36
27
17
13
11
11
11
11
12
12
13
19
13
19
12
11
14
24
13
17
21
37
14
11
25
13
33
16
14
16
11
51
27
15
23
13
11
52
14
24
18
28
12
14
11
11
11
14
18
16
23
16
11
14
11
11
13
11
13
11
15
12
14
11
11
20
14
11
13
17
12
18
18
11
11
11
11
28
12
11
12
14
11
11
13
11
37
30
11
11
11
11
36
13
11
22
11
27
26
11
19
24
29
19
33
19
25
29
23
24
23
23
43
12
36
19
11
21
11
11
72
24
47
42
22
42
46
47
46
46
46
49
30
21
14
14
22
11
17
23
12
17
14
13
12
20
11
28
17
12
15
14
12
14
13
11
11
16
14
15
16
11
20
28
32
30
34
12
37
20
21
11
18
11
26
41
11
13
12
22
11
26
12
11
23
11
12
15
11
11
18
14
12
11
11
12
39
46
46
39
39
46
11
25
23
16
33
33
35
33
26
29
33
32
34
33
33
32
33
36
23
29
29
36
24
32
16
32
37
16
39
16
36
28
31
11
12
11
38
26
29
36
16
33
36
19
11
27
13
18
16
33
36
11
25
30
12
30
38
11
24
11
25
11
21
17
11
28
11
18
11
29
11
40
22
14
17
11
42
11
29
11
25
50
16
13
43
19
11
16
13
18
18
16
33
15
11
12
30
52
18
11
39
15
32
29
14
13
24
11
39
11
42
14
25
15
11
38
26
33
20
64
30
24
12
15
16
19
14
15
17
13
23
14
11
16
20
11
11
13
11
20
20
11
28
26
11
17
11
12
21
14
17
11
12
11
11
11
12
11
17
17
16
21
18
14
20
11
24
15
20
11
25
33
39
25
37
26
24
28
26
23
19
26
23
11
11
11
20
14
11
21
29
11
13
11
11
43
59
33
11
22
11
32
11
13
11
11
11
12
11
11
12
11
11
11
12
13
11
11
11
11
13
12
14
11
12
12
11
11
11
15
11
16
11
15
24
14
42
26
26
26
26
29
26
26
20
26
26
16
19
17
25
28
21
29
29
29
29
23
29
29
23
19
29
29
13
29
29
29
29
29
29
29
26
23
29
16
39
25
11
20
30
26
23
11
14
17
11
13
11
11
14
11
11
11
18
11
19
11
13
11
11
11
11
11
22
23
11
11
11
27
18
16
30
11
26
11
13
19
11
29
11
14
21
12
11
11
11
11
11
11
13
11
11
14
12
12
11
14
11
13
11
15
11
12
12
11
20
15
11
27
11
11
11
22
19
11
30
11
11
11
22
11
18
23
11
15
11
18
11
15
11
11
11
11
24
20
11
11
11
11
11
11
11
11
11
11
11
11
12
11
11
11
11
11
11
11
11
11
11
13
11
12
11
14
21
11
15
11
11
11
20
11
15
11
22
11
15
11
15
11
15
11
15
11
12
11
28
11
11
14
11
12
