111
102
104
110
112
102
101
114
133
133
103
103
106
130
115
101
104
106
118
101
101
101
120
108
121
123
111
109
104
118
119
103
112
121
113
101
101
101
107
109
104
103
116
126
103
121
105
139
113
115
101
120
101
127
101
108
108
101
112
106
101
132
120
129
110
113
101
109
101
101
114
106
103
106
123
126
123
119
101
101
106
120
101
108
126
110
105
108
101
113
103
106
123
123
106
113
101
128
128
118
105
113
113
101
103
109
101
101
101
103
103
111
103
101
119
124
125
103
113
101
126
101
112
101
101
101
101
101
102
111
113
108
101
101
107
103
103
101
