24
26
25
31
11
35
36
25
36
37
21
11
22
42
22
27
26
11
33
11
33
11
32
13
21
15
17
11
11
23
11
14
12
53
27
55
14
33
20
11
18
21
11
13
21
11
11
12
14
11
11
11
15
42
31
11
20
24
39
36
22
18
18
12
33
49
37
40
38
36
17
32
54
28
30
16
25
35
35
33
32
11
28
19
27
24
24
31
36
43
29
29
49
44
14
30
29
36
43
29
31
28
29
28
11
23
11
33
31
34
26
24
14
44
11
35
36
22
17
37
13
11
34
26
22
11
26
23
27
11
38
11
35
36
31
34
14
29
31
11
15
25
18
17
35
44
29
19
26
13
36
31
30
17
16
11
21
35
33
27
43
11
12
11
18
38
11
42
19
18
41
28
23
13
27
28
22
25
22
14
17
12
11
12
26
15
11
17
43
11
29
28
16
11
11
11
30
12
13
16
20
11
26
33
11
35
24
14
16
37
27
32
17
35
35
29
33
25
14
11
30
14
11
21
22
36
24
12
35
35
11
32
16
31
15
13
39
11
28
34
15
13
33
36
12
40
33
30
32
20
22
36
11
18
34
11
32
30
18
46
43
32
18
21
16
22
14
40
19
11
15
11
26
12
29
38
29
22
36
36
29
13
11
42
13
13
11
18
20
22
31
33
19
11
41
11
29
33
32
15
31
35
37
38
24
11
22
29
32
35
32
26
30
45
24
51
33
35
45
21
11
28
14
30
35
29
39
16
13
11
33
11
26
19
14
40
31
32
11
33
28
30
19
11
39
39
27
35
32
30
34
16
25
43
37
11
30
34
35
32
12
41
29
24
18
11
28
30
11
36
11
18
17
13
29
32
11
32
13
17
36
29
14
23
49
19
11
19
17
38
13
24
27
27
35
25
14
43
12
11
18
18
15
12
27
13
19
13
35
11
13
11
23
11
31
19
11
15
11
25
28
24
37
54
11
43
17
46
19
37
11
21
11
19
18
11
57
11
17
19
50
35
11
24
26
17
29
11
30
15
12
18
11
26
30
39
12
24
11
19
30
39
28
46
48
21
29
23
11
36
11
30
18
11
36
54
45
35
33
11
13
43
42
33
18
23
37
12
35
36
11
20
23
29
24
19
25
32
13
37
36
31
30
43
33
19
16
11
12
20
11
25
29
56
33
21
11
31
33
26
32
33
48
13
39
17
35
24
35
20
34
39
24
15
11
36
23
18
44
33
12
11
25
19
11
16
19
25
14
19
11
18
23
35
33
26
12
34
11
20
11
23
28
31
29
22
11
20
23
31
21
28
13
32
11
21
14
16
26
27
13
15
16
16
28
25
12
11
31
29
16
21
11
27
19
11
24
11
12
32
33
11
17
26
21
33
12
22
30
13
27
19
32
21
11
22
11
11
13
16
11
24
11
13
11
11
11
11
11
11
11
11
11
11
11
11
11
11
11
11
11
11
11
11
11
11
11
11
11
11
11
11
26
14
11
11
11
11
12
26
11
14
11
12
11
11
14
17
11
11
11
11
15
11
14
23
11
11
11
11
12
14
11
12
11
11
11
11
12
11
11
11
11
11
11
11
13
14
11
20
11
23
13
13
13
12
11
11
11
11
12
14
11
11
11
13
11
12
11
12
11
11
11
11
12
11
12
13
13
13
12
14
13
14
13
11
11
16
11
11
18
18
11
27
11
