15
11
22
11
42
11
23
26
29
29
26
23
29
26
36
43
29
23
34
15
33
29
33
36
11
32
29
33
11
18
49
11
34
11
34
43
36
49
36
39
46
13
39
46
41
21
12
14
11
22
13
11
11
23
11
35
26
26
11
14
11
15
13
19
14
12
31
33
11
19
11
38
34
46
32
27
12
18
15
33
36
36
23
26
26
26
33
27
38
41
32
11
11
21
26
11
22
16
43
24
40
35
19
19
36
33
33
33
36
11
28
33
29
19
39
23
28
31
34
32
56
30
53
36
11
16
12
14
31
14
11
15
11
20
12
11
11
27
24
20
28
27
11
25
18
21
16
19
23
36
12
38
23
20
21
13
26
34
13
23
23
37
11
18
27
14
22
18
43
17
11
25
11
38
11
26
12
34
19
11
18
12
34
23
38
25
19
19
11
15
19
13
36
11
11
18
35
12
38
11
34
11
28
41
32
11
11
28
29
42
31
13
22
22
32
11
32
31
29
23
39
48
37
19
38
36
36
29
22
34
11
22
38
35
21
11
38
35
50
22
39
31
22
26
11
11
14
21
11
34
18
14
19
22
20
24
21
25
26
37
21
14
38
33
33
28
31
29
33
36
33
33
27
32
33
33
33
33
13
33
33
19
16
33
29
17
17
12
34
14
11
38
13
48
34
11
30
26
30
28
35
15
11
14
32
11
18
13
35
24
16
16
18
12
20
11
18
34
11
22
39
45
29
11
18
11
31
46
15
11
34
30
11
16
11
11
12
11
14
17
15
11
15
15
18
15
11
12
12
11
13
14
14
11
20
14
11
15
13
16
14
22
11
12
16
13
16
21
12
17
12
14
14
11
18
29
11
12
12
14
12
20
11
11
14
21
19
30
11
45
19
23
14
32
35
32
44
33
33
26
33
33
28
34
26
28
11
11
11
33
25
19
19
56
33
43
39
39
39
36
39
26
26
26
26
26
26
26
46
50
28
11
28
11
17
19
28
37
11
36
12
38
16
33
19
13
38
34
22
39
19
28
35
12
33
24
28
20
43
19
11
18
11
11
18
35
12
34
23
36
26
32
37
34
11
19
11
11
18
28
36
26
19
12
19
24
40
12
38
19
38
25
33
36
12
44
11
15
25
34
23
17
11
34
23
36
26
19
19
12
11
23
19
19
23
11
37
34
20
12
19
32
11
19
12
28
29
29
66
36
29
16
33
23
11
21
28
11
38
11
34
11
15
24
29
24
15
28
37
30
