54
24
11
24
36
56
21
50
27
13
26
29
44
22
19
34
40
35
34
36
11
33
30
21
13
46
12
29
26
20
18
17
37
27
18
21
18
11
12
13
16
11
11
12
11
12
11
24
24
45
11
24
50
12
12
44
25
11
26
43
41
11
42
11
16
34
29
45
39
14
34
28
53
32
38
17
28
32
32
29
30
28
38
49
27
43
11
29
11
23
14
26
22
11
32
43
36
16
36
28
36
33
16
13
36
11
43
26
47
22
19
36
15
11
40
13
39
11
28
23
30
29
33
11
33
33
19
20
15
21
35
13
23
11
24
37
43
39
13
33
26
13
19
13
17
27
49
24
35
33
43
12
18
16
36
39
34
21
24
35
11
23
13
25
14
23
16
20
24
22
11
19
40
20
25
20
39
20
24
25
13
33
26
11
29
39
26
11
11
20
47
11
11
13
17
23
29
11
38
11
32
18
23
13
23
26
11
23
37
43
28
14
13
31
41
30
30
11
23
20
40
49
13
11
35
30
32
11
11
33
17
13
24
15
12
33
11
33
18
38
31
34
11
28
43
23
13
36
39
20
32
40
35
35
17
27
28
11
35
35
41
38
29
43
15
34
20
37
16
46
24
25
40
29
29
11
36
11
44
19
11
22
36
34
38
11
24
35
47
11
27
19
13
16
13
11
11
19
14
22
17
41
18
17
22
51
17
18
11
23
11
38
17
15
23
11
11
27
29
36
29
13
16
22
44
39
23
18
11
17
26
33
11
11
44
25
53
17
41
29
11
21
19
20
34
11
21
11
26
15
11
24
14
11
24
19
11
28
36
34
11
12
33
36
33
29
36
11
32
16
48
19
11
34
11
11
18
47
52
37
23
28
11
24
12
11
26
36
35
11
26
22
39
33
11
21
53
19
19
11
27
14
19
26
11
11
32
11
11
32
14
17
11
29
18
31
19
17
37
32
30
26
19
13
13
11
15
14
11
34
11
19
11
22
11
19
16
33
31
28
28
11
13
11
11
11
25
31
24
14
13
19
15
27
28
11
32
35
11
43
30
48
30
35
44
26
40
16
11
11
38
21
19
11
11
16
11
18
43
47
32
11
36
25
34
30
19
33
13
17
13
28
34
11
19
15
17
29
15
23
32
35
34
20
11
31
33
33
52
37
15
34
11
25
37
48
26
22
19
24
49
11
40
11
35
28
13
44
30
29
46
29
16
39
39
14
29
40
37
28
34
30
29
13
12
18
11
16
13
26
33
19
23
20
12
14
12
29
11
15
38
17
16
11
32
36
19
11
24
17
26
28
26
20
11
17
14
15
11
28
28
18
11
14
11
12
38
11
23
37
11
33
11
24
14
16
12
12
11
11
13
34
15
11
18
19
17
22
14
16
11
14
14
11
18
28
11
25
11
12
28
27
26
11
11
14
11
11
11
11
11
11
11
11
11
11
11
11
11
11
11
11
11
11
11
11
11
11
11
11
11
11
11
21
11
12
16
11
14
11
11
11
11
11
11
11
11
11
11
11
11
11
11
11
11
11
11
11
11
11
11
11
11
11
11
11
11
11
11
11
11
11
11
12
11
11
11
13
12
11
11
11
11
12
11
15
29
11
11
11
16
11
11
11
11
11
24
11
22
11
23
11
24
11
11
15
29
11
28
11
17
17
22
11
11
20
11
11
11
11
11
11
11
11
11
13
11
13
12
11
11
15
11
22
11
34
