119
102
136
133
101
125
139
106
106
104
105
105
104
103
132
108
111
123
109
101
101
101
109
101
104
104
116
104
101
104
103
106
124
118
101
106
102
123
104
101
110
113
109
104
103
111
104
107
110
105
102
109
102
101
105
106
104
104
122
157
104
122
124
101
101
102
101
101
103
110
106
101
111
105
124
130
108
102
101
103
103
102
103
101
101
103
122
101
104
101
102
106
105
101
111
103
103
101
103
109
121
106
105
156
114
135
129
113
126
101
101
101
102
101
101
105
101
107
104
107
132
102
126
107
103
103
105
106
112
116
109
126
113
101
101
110
101
101
101
122
109
116
102
101
104
103
101
101
101
101
101
108
104
111
107
