16
14
16
36
36
36
50
24
25
27
16
17
43
26
11
25
26
23
19
23
53
23
39
43
39
39
39
39
40
12
12
19
11
11
18
13
13
14
15
11
12
17
12
11
16
20
11
17
13
36
26
46
46
26
11
28
16
15
18
11
11
31
34
27
23
11
22
38
15
14
11
37
17
11
29
19
19
33
46
32
33
16
43
27
15
33
11
25
16
26
26
26
13
26
43
19
19
13
13
13
23
29
29
11
42
43
23
19
11
23
15
34
16
26
33
11
28
29
11
29
33
33
29
26
36
33
19
33
11
28
36
45
17
11
16
11
12
14
11
11
14
24
17
19
11
11
13
14
11
13
12
11
17
19
11
33
11
11
29
11
23
19
13
38
29
25
11
11
37
11
29
34
11
15
11
11
11
16
17
15
26
29
29
22
38
29
31
31
22
11
26
16
19
19
12
33
23
19
38
25
13
36
30
38
38
27
11
34
23
36
11
11
44
39
11
28
11
19
34
15
29
19
19
12
21
29
43
26
43
11
30
29
35
13
16
11
11
27
19
43
23
42
34
30
34
21
11
19
33
22
41
28
11
33
17
14
25
20
12
15
12
11
29
12
23
21
19
33
15
13
11
20
17
35
20
11
23
35
12
52
15
11
21
11
36
33
15
31
17
17
15
19
22
11
18
15
28
16
14
17
21
19
12
21
24
19
13
11
31
11
20
11
13
18
22
16
17
11
18
17
13
44
11
24
11
25
11
11
13
31
29
11
13
15
15
11
11
13
34
29
36
11
39
36
11
11
18
36
11
11
19
24
16
11
11
13
14
19
22
16
20
19
11
16
34
27
30
22
11
33
16
29
18
34
36
11
39
16
20
16
11
11
16
11
18
12
16
22
22
18
17
16
11
28
30
16
17
13
12
34
36
11
30
12
34
37
11
19
19
15
11
12
26
28
47
11
34
15
11
13
11
15
16
33
33
43
33
33
33
33
33
29
23
26
26
26
33
33
53
23
39
33
46
39
39
39
16
43
26
26
26
26
26
26
36
46
33
33
26
33
23
33
11
26
32
33
33
36
33
33
27
25
29
36
36
33
29
26
37
12
30
30
32
33
33
33
33
33
33
43
31
28
14
32
29
36
33
33
32
11
30
33
33
36
33
33
33
33
33
13
33
33
33
26
33
33
33
33
36
33
29
33
33
23
29
33
33
23
36
33
29
23
68
37
11
57
54
17
11
11
20
11
12
26
22
24
19
20
15
21
12
12
30
13
19
11
25
15
11
16
32
14
29
22
11
22
11
33
12
11
36
22
19
13
11
27
17
16
11
13
11
12
21
11
20
17
23
13
13
33
11
37
38
11
32
22
19
14
11
14
24
14
11
36
12
23
11
25
34
22
11
19
14
11
15
11
13
11
22
23
12
16
14
12
13
12
17
15
11
17
11
15
14
11
15
11
11
11
11
11
11
11
12
11
11
11
11
11
13
19
13
18
11
11
12
12
12
11
12
12
11
11
12
11
13
11
11
11
11
11
11
11
15
11
11
11
11
13
11
11
12
11
12
13
11
14
29
12
11
12
11
11
19
13
30
11
13
13
13
15
12
13
11
11
15
29
30
12
29
29
23
11
15
11
15
11
11
11
14
11
15
11
25
29
29
13
29
29
29
29
29
29
11
15
11
15
11
15
11
15
11
15
11
15
11
15
11
15
11
15
11
15
11
15
11
13
11
14
11
15
11
15
11
15
11
15
11
15
11
15
11
15
11
15
11
13
11
14
11
