114
114
118
115
116
115
112
107
101
101
108
130
101
116
116
115
130
115
125
116
112
106
115
119
101
122
101
106
113
111
111
109
130
119
109
107
126
115
114
118
106
116
106
116
106
112
122
109
101
116
103
109
111
106
122
106
110
108
109
123
111
108
114
101
113
110
107
106
101
101
101
103
106
109
123
101
145
101
107
103
101
127
101
101
106
101
101
109
101
101
101
105
106
106
106
103
101
115
101
115
120
134
109
106
118
118
123
106
114
109
102
102
101
105
108
101
125
132
105
125
121
122
112
101
121
114
101
102
101
103
116
101
106
101
108
106
101
101
101
104
101
101
101
101
101
101
108
104
106
110
101
118
