31
11
15
26
34
30
24
32
11
34
34
11
29
28
35
35
45
32
31
11
32
36
35
41
13
36
23
26
36
39
46
46
39
39
46
46
43
39
36
39
39
36
36
33
33
33
11
35
29
39
33
23
23
33
37
38
33
36
33
33
27
35
36
12
14
16
25
14
13
20
11
31
36
36
27
21
43
11
15
37
25
26
16
14
15
25
32
17
17
23
37
29
16
11
36
11
16
32
11
11
11
11
11
11
11
11
11
16
14
12
11
13
11
17
11
11
11
11
16
11
30
11
15
30
11
33
30
14
16
29
16
30
35
36
11
18
16
16
11
32
14
12
36
16
25
11
46
30
25
42
15
23
31
21
16
42
12
11
40
16
36
11
40
31
37
28
11
27
35
11
23
30
33
29
19
35
31
16
11
26
12
28
12
11
29
11
32
14
36
40
28
33
19
16
18
11
38
13
26
36
30
21
34
16
19
31
28
11
22
31
35
20
45
41
11
20
20
18
18
11
31
33
47
12
24
18
24
21
37
26
15
33
26
20
27
14
37
18
28
36
39
26
21
18
37
29
19
11
32
41
11
24
22
19
24
29
26
29
33
13
23
13
36
29
32
32
35
25
30
13
30
20
21
18
17
20
43
23
23
14
29
11
16
11
19
19
18
21
11
30
11
15
20
12
11
11
22
14
21
11
16
34
22
11
13
19
11
35
11
19
23
11
17
11
28
11
22
11
19
18
14
11
29
11
19
17
11
11
18
11
20
17
15
11
17
12
12
13
16
23
21
12
11
24
13
27
18
33
23
33
33
27
25
53
46
36
39
39
43
39
36
33
33
27
32
29
31
32
26
39
31
28
33
33
39
33
33
29
16
13
23
33
33
16
33
30
11
28
36
29
39
36
11
28
13
13
22
20
13
13
33
33
29
29
40
35
37
33
33
36
33
33
43
11
38
39
43
39
49
39
36
39
36
39
39
28
34
29
46
26
26
26
33
27
32
16
35
38
35
18
14
13
26
39
47
17
11
41
39
34
37
39
45
31
19
21
15
37
11
14
11
20
22
16
28
36
33
33
33
27
18
33
33
33
33
29
33
49
33
33
11
32
43
17
25
11
11
14
11
11
22
26
11
38
26
26
26
11
18
26
26
20
26
20
27
15
29
23
13
19
19
13
11
28
26
33
33
36
17
11
14
16
13
26
11
16
12
13
16
19
13
