101
104
102
104
105
107
101
112
133
126
129
109
106
101
123
101
101
101
101
115
109
121
108
101
112
107
103
130
106
106
101
101
122
112
104
108
118
102
111
104
114
126
101
106
103
103
102
102
101
106
101
101
108
117
106
104
103
114
101
103
103
140
116
137
133
101
107
116
113
101
110
103
111
101
101
101
101
103
106
117
101
106
101
101
107
109
111
104
101
114
111
109
103
119
129
107
105
117
117
104
112
117
101
116
121
126
102
120
113
116
103
101
107
107
118
101
101
102
104
123
105
101
102
105
101
102
105
107
104
105
101
101
101
117
101
104
