134
102
103
101
101
109
129
117
109
102
101
130
112
115
128
104
101
101
132
101
102
115
137
110
101
101
126
105
112
113
106
110
113
107
103
101
117
105
101
107
106
103
101
113
103
104
121
115
101
101
101
101
104
101
126
111
112
104
102
101
111
127
115
111
139
127
102
103
101
101
106
102
110
104
101
101
101
132
123
107
101
101
101
120
109
126
113
101
115
108
105
111
110
101
114
101
103
103
113
107
117
132
108
109
114
104
103
101
109
101
109
110
106
103
106
101
120
149
109
107
101
102
107
109
109
101
113
119
106
101
112
116
109
113
101
111
103
102
102
101
102
103
110
109
101
109
103
101
101
107
101
112
103
