101
120
112
101
101
105
106
126
101
127
119
101
127
102
123
112
101
130
101
101
120
118
113
103
110
101
114
104
101
101
126
106
101
101
101
120
118
101
110
101
101
101
101
101
115
101
101
120
109
102
103
125
134
130
106
123
109
101
101
124
109
101
101
103
117
131
101
102
108
120
101
101
110
102
101
140
103
101
125
126
101
106
101
101
120
101
108
107
123
103
129
133
106
129
109
101
124
118
101
105
101
112
113
129
123
101
106
101
125
103
108
104
103
106
101
110
117
102
101
101
102
101
106
116
101
111
101
101
114
