107
108
101
116
115
112
138
101
102
101
114
123
105
127
125
113
113
105
101
109
124
112
104
101
109
109
105
114
109
123
102
102
101
117
112
102
104
102
121
101
101
106
113
106
104
101
101
101
115
106
107
107
128
101
112
112
107
102
109
113
106
126
133
101
135
106
119
125
101
101
109
101
120
101
106
104
109
101
103
101
114
112
116
113
106
105
101
102
101
115
107
105
101
102
102
101
109
101
114
106
108
125
106
101
123
122
108
101
137
101
122
109
130
103
107
109
111
103
115
105
114
127
119
101
114
101
101
111
108
107
101
101
108
104
106
116
123
101
101
101
101
101
101
101
101
101
101
110
101
101
102
101
102
