11
26
20
14
11
13
14
20
11
15
13
11
16
14
19
20
15
13
18
11
14
11
11
16
11
11
13
11
14
17
12
18
17
39
36
43
39
43
39
39
39
39
30
11
11
11
11
11
19
13
13
11
13
11
12
12
23
23
28
18
19
13
11
28
46
46
26
29
16
43
24
14
22
17
11
48
20
11
45
42
11
47
22
32
20
24
41
43
54
23
53
20
11
38
44
44
28
30
31
46
15
16
17
11
35
17
21
27
18
23
53
37
12
29
12
13
44
40
21
11
14
34
11
29
11
13
11
27
25
13
11
11
42
29
21
11
41
34
29
12
11
25
26
22
11
19
54
11
12
40
16
27
16
12
11
12
14
11
13
26
30
32
29
13
14
12
11
18
17
16
44
13
12
30
22
18
12
14
13
11
17
20
16
15
14
13
11
19
11
30
13
29
23
24
18
11
38
67
18
11
11
11
11
11
11
11
11
11
11
11
11
11
11
11
11
27
19
21
13
15
11
20
13
12
11
11
11
11
12
12
18
12
14
20
41
12
16
14
12
40
48
36
43
40
23
30
15
11
17
23
11
11
12
20
15
11
15
14
14
18
11
11
12
12
19
17
11
17
11
11
11
11
21
14
14
13
15
12
22
11
32
12
11
18
16
11
14
11
26
11
16
20
11
21
11
11
20
11
19
11
29
28
11
22
11
15
11
21
11
13
12
12
46
14
16
31
45
11
43
37
23
11
12
12
19
23
38
45
33
26
32
33
33
43
47
46
46
46
47
46
46
39
27
15
36
33
33
33
33
36
23
26
33
33
33
33
19
46
11
22
18
12
11
11
16
16
18
13
16
17
17
13
28
18
37
43
46
48
11
43
29
38
15
14
11
13
11
20
12
14
13
11
16
13
11
14
11
13
14
12
11
34
30
13
12
16
14
39
26
11
15
20
11
11
14
57
22
11
21
18
32
29
11
11
20
16
13
17
21
15
11
30
16
18
13
17
14
13
17
11
38
52
25
11
52
18
17
19
21
30
15
30
14
12
11
40
11
19
14
12
11
20
15
12
43
31
12
22
15
15
18
24
11
24
25
20
20
11
11
25
11
11
23
16
11
11
11
11
53
11
18
16
11
19
14
17
11
17
14
11
20
25
11
22
11
36
12
11
11
35
35
11
50
22
22
34
25
16
26
13
28
17
41
31
32
33
30
20
15
11
34
11
31
21
20
17
26
15
37
39
24
26
23
13
19
16
15
17
17
21
18
12
11
11
11
11
15
11
13
12
16
11
20
13
15
30
21
19
11
12
11
14
14
17
19
45
22
13
15
12
11
12
11
20
17
12
18
11
17
13
11
14
21
13
16
14
14
20
20
16
11
25
12
11
14
11
18
11
12
11
11
11
11
11
16
13
12
13
12
26
16
12
22
21
16
13
16
11
11
11
25
52
51
49
