101
101
102
101
101
120
123
123
103
108
101
118
121
126
118
125
101
115
113
103
113
123
109
116
101
125
111
105
102
106
121
111
101
108
103
101
122
111
106
101
103
103
105
102
121
101
101
104
129
119
115
125
101
119
102
101
117
120
101
139
121
103
139
139
112
106
101
105
119
108
101
107
140
143
101
106
104
107
101
107
135
101
101
109
101
118
114
103
120
101
101
104
101
101
111
102
124
106
101
106
104
112
114
103
103
116
101
108
101
107
103
101
105
108
101
101
135
101
130
112
118
101
112
107
101
111
102
101
109
116
101
104
101
101
102
112
101
102
104
112
101
101
101
111
111
116
118
107
106
106
103
106
103
