11
13
20
27
13
11
13
11
12
12
11
23
18
19
12
22
11
11
23
12
14
14
11
28
11
16
13
13
23
22
11
11
16
15
22
22
13
11
34
20
17
13
23
26
33
39
39
46
40
53
23
36
39
46
53
29
26
29
29
33
35
38
37
29
22
34
35
12
12
25
19
33
15
23
33
11
44
50
21
35
37
29
15
35
11
32
42
32
17
43
20
32
16
13
46
27
28
15
11
31
21
36
25
12
11
40
17
21
19
11
20
32
22
11
15
16
16
15
28
15
29
13
14
30
32
19
17
11
24
11
12
13
15
12
17
16
36
33
33
31
27
33
33
39
39
39
29
33
27
29
28
33
33
16
29
33
36
33
33
33
11
28
33
33
29
25
25
33
33
19
33
32
41
33
33
27
32
33
19
33
33
33
36
26
33
23
31
32
33
29
25
30
39
12
20
43
39
12
28
15
16
21
11
19
12
15
13
44
31
32
32
11
32
11
11
35
17
29
15
11
16
29
11
25
36
26
11
15
13
45
30
18
11
53
11
39
39
39
16
28
35
13
48
31
11
35
33
19
19
36
39
33
41
28
39
25
29
28
39
13
42
24
33
11
32
29
16
36
11
45
28
44
29
43
33
43
29
29
36
16
49
27
39
45
22
45
23
35
29
11
38
50
33
28
44
43
37
38
36
43
14
45
33
11
28
29
33
23
33
32
60
26
33
11
35
11
32
39
39
19
40
11
15
43
33
16
23
11
28
23
29
29
26
30
26
23
20
29
32
34
36
29
11
28
36
26
30
33
29
34
19
13
29
36
30
29
32
28
22
11
31
23
16
34
28
16
26
43
26
29
33
30
29
33
13
19
20
16
23
23
24
11
37
11
39
28
28
15
26
14
17
16
13
47
29
17
25
26
20
21
21
38
17
11
32
23
26
26
37
35
15
15
18
17
11
43
19
38
41
18
13
48
54
14
40
20
28
20
35
23
17
45
44
44
12
13
40
12
11
16
18
14
12
13
24
15
18
28
16
26
16
11
11
37
11
15
26
20
17
18
12
27
12
11
14
11
17
17
11
11
11
11
17
13
13
12
11
11
17
14
25
13
16
26
22
18
17
14
11
25
11
40
15
26
18
23
48
19
30
14
18
39
19
23
29
28
21
36
12
11
43
13
43
11
28
11
11
19
11
24
18
16
19
11
43
39
35
16
11
11
11
11
18
18
11
12
18
12
18
20
11
11
17
12
12
12
14
13
15
11
11
12
15
11
11
12
11
11
18
13
11
11
14
23
15
15
13
14
21
14
13
11
12
12
12
13
16
15
20
11
11
11
11
11
11
20
13
12
11
11
14
11
12
11
13
18
14
16
13
14
11
11
11
11
11
11
12
19
14
11
12
11
11
11
12
12
11
11
11
18
11
11
11
11
17
11
12
11
11
13
17
14
11
18
11
11
11
11
33
27
11
32
11
16
15
13
16
17
18
11
31
11
25
13
13
18
15
21
16
19
30
11
11
16
11
13
11
22
11
15
11
15
11
15
11
11
22
11
15
11
11
13
11
11
14
11
15
11
28
11
27
11
11
12
20
11
20
24
29
28
11
23
23
26
29
19
20
13
29
23
11
15
11
18
11
15
11
15
11
18
11
18
11
15
11
15
11
15
11
15
11
11
21
11
15
11
18
11
15
11
15
11
15
11
21
11
16
11
11
11
19
