19
11
19
13
11
22
18
11
16
11
11
15
11
34
11
15
19
11
30
11
18
11
20
18
11
19
25
11
28
11
25
11
19
11
18
23
11
22
28
32
19
11
33
26
26
12
11
11
11
11
11
19
11
11
14
11
13
11
24
11
21
11
26
22
17
11
22
11
27
11
16
11
11
18
14
19
18
17
12
31
11
12
11
14
11
15
27
28
11
37
29
29
11
38
19
16
19
19
13
11
18
18
12
24
29
34
25
28
19
38
18
11
12
11
32
30
11
17
40
16
27
15
11
13
29
27
18
19
33
11
31
11
16
11
33
11
15
25
11
18
11
11
27
27
11
16
16
19
11
12
28
20
11
19
17
21
11
16
11
16
11
25
11
32
26
33
16
11
27
11
11
25
19
29
25
11
19
11
28
16
19
19
11
21
15
11
11
13
13
11
48
33
11
11
33
11
12
35
11
11
13
24
11
14
14
13
11
11
15
17
11
12
15
13
19
19
14
21
13
11
29
11
34
24
11
25
29
11
13
16
25
26
13
11
28
21
11
19
20
11
11
12
16
15
12
32
11
12
11
11
18
11
21
11
11
11
11
13
11
15
21
12
11
18
12
11
11
28
11
11
11
11
11
11
15
13
11
11
13
12
12
11
17
11
11
11
11
11
11
13
13
13
11
11
11
12
14
17
19
13
11
11
22
12
23
11
11
11
11
16
38
26
23
26
23
19
26
21
35
11
35
25
31
11
27
30
11
20
24
19
11
13
12
26
23
27
41
24
24
24
24
11
11
19
11
11
11
16
11
22
16
33
22
11
22
11
30
27
11
29
20
11
26
29
16
16
21
11
11
11
24
11
11
11
12
31
11
11
11
16
17
20
18
11
11
24
18
11
15
19
11
20
13
22
11
12
24
11
24
11
18
23
11
15
11
13
11
24
11
16
11
11
19
11
13
11
30
11
11
18
11
18
20
32
19
11
18
11
28
29
29
23
20
11
28
11
11
25
15
29
11
24
19
16
11
24
11
15
21
11
27
11
26
18
11
15
11
32
18
14
11
20
11
27
11
11
26
16
15
26
12
15
16
11
31
34
12
11
33
42
13
28
20
36
35
11
23
11
23
11
21
16
23
16
16
26
31
11
17
12
12
13
11
14
11
12
11
11
11
11
14
15
11
15
14
12
11
11
11
14
11
11
12
11
11
11
11
11
11
11
14
15
11
11
11
15
16
11
11
11
11
12
11
12
11
11
12
19
11
12
17
11
12
11
11
11
11
11
12
11
15
11
11
12
13
11
11
11
11
12
12
11
11
11
11
12
11
13
15
11
11
12
11
11
11
11
11
11
11
11
11
11
11
13
11
14
16
13
19
11
11
32
11
12
30
38
18
20
29
28
18
11
11
27
29
17
11
22
25
27
11
11
19
28
15
28
23
26
29
26
26
11
21
11
11
11
23
28
28
29
29
13
29
30
29
19
11
19
11
11
21
29
23
17
11
31
29
24
17
16
11
14
11
15
11
25
20
13
29
29
11
18
11
15
11
15
19
36
26
12
13
23
11
18
11
13
14
44
29
23
16
29
24
28
16
29
11
18
11
15
11
13
11
14
11
15
11
32
16
17
29
23
29
11
25
29
29
11
25
11
15
11
11
21
29
19
29
26
11
11
17
11
32
29
24
11
24
18
11
26
39
11
25
11
32
20
28
29
43
19
28
28
30
19
27
11
17
11
29
29
29
29
24
30
19
11
17
11
19
13
11
11
13
16
11
11
12
11
11
15
11
11
11
23
11
11
11
14
16
11
11
11
11
11
12
11
11
11
14
11
14
14
11
11
12
11
11
11
11
11
13
14
14
11
12
11
11
12
11
14
11
12
11
11
11
12
11
11
13
11
13
11
11
11
14
11
11
11
12
13
11
11
11
11
11
11
11
13
11
11
11
13
12
14
11
12
11
11
20
11
