106
101
101
101
103
104
101
101
111
103
101
101
101
101
101
111
113
107
121
123
101
101
101
113
101
102
107
101
105
113
119
110
119
119
109
101
108
109
119
108
102
101
101
109
108
117
123
103
101
101
101
101
101
101
101
101
101
101
113
109
101
112
101
101
101
101
113
109
101
101
101
101
108
104
101
116
106
105
119
112
107
103
101
103
126
115
105
113
106
101
101
109
101
111
123
103
116
101
101
101
111
104
107
109
108
110
109
115
101
106
114
118
101
101
110
103
102
110
101
101
105
101
101
101
101
101
101
104
101
101
113
101
101
101
112
101
103
101
101
101
101
101
101
106
114
103
102
101
101
101
107
101
113
101
102
101
102
101
103
104
101
101
110
106
101
101
101
101
101
101
108
101
112
108
114
101
101
101
101
101
108
101
112
101
109
101
102
101
101
101
101
101
101
101
101
101
101
101
101
101
101
101
101
101
101
104
101
101
104
104
112
106
113
106
109
102
101
101
103
101
101
101
101
101
101
101
101
101
101
101
