13
11
11
17
13
16
15
27
25
11
11
11
11
14
11
35
11
14
13
11
11
11
26
17
11
15
15
12
15
20
11
11
11
12
16
14
35
11
11
14
11
13
11
11
13
11
11
22
11
25
11
11
12
11
14
11
11
11
11
11
13
11
11
11
11
12
19
31
13
11
19
11
11
12
21
26
20
11
14
11
11
11
21
39
29
29
23
13
11
15
18
12
11
11
11
13
13
14
11
11
11
14
15
11
13
11
12
11
11
12
14
15
11
11
12
12
11
11
12
12
11
12
11
11
12
11
13
12
11
18
13
11
11
11
11
14
15
11
11
15
12
15
14
13
17
19
16
14
14
11
11
12
11
26
27
18
24
29
11
15
12
20
11
11
17
11
13
13
14
11
19
11
11
11
11
11
11
11
12
11
11
11
13
16
12
11
20
15
11
11
11
11
11
11
11
11
11
11
11
12
11
12
11
13
12
18
12
11
13
13
25
21
14
11
11
12
15
12
11
15
11
13
15
11
19
16
12
17
11
12
11
28
29
20
13
11
19
17
16
31
22
11
11
13
11
11
27
11
18
13
19
12
12
15
14
11
11
22
11
13
22
13
15
16
16
11
24
11
20
18
11
27
11
19
19
14
21
24
29
13
19
11
22
11
11
11
40
11
22
11
18
11
11
21
11
15
11
11
24
26
11
15
11
11
11
13
11
39
11
15
35
11
20
29
29
29
21
28
30
11
21
11
24
11
19
30
43
16
19
33
11
11
11
11
11
11
11
11
11
11
23
11
25
11
15
18
12
11
28
15
12
24
11
18
11
22
11
11
11
11
11
11
11
11
11
11
11
14
11
11
27
11
15
23
11
11
27
11
15
23
11
11
22
11
11
11
18
11
11
13
11
11
11
17
11
12
11
13
11
11
11
11
11
11
13
11
17
23
11
24
11
22
19
11
11
11
11
11
13
11
19
21
11
11
11
11
11
17
11
11
11
11
11
11
11
11
11
11
11
11
11
11
14
12
20
11
19
18
20
14
11
11
11
27
13
16
11
12
11
11
12
11
15
13
13
11
11
11
12
18
12
22
11
12
24
13
13
11
22
13
11
26
12
11
37
16
16
13
11
15
11
13
11
11
11
11
12
11
11
11
12
11
11
11
11
11
11
13
13
16
11
13
11
11
11
11
11
11
11
13
11
11
11
11
11
11
18
11
13
12
11
11
11
11
11
11
11
11
11
11
11
11
11
11
11
11
11
12
11
11
11
12
11
13
11
11
11
11
14
15
15
11
20
11
24
12
27
11
11
12
11
15
11
11
11
16
14
11
26
11
21
13
18
11
15
11
11
20
11
11
20
11
11
11
15
15
16
11
11
13
11
11
11
13
15
11
25
16
35
11
11
11
11
11
11
11
11
11
11
22
35
25
13
12
21
11
11
11
11
16
11
15
33
13
29
13
11
14
12
11
11
11
11
11
11
14
11
11
23
11
11
11
11
13
11
11
14
11
17
13
12
12
23
11
11
21
13
25
24
11
11
11
18
11
24
11
11
21
11
23
11
14
11
11
12
11
19
12
12
11
16
11
11
16
11
12
13
11
11
22
12
11
18
11
18
11
11
11
19
11
11
11
19
11
11
20
16
15
11
21
14
13
11
11
11
13
16
20
11
18
11
11
11
11
11
11
11
11
11
11
11
11
11
11
11
11
12
12
11
11
11
19
11
11
30
29
29
11
15
11
15
23
11
22
11
18
23
15
11
12
20
11
18
11
15
11
15
11
15
11
15
18
11
34
29
29
29
23
37
29
26
26
11
15
29
33
24
28
29
11
23
25
29
29
29
29
26
28
28
33
29
21
24
29
13
26
29
29
16
29
29
26
11
11
20
11
15
11
15
29
29
29
26
