11
21
29
11
20
26
11
26
11
26
16
14
11
19
37
36
28
27
29
28
19
28
19
19
19
22
15
19
15
12
19
19
38
19
19
19
28
29
28
18
20
19
19
19
11
27
30
29
19
28
29
27
21
11
27
19
29
28
11
29
18
11
25
18
11
17
11
22
20
19
11
11
21
11
14
24
26
13
24
25
29
23
11
25
29
23
29
27
28
29
29
29
19
26
11
25
29
29
33
27
11
21
29
29
26
29
29
29
29
29
29
29
29
11
25
29
36
29
29
16
18
20
34
15
11
24
11
23
11
22
11
22
12
11
11
11
19
12
25
11
31
31
15
12
23
11
25
11
28
11
11
19
11
25
14
16
11
28
21
15
19
11
11
19
12
11
11
23
11
29
11
23
15
20
15
11
23
11
25
11
11
35
11
22
11
11
16
12
11
11
11
17
16
11
28
11
24
11
11
12
11
24
11
25
11
24
16
22
30
11
11
34
11
13
24
15
11
29
20
11
21
20
14
16
13
11
30
16
11
24
14
21
11
11
12
11
11
11
16
12
11
11
11
32
14
11
25
13
19
11
26
11
25
11
11
11
11
25
14
13
28
30
20
29
13
24
13
24
29
21
11
11
20
26
16
11
38
26
19
30
25
24
11
23
32
25
33
34
23
39
11
37
11
11
31
24
11
35
13
11
22
23
29
16
23
11
24
11
19
11
38
19
33
11
25
30
22
19
12
12
13
11
24
21
29
11
13
13
22
28
11
33
21
27
11
19
11
29
30
17
31
13
31
11
25
11
19
17
17
11
11
17
38
11
34
21
11
25
11
24
11
19
11
13
17
32
11
28
13
11
26
22
43
11
27
17
11
14
28
15
11
26
26
26
23
33
25
11
11
12
11
37
24
13
28
27
11
18
28
28
24
15
11
25
11
11
24
16
29
11
32
36
15
13
11
16
11
15
19
13
23
29
29
11
11
11
11
11
11
11
26
14
25
30
24
11
22
11
11
11
16
29
29
29
31
13
18
11
15
11
22
26
29
29
23
11
15
11
18
11
12
11
15
23
29
33
11
15
23
11
15
19
29
11
25
11
24
18
20
29
22
16
11
11
11
16
19
11
17
11
19
27
19
11
27
19
14
11
11
11
11
27
17
13
17
19
28
29
28
27
11
25
20
29
11
11
26
37
11
13
25
29
27
20
29
28
27
39
19
29
28
29
28
26
11
13
11
11
11
11
11
11
14
11
14
11
11
11
19
11
11
11
13
11
14
17
11
15
11
13
11
14
11
15
11
15
11
11
24
11
22
11
14
14
26
15
11
23
11
11
14
11
11
11
37
11
18
13
19
11
18
16
11
22
11
11
14
11
25
11
15
11
18
16
11
22
16
34
11
11
11
11
11
11
12
12
11
11
11
11
11
12
11
13
15
11
11
19
11
11
11
11
16
14
11
22
11
11
17
19
11
11
12
11
11
11
15
12
12
18
11
11
23
11
15
14
14
11
11
11
11
11
13
15
11
12
11
11
15
12
18
11
11
12
16
12
12
12
11
11
11
11
11
11
11
11
11
11
15
11
13
29
19
29
29
28
11
20
29
29
30
11
