11
11
11
11
11
12
13
13
14
12
11
24
11
14
11
28
11
13
20
11
11
14
16
12
21
16
11
11
11
22
11
20
17
24
11
39
17
11
11
11
12
11
11
12
11
11
11
11
11
11
11
11
11
11
11
11
11
11
18
19
13
11
19
11
17
14
11
11
29
33
29
33
29
29
29
29
33
11
22
33
36
11
14
24
24
18
35
11
13
11
28
29
29
19
19
19
19
19
19
19
37
23
11
20
27
28
28
29
29
27
29
28
27
29
28
28
29
28
19
38
27
29
28
29
30
28
29
27
29
29
11
17
19
19
11
19
11
11
16
19
19
19
37
29
11
18
19
11
16
11
18
11
11
27
25
11
11
20
19
11
17
19
19
17
11
19
11
18
19
27
11
27
12
11
11
11
13
11
11
11
25
26
11
34
12
13
14
13
14
11
11
18
11
13
14
16
11
11
11
13
11
11
12
11
11
13
11
11
15
11
11
11
11
11
11
11
11
15
21
11
17
22
23
11
22
16
20
11
25
29
33
29
29
26
30
33
11
27
11
30
24
13
31
33
29
33
13
11
11
11
11
14
12
11
24
29
22
44
20
27
11
27
29
29
29
23
11
15
11
15
11
22
29
25
31
23
11
15
11
15
11
28
29
27
15
13
11
18
11
11
11
20
29
21
25
30
23
11
11
17
11
11
31
29
21
28
23
11
18
11
20
11
25
11
11
33
29
29
29
26
30
27
28
29
26
16
23
29
13
20
11
18
11
15
11
32
16
33
29
11
18
11
16
11
18
23
16
13
29
11
26
22
23
11
15
11
22
27
11
11
27
29
33
23
11
25
22
29
11
30
11
28
23
19
12
24
39
20
13
20
29
11
15
11
11
28
11
20
29
19
19
11
11
21
11
13
11
14
11
15
36
26
26
29
29
29
29
29
30
23
20
22
27
29
29
27
28
29
29
11
25
22
31
24
24
21
11
20
16
30
25
20
15
11
20
20
11
24
11
11
12
11
27
26
22
19
11
18
19
29
11
28
20
24
14
13
20
33
36
23
33
11
24
11
11
11
24
15
11
22
17
16
13
11
13
11
16
18
11
14
11
19
13
20
33
11
15
11
24
30
11
20
34
12
11
11
40
25
11
25
32
14
11
13
31
11
11
11
19
11
26
28
19
11
26
21
17
11
23
16
11
35
27
11
14
11
28
11
11
20
15
16
14
13
16
19
23
11
11
11
20
17
11
11
30
11
26
13
11
11
11
23
19
11
21
11
21
11
28
11
16
11
39
11
30
11
14
13
28
36
13
11
33
29
11
11
11
11
25
16
16
20
12
21
14
11
11
19
11
13
14
11
19
11
23
19
11
28
11
12
13
11
12
14
11
11
11
11
15
11
38
25
17
11
12
16
12
11
11
11
14
25
21
17
13
11
27
19
18
20
23
12
17
11
11
11
11
25
12
11
11
14
11
11
11
11
14
14
11
11
11
12
11
14
15
11
24
11
15
16
28
19
15
21
33
26
19
29
11
21
11
20
22
17
11
18
16
20
16
11
25
14
19
11
24
28
11
17
13
25
11
11
29
11
16
38
11
25
19
16
11
31
11
23
34
