26
34
26
26
26
26
26
26
11
32
29
33
26
26
26
26
29
19
26
26
29
13
11
22
11
11
18
12
11
17
35
27
14
28
28
34
29
29
28
21
29
29
19
17
11
28
29
19
24
13
24
23
20
19
28
11
18
37
11
28
19
19
19
19
19
19
28
29
11
35
16
16
11
14
21
12
13
16
14
25
28
27
30
27
29
30
28
19
28
28
28
29
27
29
28
27
25
12
11
19
28
29
29
30
17
11
28
28
28
29
17
11
11
11
11
14
13
14
11
12
13
11
17
11
20
20
18
11
20
12
17
11
11
11
20
11
16
11
11
14
15
11
14
11
13
25
11
11
16
11
24
19
19
13
11
11
15
23
11
18
12
11
11
19
17
11
11
11
11
11
11
11
11
11
11
12
12
11
22
11
19
13
14
15
11
11
15
14
11
11
12
11
15
11
11
12
11
11
14
12
17
11
12
11
11
11
11
15
11
11
11
14
29
11
15
11
35
36
29
24
29
29
29
36
29
11
11
21
29
11
15
11
15
11
15
33
19
29
33
11
15
15
13
11
11
11
11
20
29
33
23
11
15
11
15
11
12
29
29
29
21
27
27
33
29
29
16
29
11
15
11
15
11
15
16
23
26
24
35
11
18
23
11
15
25
11
24
15
29
11
15
13
11
25
19
29
27
23
33
28
21
11
22
23
23
11
25
29
30
11
27
28
29
19
11
11
17
19
19
20
19
19
11
17
29
29
30
26
33
29
33
26
11
11
34
11
32
21
28
17
11
12
11
14
11
15
29
11
11
27
26
29
13
27
21
11
29
13
29
19
39
29
11
11
18
28
19
29
11
15
23
11
25
20
19
17
11
18
19
19
19
19
19
29
28
16
11
11
11
11
18
13
11
11
12
11
27
33
22
17
33
11
22
19
28
27
11
22
25
27
29
11
28
19
28
20
19
19
19
19
19
19
17
26
13
20
18
11
11
11
14
11
11
11
12
12
11
15
13
37
14
13
19
11
17
20
12
16
28
11
27
20
18
11
14
11
11
11
20
19
28
19
12
13
11
11
19
19
19
19
19
29
27
29
27
29
13
11
14
19
28
28
19
20
19
18
11
18
11
18
20
24
23
23
29
29
17
15
28
29
11
28
11
31
28
29
11
15
11
13
12
11
25
29
17
34
14
19
33
11
22
33
30
13
22
23
29
26
27
34
31
20
11
17
18
29
36
29
26
29
13
11
25
14
25
11
15
11
12
11
18
29
29
23
33
11
22
19
11
32
26
29
29
33
11
28
29
26
11
11
11
14
16
11
22
16
26
23
11
25
29
21
18
19
11
15
11
15
18
11
18
28
29
23
11
18
11
15
11
32
16
27
25
26
16
11
20
29
14
21
11
17
12
11
11
24
11
17
15
11
15
11
25
11
40
11
12
11
24
17
20
11
11
16
32
27
26
29
21
21
28
11
18
27
11
23
33
18
11
11
13
18
11
16
11
13
11
11
16
19
31
14
16
11
29
15
11
22
11
14
11
17
12
14
19
11
12
11
25
12
19
13
28
11
11
11
21
11
13
15
13
11
11
13
17
11
11
11
11
14
11
20
15
19
11
14
12
11
20
17
11
19
11
11
11
14
14
11
14
12
11
11
18
15
11
15
11
19
11
14
11
11
13
11
14
13
11
11
13
15
11
11
18
11
11
11
11
11
27
24
11
14
11
13
14
11
11
11
11
11
11
11
11
11
11
11
11
11
11
12
11
11
15
20
11
21
11
25
11
22
11
25
11
17
11
14
11
11
11
14
13
11
13
11
12
11
11
11
11
11
12
12
11
11
13
11
14
16
13
13
15
11
11
11
11
11
11
11
11
11
11
11
13
11
11
11
11
11
17
13
12
11
11
12
11
11
13
15
11
11
12
14
15
11
11
11
11
11
11
11
11
11
11
11
11
11
11
13
11
11
11
13
11
11
11
13
15
11
11
11
11
11
11
11
11
11
11
11
11
11
12
11
11
12
11
13
15
13
11
11
12
12
11
16
11
12
11
23
11
31
11
11
11
23
11
21
15
19
11
12
12
11
11
11
15
11
17
11
16
13
12
12
11
11
19
17
11
13
11
11
19
11
11
21
15
11
25
11
11
19
11
20
23
11
18
11
15
11
22
11
11
11
13
11
18
11
22
11
13
11
11
11
11
11
11
11
11
11
11
11
11
11
11
11
21
11
13
11
20
11
15
11
11
17
11
17
11
20
11
15
14
11
14
16
11
15
11
15
11
11
21
11
15
11
15
11
25
11
11
11
16
11
24
11
16
23
11
18
11
16
11
31
11
15
11
11
14
11
15
11
15
11
22
11
15
11
11
17
11
15
11
15
11
15
11
15
11
15
11
18
17
11
15
11
15
11
22
11
11
11
12
20
11
15
11
11
14
11
13
11
25
11
17
11
13
11
14
23
11
22
11
15
11
15
11
15
11
15
11
15
11
22
16
11
15
11
15
11
15
11
11
11
11
11
11
11
11
11
11
11
11
11
11
11
20
11
11
11
17
22
11
15
11
22
11
15
11
15
11
14
21
11
15
11
15
11
15
11
11
14
19
11
15
11
15
11
19
11
22
11
15
15
11
16
11
15
11
15
23
11
18
11
38
11
15
11
11
11
16
11
15
11
15
11
15
11
15
11
15
11
15
11
15
11
15
19
11
15
11
15
11
15
11
15
11
15
11
15
11
15
11
15
11
15
11
18
11
15
11
15
11
15
11
15
11
25
30
26
29
19
11
11
23
11
25
11
24
12
16
11
11
22
11
13
11
11
11
11
11
11
11
11
12
13
11
12
11
13
11
11
14
11
16
11
12
11
14
15
11
11
11
11
11
11
11
11
11
11
11
13
13
11
11
11
11
29
29
23
33
11
11
18
11
17
15
13
19
19
20
11
17
19
28
19
11
17
23
14
19
19
18
19
19
15
14
19
19
19
19
19
19
19
19
17
20
19
19
19
11
28
11
17
29
11
12
