14
23
11
11
29
11
11
22
12
23
11
11
11
11
11
11
11
11
12
17
11
20
11
24
11
13
28
11
11
11
25
11
20
11
26
11
21
11
21
17
16
11
35
11
24
13
19
11
17
11
11
11
14
11
17
15
11
15
11
13
11
13
11
14
14
11
11
12
11
11
17
13
11
11
11
11
11
11
11
13
15
15
14
13
11
11
11
11
12
15
11
16
11
11
12
12
15
16
14
11
12
11
11
11
11
11
11
11
11
18
12
11
25
21
29
13
26
27
16
19
35
25
28
29
16
29
29
29
29
26
26
29
29
29
11
22
19
29
29
28
27
29
29
29
30
29
29
29
11
35
29
29
11
25
29
28
32
19
11
11
15
20
30
23
11
30
11
30
33
27
11
21
27
20
19
15
34
18
28
11
11
20
11
11
20
11
35
11
24
18
11
21
11
24
21
30
11
18
11
14
51
16
11
27
19
28
19
11
25
11
25
13
11
15
37
17
18
16
32
11
14
26
11
26
15
29
29
13
29
29
29
16
29
43
29
23
11
15
11
15
11
22
11
32
29
11
24
12
28
29
19
19
19
19
19
11
26
20
11
14
13
17
11
19
18
16
12
11
19
28
27
20
19
19
19
19
13
15
28
28
19
19
11
18
19
19
11
11
16
28
29
28
19
19
18
11
16
11
11
27
28
29
29
27
22
29
11
15
11
25
11
15
11
14
20
11
28
29
29
29
36
29
16
29
29
30
12
11
12
24
29
11
28
27
20
19
11
16
19
19
19
29
19
28
20
19
18
13
16
19
18
28
11
18
19
20
19
19
11
14
12
20
11
18
19
19
19
20
19
28
11
17
28
19
12
15
11
19
19
19
19
11
17
11
16
19
19
34
23
33
23
26
11
20
11
23
23
11
11
11
16
11
32
26
26
26
29
29
29
29
29
29
11
20
25
24
11
21
29
26
29
29
23
11
15
20
11
19
12
19
22
25
11
24
11
15
11
26
22
29
29
43
16
31
11
16
11
12
11
15
19
11
16
24
14
29
20
11
18
11
11
11
15
19
19
25
19
11
21
17
11
11
18
19
19
19
26
11
28
29
19
26
11
11
18
17
11
28
15
22
19
18
13
15
14
14
18
11
18
19
30
11
11
12
11
21
19
15
11
11
20
28
19
28
11
17
19
11
11
11
23
27
20
11
37
29
29
28
19
28
19
25
13
28
28
18
29
20
30
19
33
13
11
28
27
24
15
25
13
29
28
11
28
29
19
19
25
19
28
19
19
19
19
19
19
19
18
19
19
14
14
19
19
11
15
11
11
18
11
17
19
19
19
19
19
19
28
24
12
36
13
11
17
20
20
11
11
17
19
29
29
20
11
27
19
19
11
11
16
19
27
27
11
11
17
12
18
19
19
13
11
13
21
25
20
16
11
11
11
17
19
20
16
11
11
19
20
19
19
18
29
28
28
27
29
19
19
14
11
12
19
18
11
18
19
11
11
16
13
15
19
19
28
11
27
19
13
11
13
19
19
19
11
27
38
19
19
16
11
11
19
19
19
19
19
19
29
37
18
12
19
14
11
12
17
11
19
25
23
27
20
29
29
11
12
15
11
17
19
18
20
14
14
14
14
14
14
29
19
28
11
11
15
19
11
11
11
11
11
11
11
11
11
11
11
11
11
11
11
11
11
11
20
11
22
11
25
11
11
11
11
11
14
11
26
11
11
32
13
19
19
20
19
19
12
16
20
19
12
16
19
19
11
17
11
14
11
11
19
19
19
15
11
11
20
19
19
19
11
13
11
11
11
20
20
16
22
16
12
20
16
11
11
13
14
11
11
14
11
12
11
15
11
17
19
19
19
19
11
18
19
18
11
28
11
28
19
19
19
19
13
13
11
11
11
11
15
11
18
20
18
11
16
11
11
14
11
11
11
11
15
15
11
13
13
13
11
11
18
14
19
11
11
17
11
11
11
11
11
12
15
11
13
14
11
13
12
11
15
11
23
11
22
11
29
35
11
11
12
11
13
11
11
13
11
12
11
13
11
15
11
13
12
11
31
11
15
13
11
14
11
11
11
34
11
11
21
11
11
13
20
11
11
12
11
19
11
15
11
22
11
12
15
14
11
20
27
11
11
11
17
26
11
12
17
21
11
18
11
18
23
11
18
11
15
11
18
11
15
11
14
11
16
21
11
11
11
15
20
13
11
15
11
15
11
11
11
11
11
11
11
11
11
11
11
11
11
11
15
11
15
11
16
18
11
11
21
14
25
11
28
11
11
11
15
14
11
12
11
15
11
11
11
20
11
11
26
11
11
11
11
18
11
18
11
18
11
15
11
16
16
11
13
11
17
11
18
11
15
11
12
11
17
25
11
18
11
11
11
16
26
11
18
11
18
11
11
11
11
11
11
11
11
11
24
11
15
11
15
11
12
11
14
11
16
11
15
11
14
11
23
11
11
11
16
11
18
20
11
11
20
11
15
23
11
15
11
15
15
11
17
23
11
15
11
13
11
17
11
15
11
18
11
15
11
13
11
11
28
11
20
11
20
11
20
11
14
11
17
11
14
13
11
15
11
15
11
15
11
25
11
14
11
13
11
17
11
21
11
15
11
14
11
29
11
23
11
15
26
11
13
19
11
14
11
22
11
15
11
15
11
15
11
15
11
15
11
15
11
20
11
17
11
15
11
18
11
15
11
15
11
15
11
15
11
15
11
11
24
11
15
11
15
11
15
11
15
11
15
11
11
13
11
16
11
11
17
11
15
11
22
19
11
15
11
22
11
15
16
11
15
11
15
11
18
11
15
11
15
23
11
15
11
15
11
15
11
15
11
15
11
15
11
15
11
15
11
15
23
23
11
18
11
15
11
15
11
15
11
15
11
15
11
15
11
15
11
23
11
11
11
14
11
15
19
11
22
11
22
11
15
11
15
11
15
11
15
11
15
11
22
11
15
16
11
15
11
15
11
18
11
15
23
11
15
11
15
11
15
11
15
11
15
11
13
11
14
11
15
11
11
14
11
22
11
15
11
15
11
15
11
15
11
15
11
15
11
15
11
15
11
26
22
11
13
11
19
11
23
11
19
11
15
11
15
11
13
11
11
11
11
11
11
11
11
11
11
11
11
11
11
11
11
11
11
11
11
11
11
11
11
11
11
11
11
11
11
11
11
11
11
11
11
11
11
11
11
11
11
11
11
11
11
11
11
11
11
11
11
11
11
11
11
11
11
11
11
11
11
11
11
11
11
11
11
13
12
11
11
11
11
11
11
11
11
11
11
11
11
11
11
11
11
11
11
11
11
11
11
11
11
11
11
11
11
11
11
11
11
11
11
11
11
11
11
11
11
11
11
11
11
11
11
11
11
