101
106
101
101
101
103
103
101
101
101
103
101
110
105
101
101
103
101
106
101
101
112
103
101
103
111
115
101
106
102
101
103
101
102
102
101
102
101
112
101
101
102
113
107
103
101
102
101
112
101
108
101
101
101
101
102
104
102
101
101
102
102
103
101
101
101
101
106
109
104
105
103
105
108
105
101
122
101
106
101
101
113
118
101
101
102
101
111
101
103
101
101
101
101
101
101
108
109
101
105
105
110
121
120
112
101
101
113
106
101
101
101
109
120
103
101
105
101
101
101
101
101
113
119
116
101
101
101
101
101
102
108
108
101
101
101
101
101
101
101
101
101
101
101
115
101
101
101
101
101
106
101
108
101
101
101
101
101
101
106
103
109
101
106
101
101
101
101
101
101
102
101
101
102
101
101
101
101
102
101
101
101
101
103
112
106
103
106
101
102
101
101
102
101
101
112
101
101
105
101
101
103
101
116
101
101
102
101
101
101
101
101
101
102
103
101
101
101
101
101
101
101
106
101
101
101
101
101
101
101
101
