101
122
101
114
113
119
101
107
101
108
106
107
102
113
106
103
102
106
105
113
101
123
101
104
101
104
110
103
101
106
108
102
111
101
108
107
102
103
101
101
105
105
101
105
102
110
101
111
103
105
102
101
101
120
105
113
119
101
102
113
123
101
108
103
101
101
112
102
101
106
112
101
101
101
101
119
109
109
101
101
101
106
101
120
111
105
106
101
114
101
120
105
109
105
101
101
111
108
101
118
102
109
124
109
101
112
106
104
106
102
104
103
120
106
112
101
118
101
118
102
111
107
101
101
101
105
104
101
112
110
105
101
101
101
101
101
101
104
103
107
101
104
102
107
101
101
102
101
106
106
101
101
101
101
101
101
101
101
101
101
102
101
101
101
101
101
101
101
106
101
101
101
101
101
102
101
101
101
101
101
101
101
104
101
101
102
106
101
101
101
111
105
106
101
101
103
101
101
102
103
110
103
109
111
101
105
101
101
101
101
103
101
101
101
101
101
101
101
101
101
101
101
101
101
101
101
101
101
101
101
101
101
101
101
101
101
101
101
101
101
