28
29
29
29
33
23
33
29
29
26
29
29
29
29
29
30
11
35
26
11
11
13
12
12
11
11
24
13
11
28
11
27
28
21
11
11
17
11
17
11
11
18
11
11
11
15
11
18
11
27
11
18
19
22
11
30
11
21
11
11
14
11
11
18
39
15
11
16
11
11
11
11
11
16
19
11
17
11
15
13
19
16
11
26
11
24
16
36
27
11
30
11
37
23
19
11
16
11
33
17
27
26
11
24
18
32
11
25
35
26
11
34
12
16
11
31
37
36
15
15
11
26
11
25
32
11
18
12
24
11
18
30
11
38
11
29
34
11
25
18
11
24
14
11
11
30
20
11
20
11
22
16
11
17
11
32
17
11
19
19
19
26
11
14
24
11
23
11
20
12
39
16
21
14
14
42
16
16
11
38
25
33
19
15
13
11
28
11
18
23
21
11
24
29
11
32
11
27
39
11
27
11
19
19
11
29
31
11
11
17
19
26
11
22
11
21
16
11
22
11
14
11
11
14
16
11
18
19
11
11
11
19
11
22
11
12
11
11
31
13
13
25
11
19
12
26
12
17
11
11
11
11
11
14
12
11
11
11
11
11
11
11
13
11
12
11
11
11
11
11
11
11
12
11
11
12
12
12
12
12
13
11
13
13
14
11
15
13
36
21
28
27
12
11
26
11
26
36
11
26
11
24
33
11
19
16
11
28
12
14
23
13
15
26
11
30
11
11
23
11
24
11
23
11
11
11
17
19
11
25
21
19
32
13
19
11
26
11
24
11
23
11
24
33
11
26
19
33
18
11
16
13
12
13
15
11
11
11
18
17
19
12
13
11
11
26
16
19
11
12
15
11
11
22
11
11
11
11
11
13
11
12
11
11
11
11
28
13
11
29
17
28
11
31
18
15
18
11
11
25
11
31
24
16
11
11
11
11
11
11
14
11
23
26
15
39
14
19
11
32
36
13
11
16
28
11
22
11
11
11
11
11
18
32
11
11
11
23
36
22
37
27
21
28
15
11
28
31
11
27
36
16
11
23
17
17
12
11
11
35
11
24
33
21
17
16
11
11
15
29
13
20
16
16
11
17
11
25
11
11
13
11
17
13
11
11
11
29
11
25
18
16
15
11
11
15
17
11
11
11
19
11
17
18
11
11
24
21
13
11
24
11
37
20
29
29
32
11
17
19
16
29
29
36
30
29
24
28
29
29
29
31
11
24
29
39
27
23
13
12
11
32
11
30
11
38
11
25
23
34
11
17
11
11
15
12
31
35
17
11
19
18
11
19
19
18
11
11
21
11
14
11
11
23
11
11
25
11
25
11
21
17
11
27
14
15
18
18
17
12
29
19
27
11
19
30
11
20
13
19
11
27
11
14
30
11
13
11
14
11
17
15
30
11
11
14
11
19
12
15
29
13
11
23
14
11
13
11
18
12
14
35
15
22
28
13
22
11
20
12
13
20
11
15
16
21
11
11
13
12
11
16
13
19
11
11
14
11
19
11
11
30
24
35
29
33
17
25
20
11
28
29
27
29
23
25
11
36
22
11
20
25
11
29
29
22
19
19
28
19
19
18
19
19
19
14
13
29
19
19
19
19
19
19
19
19
14
11
12
19
26
11
11
19
19
12
17
19
11
11
17
19
11
27
19
26
28
12
26
13
30
11
11
13
20
19
13
11
14
11
17
11
18
11
18
27
19
23
11
14
19
15
13
23
16
11
24
11
11
11
11
25
11
11
11
12
11
31
11
16
12
11
19
11
23
11
19
19
11
19
11
11
11
16
11
15
11
11
16
11
12
11
11
25
11
14
11
16
11
20
15
11
11
17
11
11
11
23
12
11
11
17
11
11
11
11
27
11
11
16
11
22
11
12
11
11
23
11
26
11
11
11
12
12
11
14
16
11
11
11
19
22
11
16
11
11
13
17
11
21
22
16
12
11
21
11
14
12
11
20
11
11
11
21
16
11
11
20
12
16
15
11
28
11
11
11
14
11
12
13
13
11
12
11
21
11
15
11
15
11
15
11
15
11
15
11
15
11
15
11
15
11
15
11
15
11
11
13
11
11
13
17
23
13
15
11
12
13
11
12
13
13
11
11
11
11
17
11
13
11
17
11
11
15
22
11
15
11
18
20
11
22
11
11
14
11
18
11
15
23
11
14
11
11
17
11
26
11
21
11
20
11
12
11
28
11
12
11
11
11
11
11
11
11
11
11
11
11
11
11
16
11
27
18
11
11
11
11
11
11
11
18
11
23
11
12
11
12
11
11
11
11
11
11
11
11
11
11
11
11
20
11
11
11
13
19
11
11
11
13
11
13
11
17
11
15
11
15
11
21
11
11
11
13
11
18
15
12
11
11
11
11
22
11
11
12
11
16
16
16
12
11
11
11
11
11
11
11
12
13
11
12
16
11
11
14
11
11
11
11
11
12
12
11
11
12
11
11
12
11
11
11
16
11
11
13
14
11
12
11
12
12
11
11
11
11
11
11
11
11
11
12
12
11
11
11
14
12
11
11
11
12
12
11
11
13
14
11
11
11
13
22
21
18
17
11
12
12
12
11
11
11
11
12
11
11
12
11
12
11
12
12
11
11
13
11
13
11
11
14
11
11
11
11
11
11
11
11
17
16
11
12
11
15
11
18
19
11
17
21
12
12
11
18
14
11
13
11
11
11
15
11
11
15
11
11
11
15
19
19
11
17
19
19
11
14
12
11
21
11
11
12
16
11
11
11
27
14
17
11
11
11
11
14
13
13
13
11
11
23
11
13
12
16
11
15
11
12
16
19
19
11
14
11
19
11
11
11
11
11
11
13
15
11
19
13
11
11
11
13
12
19
11
15
11
11
21
11
15
11
18
11
15
11
15
11
15
11
15
11
15
11
15
11
15
11
15
11
15
11
15
11
15
11
15
11
15
11
15
26
29
23
11
15
11
15
16
11
26
11
25
19
11
11
11
20
11
18
24
11
20
11
24
11
26
11
25
11
23
23
11
11
27
11
26
16
11
24
11
28
11
20
11
25
11
17
11
11
20
11
11
11
11
14
11
18
19
11
11
11
16
11
29
17
14
11
12
11
17
11
11
11
11
11
16
11
11
11
11
11
11
11
11
19
11
25
11
24
11
11
11
17
11
