11
20
26
26
26
26
26
26
31
28
29
29
26
26
26
26
29
29
27
29
26
13
31
15
19
11
11
11
11
12
29
11
11
21
11
15
11
12
29
29
29
23
11
15
11
22
33
29
11
22
29
29
29
29
11
25
29
11
22
23
11
11
11
18
15
22
13
11
11
11
20
14
21
14
11
11
19
11
18
11
33
13
18
11
24
11
11
13
16
15
11
18
11
18
11
23
12
24
15
11
11
20
27
17
12
11
11
14
11
11
12
11
14
14
11
14
12
17
11
11
11
13
13
11
11
11
11
11
17
13
15
11
13
12
14
13
12
18
13
13
11
11
11
13
15
11
11
11
14
11
12
11
13
11
11
12
11
13
11
12
11
11
11
11
17
11
16
12
14
12
13
11
11
11
11
20
11
18
12
11
11
11
11
20
13
11
18
13
16
20
25
11
16
16
11
13
12
14
11
14
13
11
11
12
12
15
22
29
28
20
19
19
19
19
20
19
19
19
29
27
29
29
29
21
25
11
28
28
18
11
18
11
27
28
11
28
20
17
27
26
11
20
27
29
28
24
11
11
14
14
11
17
11
15
15
13
11
15
13
13
11
11
13
12
11
11
11
13
11
12
11
14
11
16
20
13
16
11
12
11
15
13
16
21
11
20
19
11
26
11
11
20
13
11
11
15
11
13
18
16
11
19
11
11
17
13
16
22
23
11
27
24
11
26
11
11
17
11
13
11
11
18
11
12
30
11
28
11
11
33
11
11
19
11
11
11
11
11
16
12
12
11
11
11
11
13
11
11
11
11
11
11
11
11
12
16
13
11
11
11
11
11
11
11
11
13
12
11
12
12
11
12
12
11
15
12
11
11
12
11
12
11
11
11
13
11
12
12
11
11
11
11
14
25
16
11
11
11
11
25
11
11
11
11
11
13
11
14
11
11
12
11
11
13
12
12
11
12
15
11
11
18
11
20
29
11
11
26
19
27
11
18
11
11
11
24
11
13
17
18
29
11
33
11
13
16
12
11
15
12
12
44
11
27
11
21
24
14
11
19
12
14
11
25
11
11
11
16
12
22
13
14
15
11
11
11
11
11
14
14
12
14
12
13
11
12
11
11
11
13
11
11
11
12
11
11
11
11
11
11
13
16
11
14
11
20
11
12
14
11
11
11
11
12
13
11
11
11
16
11
11
11
11
11
11
11
11
11
11
12
11
11
11
11
11
11
11
11
11
11
18
13
13
11
11
14
15
17
12
11
11
14
11
11
16
15
11
12
16
11
11
11
11
13
11
11
11
18
11
14
11
11
13
11
11
11
13
15
16
15
11
15
15
13
25
15
14
18
12
18
11
12
11
11
11
11
15
12
12
11
24
13
11
17
11
17
22
11
13
17
18
28
11
30
21
11
21
31
11
11
31
16
19
13
15
25
11
18
27
13
11
27
11
11
30
41
28
27
19
11
11
27
33
33
23
33
39
26
33
26
26
29
19
29
25
11
33
29
16
29
25
11
20
36
11
19
29
22
11
11
28
18
20
19
19
19
19
19
21
32
13
19
19
17
13
16
19
12
15
14
11
12
19
19
19
19
28
28
17
11
11
18
28
19
20
16
11
11
19
19
29
22
11
24
11
18
19
19
19
17
17
12
13
15
17
11
24
11
20
19
33
11
15
11
22
11
11
18
16
19
29
20
29
29
13
23
23
11
25
11
15
11
17
21
11
15
11
15
19
36
16
23
30
33
11
22
29
26
11
11
21
11
13
11
28
11
26
13
14
18
11
14
11
11
25
11
22
29
20
12
27
27
29
15
11
16
11
15
11
12
26
29
29
29
11
11
11
23
11
15
11
15
11
18
11
15
11
15
11
22
29
29
29
29
29
26
19
28
26
11
24
11
