101
101
101
101
102
101
101
102
102
109
103
103
101
101
102
101
109
103
122
102
101
101
106
101
101
101
101
107
101
116
101
111
101
101
109
116
112
119
115
101
105
105
105
103
101
101
101
113
113
119
101
101
106
101
120
106
106
101
101
103
101
115
101
101
112
103
105
101
104
121
101
106
106
109
101
101
101
101
122
101
118
101
103
101
114
119
101
118
116
101
118
101
101
105
104
105
107
114
103
111
101
106
105
112
106
107
101
110
113
105
101
101
117
109
103
108
101
101
101
107
106
102
101
101
104
104
101
105
104
103
101
102
103
101
101
101
101
101
114
101
104
101
101
109
106
105
101
108
101
108
109
103
101
101
101
101
102
101
101
104
114
109
101
106
101
101
106
101
104
101
101
103
101
101
112
103
107
101
101
101
101
101
111
101
101
101
101
105
101
104
101
109
101
102
101
101
110
101
101
101
101
101
101
101
101
101
108
101
110
101
111
108
101
112
101
101
101
101
101
101
101
