103
105
113
103
101
104
106
101
105
116
103
103
101
113
101
120
101
101
101
113
113
119
110
104
108
113
116
101
105
103
110
101
120
123
116
101
101
129
101
102
102
101
109
101
109
101
105
102
101
112
102
114
101
101
107
101
106
101
109
108
106
101
102
101
101
101
101
101
101
101
108
106
104
103
101
110
101
111
109
101
101
117
101
103
101
125
101
101
121
113
101
105
101
101
101
126
107
101
102
103
102
101
101
101
123
113
109
101
101
110
101
101
118
103
119
113
102
106
101
101
101
101
101
105
101
102
101
104
101
103
103
112
101
101
101
102
102
102
110
101
101
101
101
101
101
101
101
116
101
101
101
116
107
101
101
102
101
105
101
101
101
101
102
102
101
101
101
101
103
103
104
101
101
101
101
101
101
107
102
101
101
101
101
107
101
112
101
102
101
101
103
102
109
104
101
101
101
101
101
101
101
104
103
101
101
101
101
111
111
101
101
101
101
101
101
101
101
101
101
101
101
101
101
101
101
101
101
101
101
101
101
