11
11
11
12
11
11
11
11
11
11
11
11
11
11
13
11
11
11
11
11
12
11
11
11
11
11
11
11
11
11
11
11
11
11
11
11
11
12
11
11
11
11
11
11
11
11
11
11
11
11
13
11
11
11
11
11
11
11
14
11
11
11
11
11
11
11
14
14
13
11
18
11
11
15
16
11
11
11
19
12
11
11
12
11
15
11
11
11
13
12
11
22
12
14
16
17
14
11
11
22
11
11
11
13
11
11
11
12
11
11
25
28
15
16
11
20
19
11
16
11
17
11
11
18
21
11
13
14
11
11
11
11
11
11
13
12
23
33
34
16
11
19
11
29
11
24
11
15
32
13
11
13
12
11
13
12
14
14
15
12
12
11
12
11
17
15
14
11
13
11
14
11
12
17
12
11
11
15
11
13
14
12
12
13
11
16
11
11
11
11
11
13
12
14
11
16
13
13
12
11
11
11
17
15
11
11
11
11
11
11
12
21
12
15
12
12
12
15
16
29
29
20
11
26
18
17
15
11
11
26
11
18
11
23
20
28
19
20
19
19
19
19
19
20
37
20
19
20
19
20
19
19
20
19
29
29
28
30
29
25
13
19
28
29
28
19
29
17
11
11
27
29
13
25
27
11
18
28
28
29
27
11
11
17
19
19
18
29
14
20
11
11
19
19
11
17
19
16
12
27
29
28
28
29
13
19
11
15
11
15
11
15
29
29
29
29
11
15
11
15
11
15
29
29
36
25
27
29
21
11
20
11
28
27
32
29
29
19
19
19
13
15
13
11
12
16
12
29
19
19
19
19
19
19
19
28
20
31
26
28
19
11
28
30
16
21
19
28
29
31
34
11
11
14
19
13
18
11
23
15
13
11
30
29
11
18
40
16
26
32
14
14
28
11
22
12
24
11
24
36
11
20
11
21
24
31
11
25
13
19
11
22
11
11
17
19
11
12
14
11
11
11
17
20
11
21
18
21
13
11
11
13
13
17
13
28
11
24
11
24
11
19
14
11
16
11
11
30
33
11
11
12
13
11
33
11
25
26
19
21
35
33
13
23
11
22
25
14
11
15
16
12
13
17
12
15
23
19
33
13
11
15
11
22
11
15
11
15
29
29
36
29
29
20
12
30
33
30
32
29
29
29
11
15
11
15
39
21
28
33
11
11
14
11
15
22
16
11
29
36
11
15
11
11
24
21
11
14
11
18
11
14
11
17
29
29
29
33
11
16
11
12
11
21
29
29
36
11
18
29
33
29
29
29
33
23
29
29
23
16
24
11
22
18
13
16
11
22
23
11
17
11
11
18
11
12
24
11
11
13
11
11
17
17
17
11
20
11
11
19
11
11
13
11
24
11
12
14
16
11
23
15
11
27
11
11
11
12
12
15
28
21
11
22
14
16
29
11
24
11
18
11
24
11
18
28
11
23
12
19
13
16
26
28
17
19
19
19
16
13
16
25
11
24
11
29
11
17
16
11
16
31
14
12
19
19
19
14
14
18
11
11
22
11
23
11
22
11
11
14
11
16
27
17
18
11
25
23
11
15
23
11
11
11
13
19
19
11
22
13
29
34
32
11
20
22
15
19
11
11
13
11
19
11
14
12
14
17
13
15
11
11
15
11
11
11
11
11
11
11
11
11
11
11
18
22
13
21
12
12
11
19
15
14
11
11
17
15
15
23
14
22
16
11
22
21
11
17
18
12
33
17
11
12
11
11
11
11
16
11
12
13
14
15
11
11
17
11
12
13
13
20
11
18
22
11
20
11
11
12
11
11
12
16
15
11
11
11
11
19
11
18
12
11
17
13
20
11
19
11
15
20
11
11
11
11
11
12
16
11
21
11
11
13
16
19
11
18
11
16
11
13
11
16
14
11
16
11
11
12
13
13
14
11
24
11
11
11
11
11
11
11
11
11
11
11
11
21
11
25
15
11
26
11
11
17
11
11
11
11
14
11
18
11
21
11
23
11
27
11
17
27
11
11
11
11
11
11
11
11
11
22
11
11
11
22
11
17
19
19
11
17
11
22
11
19
11
21
19
15
11
11
20
18
11
21
19
11
20
11
25
11
11
15
11
20
21
17
11
23
18
11
19
11
28
11
22
11
14
11
11
11
27
11
18
19
11
31
11
21
11
11
12
11
38
11
25
29
13
29
28
26
11
11
11
14
11
24
18
11
11
11
11
12
16
11
15
16
11
19
11
11
11
11
11
23
22
11
24
11
11
11
11
11
11
11
11
11
12
11
11
27
17
11
11
13
11
19
11
16
13
11
11
11
11
18
11
11
11
11
11
11
11
11
26
27
12
11
11
11
17
18
11
22
11
26
11
16
17
11
16
11
12
11
12
22
23
11
11
14
11
11
11
17
12
15
16
21
14
18
19
11
15
20
12
11
12
11
15
11
14
17
12
15
20
14
17
11
11
14
11
21
11
23
11
23
11
24
11
21
19
11
30
11
15
25
11
24
18
11
21
11
13
11
14
22
11
11
23
11
11
12
12
14
21
11
18
11
23
11
23
11
22
11
28
11
28
11
22
14
20
11
23
11
25
18
11
20
20
11
17
13
12
11
11
11
11
11
11
11
11
11
11
11
11
11
11
11
11
13
11
11
11
11
11
11
11
11
12
11
11
11
11
13
14
20
14
15
16
12
14
14
18
11
24
11
25
11
20
11
20
11
14
11
11
11
11
11
11
11
11
11
11
25
11
25
11
11
11
11
11
11
11
11
11
11
11
21
14
11
11
11
23
11
24
11
11
13
16
11
21
11
11
17
16
17
11
23
18
11
22
11
11
11
21
11
20
11
22
11
25
11
11
17
17
11
18
11
11
17
11
22
11
11
11
20
11
18
19
11
31
11
12
11
13
15
21
11
24
11
11
15
18
17
11
22
18
11
16
23
11
11
11
16
11
15
12
11
15
11
11
23
18
11
24
11
14
25
11
23
11
12
11
11
27
11
16
25
11
25
11
22
11
25
11
11
11
20
11
13
11
17
11
22
11
23
19
19
11
11
15
20
16
20
11
11
11
11
21
11
11
21
11
23
15
15
19
11
20
11
22
11
22
11
22
22
11
22
11
12
13
11
14
13
17
15
11
21
11
23
11
27
11
26
14
17
11
11
11
24
18
11
22
11
11
27
11
16
11
19
11
28
11
18
11
28
11
18
11
18
11
11
11
11
11
11
11
11
12
11
15
24
11
19
11
25
11
11
11
11
11
11
11
11
11
11
11
11
11
11
11
11
11
11
11
11
11
11
11
11
11
11
11
11
11
11
11
11
11
11
11
11
11
11
11
11
11
11
