116
106
104
115
101
101
101
101
116
106
116
116
101
109
101
101
101
101
101
110
101
115
117
101
101
115
101
101
101
101
109
103
109
101
102
101
108
114
114
101
101
105
101
101
107
101
116
101
101
101
107
103
107
104
106
114
101
101
101
101
101
101
111
104
105
109
105
106
105
116
103
103
113
111
112
116
113
118
101
101
122
109
101
101
113
109
106
123
113
101
101
101
101
104
116
119
101
116
119
106
103
116
116
103
101
118
113
113
101
106
101
106
101
101
101
105
115
104
115
105
101
101
110
113
113
103
101
101
101
101
101
101
106
107
101
109
101
101
101
101
101
106
106
101
103
102
101
101
101
101
101
108
101
108
101
101
106
109
104
101
101
101
101
101
101
101
101
101
101
101
101
101
105
101
113
106
113
103
101
101
101
101
101
101
101
101
102
105
101
101
101
101
101
101
101
101
101
105
101
101
101
101
101
107
101
111
107
101
101
101
102
101
101
101
101
101
102
101
101
101
101
101
101
101
101
101
101
101
101
101
101
101
101
101
