118
119
116
120
101
105
101
113
117
112
109
105
101
103
115
113
109
107
104
101
116
104
101
107
110
101
101
101
101
101
103
101
116
101
107
122
107
101
103
101
103
106
108
101
102
102
101
103
104
101
101
105
101
101
115
104
110
107
102
108
102
108
104
103
115
101
101
108
106
108
114
103
106
101
101
115
101
101
101
101
101
101
101
101
102
110
101
108
101
120
113
101
115
110
116
101
101
101
101
113
103
111
108
103
107
111
101
103
101
101
104
108
120
123
103
109
101
101
111
101
110
101
107
101
101
107
105
101
101
102
101
113
104
101
101
102
104
107
101
113
101
113
101
101
119
102
110
109
106
106
101
102
101
106
101
114
101
115
101
101
101
102
101
101
101
101
101
101
101
103
102
101
101
102
103
101
101
101
105
101
103
101
101
105
101
101
101
102
101
101
112
101
116
104
101
101
105
106
106
106
106
109
107
104
101
101
101
107
107
101
101
101
116
