114
106
106
106
103
101
101
106
109
106
103
101
101
105
101
101
109
116
106
113
112
101
116
103
101
101
103
101
101
102
104
101
106
109
101
102
103
101
106
113
109
109
116
101
113
109
106
109
109
126
105
107
101
111
101
101
106
101
106
120
116
101
113
101
103
119
119
104
105
115
101
101
102
108
101
106
101
101
102
101
104
102
101
106
113
101
101
106
101
101
101
101
119
119
101
103
113
113
101
102
113
109
101
102
103
101
106
101
102
101
101
101
111
130
107
116
101
101
101
106
103
103
106
101
101
101
101
101
113
101
101
104
107
101
101
101
106
102
101
101
101
101
101
101
102
101
105
101
112
101
101
101
101
102
101
109
101
107
109
101
101
101
101
108
101
101
101
120
101
115
106
101
104
108
101
101
102
103
101
112
101
110
101
109
101
104
106
103
106
101
105
106
109
101
102
106
101
101
101
101
101
101
101
107
101
101
107
101
101
116
