101
105
113
106
101
113
103
119
113
101
115
101
101
122
121
101
102
119
101
103
101
101
104
101
104
101
106
102
102
101
111
108
101
102
101
101
101
128
101
114
115
109
111
101
101
101
126
101
116
101
115
107
106
113
102
101
115
105
111
114
101
101
101
103
108
106
102
116
101
107
109
107
101
111
102
101
102
118
102
105
101
101
101
101
108
101
101
101
101
101
101
102
101
101
101
101
101
104
106
113
101
101
101
101
102
118
101
101
102
105
102
101
101
103
102
101
106
103
101
101
103
102
110
102
101
101
101
101
107
103
107
101
101
101
102
101
101
102
101
107
107
101
101
112
101
115
103
101
106
101
118
101
101
101
111
105
101
103
101
103
101
110
101
101
107
101
101
101
101
101
101
101
101
101
108
108
115
113
101
101
101
101
101
108
101
101
102
111
106
101
102
101
101
101
101
101
107
111
104
101
106
101
114
101
108
110
101
101
116
101
102
101
101
104
110
116
101
108
