109
107
101
120
101
102
106
113
113
106
103
106
112
109
104
101
101
105
104
101
107
112
106
114
101
108
105
101
106
106
112
101
114
108
101
106
101
102
120
101
109
102
109
102
101
102
101
115
105
101
113
101
112
109
101
101
101
101
101
106
101
106
101
101
101
103
117
103
106
101
107
104
101
101
101
101
101
101
111
101
102
101
101
102
101
102
104
101
101
101
104
101
101
104
105
101
101
101
101
107
102
106
101
104
101
104
101
108
101
102
101
102
116
105
110
101
101
101
101
102
101
102
108
101
120
101
101
101
101
102
101
101
101
101
101
101
101
101
101
101
102
101
101
101
110
101
101
101
113
101
101
105
101
101
101
101
101
104
102
104
114
111
101
102
101
103
101
101
101
104
101
101
101
101
101
101
107
102
101
102
104
101
102
101
101
101
103
112
101
101
101
101
101
101
101
101
101
101
101
108
109
106
106
113
101
117
101
101
101
111
101
101
101
101
106
106
123
101
105
101
101
101
101
101
101
101
