101
101
101
114
101
101
101
101
102
101
104
101
101
101
102
116
104
119
106
113
101
116
119
101
101
101
107
106
101
101
112
102
113
107
102
106
101
101
107
103
119
109
108
109
101
106
116
101
102
101
106
101
117
106
109
101
101
101
101
101
110
106
101
101
103
106
104
101
117
106
101
101
109
119
113
116
101
101
116
121
106
106
101
101
101
101
101
101
106
103
101
101
106
101
101
118
103
104
112
107
101
114
106
101
108
102
101
101
101
101
109
105
106
101
101
101
101
101
104
101
105
101
114
106
106
101
102
115
105
101
101
106
101
107
106
101
101
107
101
101
101
101
102
101
101
105
101
101
102
102
101
101
101
101
101
102
106
114
113
101
101
107
101
108
101
108
101
101
107
103
101
101
101
106
106
101
105
103
109
101
101
102
112
106
101
101
104
112
101
101
108
111
111
106
101
101
101
106
101
102
106
106
103
106
101
101
101
101
101
102
106
101
113
106
101
101
101
101
101
101
101
101
101
101
101
101
101
101
101
