116
110
116
106
106
115
101
104
101
101
108
102
101
108
106
106
101
118
101
101
101
110
103
101
101
106
101
122
115
101
101
101
120
113
101
108
103
111
106
104
108
106
101
101
101
101
103
101
105
112
115
126
103
101
108
101
101
114
106
108
104
105
101
118
101
117
104
105
106
103
101
112
101
101
121
107
103
101
109
101
101
101
106
101
101
101
101
101
102
101
101
101
101
101
102
101
101
110
106
101
101
107
109
117
102
109
103
113
109
101
112
109
101
105
101
101
101
101
101
101
106
113
116
119
123
106
116
114
101
101
101
101
102
103
101
101
101
101
101
103
