101
106
119
106
116
106
106
103
109
101
118
101
105
105
102
102
101
101
104
103
108
101
101
101
105
103
101
102
102
108
103
101
120
107
101
113
116
115
106
114
104
102
101
101
101
101
101
105
108
114
101
122
106
103
101
101
101
101
103
101
101
103
101
101
122
106
101
101
119
103
102
101
102
103
101
101
101
101
101
101
103
106
101
108
101
101
101
101
101
103
106
106
101
101
125
101
123
101
102
101
101
101
101
101
101
104
105
101
109
107
107
101
101
101
101
101
101
110
103
101
108
101
101
115
119
101
101
116
119
101
