101
101
101
102
103
111
113
101
132
119
101
101
103
101
101
103
103
101
101
101
103
101
101
101
101
107
101
102
101
105
101
101
101
101
101
109
101
101
104
106
101
101
101
102
102
103
102
107
101
101
101
113
106
101
101
101
101
101
108
101
101
101
104
101
101
101
101
101
110
101
121
101
102
103
104
105
109
104
104
101
107
101
115
112
102
111
103
101
101
106
101
101
101
104
101
105
101
103
111
104
101
107
101
103
106
101
108
101
101
102
103
101
103
101
101
102
101
101
101
109
101
107
101
101
101
101
103
101
101
107
115
101
101
101
103
101
101
106
101
102
103
101
103
107
101
101
101
103
110
101
101
101
101
101
101
101
101
101
110
105
101
101
115
110
101
101
109
101
101
101
113
102
101
101
109
101
101
101
104
113
106
101
110
101
101
103
106
109
101
101
101
101
101
101
103
101
101
105
101
105
106
106
106
115
101
101
101
101
109
101
101
101
101
101
101
108
101
109
101
