101
101
115
119
101
101
101
101
101
125
103
119
103
101
106
109
101
101
113
101
113
101
125
103
106
101
101
106
123
119
111
118
119
101
102
109
101
102
105
105
101
101
108
101
101
102
101
104
101
101
101
101
101
102
101
101
103
102
104
101
102
101
101
102
101
101
101
103
101
112
109
101
101
120
105
101
110
101
124
101
122
103
115
106
102
110
101
101
101
103
101
102
103
102
103
105
101
103
101
101
101
103
101
102
105
106
101
107
103
101
101
117
104
104
103
104
101
101
101
101
101
101
101
101
101
101
102
101
101
101
101
101
101
101
101
101
101
101
103
101
106
101
101
101
101
101
101
101
101
101
101
111
101
101
103
102
101
101
101
101
101
101
112
109
108
101
114
102
115
105
111
101
101
112
106
111
106
104
111
101
109
101
112
103
109
101
101
101
101
101
101
101
107
113
109
106
101
101
101
105
101
102
106
106
103
106
101
103
112
101
113
103
106
116
109
106
101
105
