109
101
118
101
116
116
103
101
101
101
102
114
101
101
102
101
101
101
101
101
101
101
102
108
105
114
101
101
102
101
101
101
101
108
101
102
101
109
101
101
101
101
101
101
107
101
101
101
103
101
111
106
104
101
101
101
101
103
101
105
101
101
102
102
106
101
101
106
107
101
101
122
101
101
108
110
108
101
112
101
105
114
102
112
101
101
101
105
101
114
101
103
114
112
108
107
115
101
105
103
108
104
101
101
117
108
108
105
101
110
109
106
101
108
101
101
101
101
108
101
122
105
101
112
101
116
101
106
101
103
101
103
108
101
101
101
108
101
101
101
101
101
101
101
101
101
101
110
104
101
101
101
101
102
101
102
110
120
106
109
101
107
105
101
101
101
101
101
101
109
103
123
109
101
105
109
101
110
106
103
102
114
103
101
101
101
103
106
103
103
106
101
105
106
109
101
101
134
106
106
106
113
101
101
101
102
101
101
101
101
101
101
101
101
101
101
101
101
101
101
101
101
101
101
101
101
101
101
101
101
101
101
