14
11
18
11
11
12
12
11
13
11
12
16
11
15
27
15
11
22
11
16
11
14
11
11
16
11
13
11
16
11
31
15
11
33
17
11
27
37
33
12
37
26
33
11
24
11
22
11
11
11
11
11
11
14
11
12
11
17
13
15
17
11
15
12
11
11
11
11
11
11
11
11
11
11
11
11
11
11
16
11
11
13
11
15
14
11
11
12
11
11
11
11
12
11
11
11
11
12
13
13
14
11
11
11
15
12
12
24
33
30
29
24
29
11
15
26
26
29
36
29
29
29
26
11
23
22
20
29
29
31
11
31
29
29
26
29
29
29
29
29
29
29
23
21
11
29
29
36
29
28
11
11
15
19
15
11
11
20
11
16
12
34
28
18
16
11
21
11
11
11
11
28
14
15
11
31
15
11
24
11
22
11
22
16
19
11
22
15
23
11
27
11
11
43
11
23
11
11
11
24
11
11
11
17
17
11
38
15
24
11
27
30
16
11
22
16
23
16
11
26
11
11
18
11
22
20
16
11
22
11
23
11
28
13
19
11
27
11
20
12
11
11
14
19
11
15
15
20
29
11
24
16
11
12
11
17
11
26
16
12
23
11
25
11
20
11
24
11
11
11
14
19
23
14
11
42
13
32
43
16
19
15
16
11
14
11
30
13
31
11
22
14
17
11
11
36
32
19
18
11
11
29
29
16
26
35
11
24
11
24
37
23
29
16
34
11
11
30
32
16
17
13
11
14
11
11
14
12
11
11
13
11
12
11
16
12
11
11
11
11
13
14
11
11
11
11
11
14
11
11
11
11
11
11
12
11
11
15
19
17
11
13
13
24
11
18
11
12
26
11
11
15
11
11
16
11
27
15
14
11
20
11
11
11
11
11
11
11
14
12
17
12
11
17
12
11
13
11
12
11
11
13
11
11
11
11
14
13
11
16
12
11
11
13
11
11
11
11
13
13
13
11
12
13
11
11
11
11
11
11
11
11
11
11
11
11
11
13
11
11
11
11
44
19
16
11
28
11
35
29
21
25
12
13
24
11
11
26
11
20
28
36
23
12
22
11
27
19
15
17
11
21
16
11
27
36
15
11
27
11
16
19
11
15
22
22
11
28
12
11
26
11
25
16
15
14
11
11
11
11
11
11
11
12
23
19
11
11
11
27
16
23
11
22
20
11
28
24
34
25
29
11
15
11
15
11
20
28
29
12
30
29
11
11
27
11
12
29
29
29
23
11
12
11
13
11
16
11
25
11
28
29
15
11
30
23
11
15
23
11
25
20
39
11
28
29
16
14
11
37
14
11
11
12
12
12
12
11
11
11
11
11
12
11
12
11
12
11
11
15
11
16
21
27
24
25
29
11
22
11
18
26
11
28
33
16
12
13
12
11
24
13
11
11
11
11
11
11
11
12
11
11
11
11
11
11
13
11
12
13
13
12
14
11
11
16
12
13
11
14
12
11
19
18
13
11
16
11
15
11
12
11
15
11
15
11
25
11
11
14
11
32
11
28
15
11
11
11
17
13
17
15
14
11
11
11
11
11
11
11
22
11
11
14
14
15
14
17
13
14
22
11
15
11
11
11
11
12
11
12
11
11
11
11
11
13
11
11
13
11
14
11
14
11
16
16
12
15
13
11
15
11
13
14
15
12
12
14
12
12
11
11
16
17
13
11
12
12
13
11
11
11
14
11
11
11
22
11
19
11
14
14
16
11
11
11
11
11
23
16
13
18
16
11
11
20
13
11
11
11
11
11
11
11
12
12
12
12
11
11
11
17
11
16
13
16
11
11
11
12
11
11
17
12
11
11
16
18
11
11
14
11
15
11
12
