12
16
19
18
13
17
11
11
37
29
20
29
36
29
29
11
22
32
30
29
19
17
20
19
19
11
17
14
12
20
19
18
19
19
28
29
18
19
19
19
11
17
19
19
28
27
20
11
16
18
11
32
15
11
11
16
16
11
11
18
11
11
16
11
18
16
11
12
14
11
28
11
11
11
18
20
19
19
19
18
17
11
11
20
19
19
13
15
19
19
19
19
19
19
19
13
15
14
14
19
19
19
19
18
19
19
19
14
14
19
11
11
13
21
14
14
11
25
12
16
13
11
13
19
19
11
11
14
11
19
15
12
11
13
11
12
14
14
17
18
14
19
11
11
11
12
11
13
11
11
11
14
12
15
13
15
14
16
22
14
11
11
12
11
11
15
11
11
13
11
11
20
11
11
12
13
11
12
11
11
24
19
11
17
17
11
15
11
12
12
16
11
14
11
18
18
11
11
18
12
11
14
12
12
13
19
11
18
20
11
12
11
11
13
15
11
11
17
11
11
15
13
19
11
11
12
11
11
11
15
20
29
29
29
19
11
15
11
11
15
11
22
11
15
11
15
11
15
11
15
11
15
11
22
11
15
23
11
15
11
15
11
15
11
15
11
16
11
11
11
11
11
11
11
11
12
11
11
11
11
13
11
11
11
11
11
11
11
11
11
11
11
11
11
11
11
11
12
11
11
13
11
12
11
11
12
16
11
11
11
16
11
12
11
14
15
12
15
11
13
11
11
11
11
11
14
11
15
17
20
12
11
11
17
15
16
11
11
11
11
11
11
11
11
12
11
16
14
12
11
11
21
16
19
11
22
11
11
11
19
13
13
11
12
12
12
11
11
12
11
11
11
11
11
16
11
12
11
11
11
11
12
11
11
14
11
12
11
17
12
14
11
14
11
11
11
11
11
11
13
11
11
11
12
11
14
19
11
14
20
11
18
11
22
11
13
11
12
11
18
11
13
21
11
15
11
11
14
11
22
11
14
11
15
11
11
11
11
11
11
30
11
23
11
24
18
11
12
11
11
26
11
18
12
11
11
24
11
24
11
11
16
11
15
14
11
11
20
14
11
14
12
11
25
11
14
11
11
20
11
28
11
11
11
11
11
11
18
11
11
11
19
12
11
13
23
11
11
11
11
11
11
11
11
15
18
19
17
11
19
22
11
11
11
11
11
12
11
11
11
19
11
12
18
11
23
11
24
16
21
11
17
11
12
11
12
11
17
16
12
11
11
12
11
11
12
11
11
11
18
11
11
11
11
11
12
13
13
11
12
16
11
15
13
12
15
12
14
11
15
17
20
11
17
15
11
12
11
12
11
15
12
11
11
14
11
11
11
11
12
12
11
11
11
11
19
11
11
16
11
16
16
13
11
11
13
11
15
16
11
11
11
16
11
12
16
18
15
13
11
16
11
15
19
11
11
11
16
19
16
11
11
11
11
17
19
12
15
15
11
12
16
11
20
19
11
11
12
11
12
17
11
16
12
15
11
11
19
14
11
13
19
11
11
11
18
11
18
19
19
11
11
12
11
11
19
19
11
18
14
11
11
11
14
20
18
19
11
11
13
11
11
11
17
18
24
14
11
14
11
19
11
13
15
19
11
11
14
11
13
13
11
11
18
19
12
15
12
17
11
16
20
11
18
14
11
11
11
11
17
19
11
17
18
11
11
17
14
11
12
12
12
13
11
11
12
11
11
24
14
12
12
11
12
11
11
11
16
11
16
12
11
12
17
11
11
11
11
11
11
11
11
11
11
11
11
11
21
37
20
12
16
19
18
19
19
19
18
18
15
14
19
18
18
12
17
17
11
19
12
13
11
11
14
15
11
18
19
19
19
19
11
18
19
19
17
11
11
11
16
19
18
11
19
11
17
19
19
18
19
11
19
20
17
21
19
11
14
12
19
11
18
19
11
17
19
19
19
11
18
19
19
19
19
19
11
18
19
19
19
17
11
11
15
17
11
11
18
19
19
11
17
19
19
19
