11
11
11
11
11
11
11
11
11
11
11
11
11
11
11
11
11
11
11
11
11
11
11
11
11
11
11
11
11
11
11
11
11
11
11
11
11
11
11
11
11
11
11
12
11
12
12
21
18
14
11
11
11
11
16
11
13
20
18
11
19
11
11
11
24
11
11
11
21
11
23
11
14
28
11
23
11
13
17
14
11
14
31
15
11
16
26
11
11
11
16
11
11
20
16
11
12
11
11
11
14
11
11
11
11
13
11
12
13
11
11
11
11
11
20
11
22
11
15
11
15
11
15
11
15
11
15
11
15
11
15
11
15
11
11
11
16
11
15
11
14
11
16
11
12
29
29
31
22
19
11
15
11
15
11
15
11
15
11
15
11
15
11
15
11
15
11
22
11
18
11
13
11
14
11
15
11
15
11
15
11
15
11
15
11
15
11
15
19
11
15
11
22
11
12
11
15
11
15
11
15
11
15
23
23
11
15
11
15
11
13
11
14
11
15
11
18
11
15
19
11
15
11
15
11
12
13
23
11
15
11
15
11
18
11
15
11
17
11
16
11
15
11
15
19
11
11
11
11
19
11
11
11
20
11
11
11
11
19
11
15
11
15
11
14
11
20
11
11
11
11
11
11
11
11
11
11
16
11
15
11
22
23
11
15
11
15
11
15
11
13
11
17
11
15
11
15
11
15
11
13
11
14
11
15
11
15
11
15
11
15
11
15
11
22
11
15
11
15
11
28
11
22
11
15
11
15
11
15
11
15
11
15
11
15
11
15
11
15
11
15
11
13
11
14
11
15
11
15
11
15
11
15
11
15
11
15
11
22
11
15
11
15
22
11
25
11
17
11
11
21
11
24
11
22
11
25
11
25
11
24
11
17
11
11
21
11
17
11
13
11
25
11
20
11
29
11
23
11
11
19
11
21
11
25
11
22
11
24
11
11
13
11
24
11
11
11
17
21
11
11
11
11
11
11
11
11
15
12
23
24
13
11
11
11
11
11
11
11
11
11
11
11
14
11
15
11
11
11
11
11
13
11
13
11
11
11
11
11
11
11
11
11
11
11
13
11
11
11
12
13
13
11
22
11
15
11
22
11
15
11
15
11
15
11
11
11
13
11
15
11
15
14
11
14
11
22
11
11
12
11
20
11
15
11
18
11
15
11
15
11
15
11
15
11
15
11
15
11
15
11
22
11
16
11
11
11
15
11
15
11
15
11
15
11
15
11
15
11
15
11
15
11
15
11
15
11
15
11
15
11
15
11
15
11
15
11
15
11
12
11
15
11
15
11
15
11
15
11
15
11
15
11
15
11
15
11
15
23
11
15
11
15
11
15
11
15
11
15
11
15
11
15
11
15
11
15
23
11
15
11
15
11
15
11
15
11
15
11
15
11
15
11
15
11
15
23
11
15
11
15
11
15
11
15
11
15
11
15
11
22
11
15
11
15
11
18
11
15
11
15
11
15
11
15
11
15
11
15
11
15
11
15
11
15
11
14
11
16
11
15
11
15
11
15
11
15
11
15
11
15
11
22
16
11
15
11
15
11
15
11
18
11
15
11
15
11
15
11
15
11
15
19
11
15
11
15
11
15
11
15
11
15
11
15
11
15
11
15
11
15
23
11
15
11
15
11
15
11
15
11
15
11
15
11
15
11
15
11
15
11
11
14
11
13
11
14
11
15
11
15
11
15
11
15
23
11
15
11
15
11
15
11
15
11
15
11
15
11
15
11
15
11
15
11
15
11
15
11
12
11
15
11
15
11
15
11
15
11
15
11
15
11
15
11
11
21
11
17
15
11
11
30
11
25
11
13
11
11
11
11
17
11
26
11
17
11
12
35
11
11
12
11
15
11
15
11
15
11
15
16
11
16
11
17
11
15
11
15
11
15
11
15
11
15
11
15
11
15
19
11
15
11
15
11
15
11
11
14
11
15
11
28
11
18
11
15
23
11
15
11
15
11
15
11
15
11
15
11
15
11
15
11
15
11
15
11
11
14
11
15
11
25
11
11
11
13
11
15
11
18
11
15
11
15
11
22
11
15
11
15
11
15
11
15
11
15
11
15
11
15
11
15
23
11
15
11
15
11
15
11
15
11
15
11
15
11
15
11
15
11
15
23
11
15
11
15
11
15
11
15
11
15
11
15
11
15
11
15
11
11
11
11
11
11
11
11
15
11
15
11
15
11
15
11
15
11
15
11
15
11
15
11
15
11
19
11
25
11
24
11
22
11
25
11
15
11
15
11
15
11
15
11
15
11
15
11
25
11
12
11
15
11
15
11
11
11
11
