101
101
101
106
101
107
101
108
106
101
105
106
106
101
106
106
113
103
101
110
106
101
106
106
109
103
106
106
106
101
101
101
101
103
101
101
102
101
101
101
101
106
101
105
101
101
101
101
105
101
101
103
104
101
109
101
101
101
106
111
102
114
101
119
102
109
101
113
102
101
101
107
107
104
101
101
101
102
101
101
102
112
101
101
101
101
105
101
101
102
101
101
101
101
101
103
101
101
101
101
104
101
101
102
103
101
101
108
101
105
103
103
109
101
106
106
109
103
103
106
103
106
106
101
101
108
106
101
101
104
106
113
101
101
101
101
101
101
101
101
101
101
101
101
102
102
101
101
101
101
101
101
101
101
101
101
101
101
101
101
101
101
101
101
101
101
101
101
101
101
101
101
101
102
101
