19
23
19
26
24
25
19
11
19
20
11
18
17
20
19
19
19
19
13
11
13
29
29
24
29
29
29
29
29
29
29
11
22
11
28
19
24
29
29
24
28
11
15
11
15
11
15
11
15
11
15
11
15
11
15
11
32
29
29
29
29
13
26
11
15
11
15
11
15
29
29
29
23
11
11
11
11
11
11
11
13
13
12
11
11
12
11
12
11
12
11
11
11
11
11
11
11
11
11
11
11
11
11
11
11
11
11
11
11
12
11
11
14
11
12
11
13
11
11
11
12
13
11
11
11
12
11
11
11
11
11
11
12
11
13
11
12
17
11
14
11
11
11
11
11
11
11
11
15
12
11
11
13
15
11
18
11
11
19
12
11
16
11
11
15
16
15
11
18
18
11
11
11
11
11
11
11
11
11
11
11
11
12
11
13
11
11
12
11
12
14
11
11
16
32
11
22
11
15
11
11
11
14
12
11
13
30
11
12
11
11
11
12
11
11
13
11
27
11
19
15
12
13
11
13
20
17
13
11
12
16
15
11
11
13
16
11
12
20
11
11
11
11
19
11
13
18
19
11
23
11
13
11
13
12
11
18
11
11
13
13
18
14
12
13
12
26
16
16
11
22
11
12
21
17
11
12
18
21
11
14
14
20
11
24
11
11
11
11
12
11
11
12
11
11
11
12
11
13
13
14
11
11
11
11
13
12
11
11
12
12
11
11
13
14
11
14
11
11
11
11
11
11
11
11
11
11
14
11
18
11
11
11
20
11
23
11
27
11
24
11
14
13
11
23
15
23
15
16
11
17
11
12
11
12
11
23
11
23
11
11
13
11
11
11
16
12
12
15
11
26
11
11
11
19
11
25
15
11
12
13
17
11
26
11
11
16
24
11
11
11
26
11
14
11
11
11
11
11
11
11
11
23
11
15
11
15
11
15
11
15
11
23
11
14
11
15
11
15
11
15
23
29
29
26
11
22
11
15
11
15
11
15
11
15
19
11
11
11
13
11
11
15
19
11
15
11
15
11
11
13
11
11
11
13
11
11
11
11
11
11
11
11
11
11
11
11
11
15
13
12
16
11
13
11
15
11
15
11
13
11
13
11
19
11
22
11
13
11
14
11
15
19
11
15
11
14
11
16
11
13
11
14
11
15
11
15
11
15
11
15
11
15
11
15
11
15
11
15
11
25
11
15
11
15
11
12
11
15
11
15
11
15
11
15
11
15
11
15
11
15
11
15
11
15
11
15
11
16
11
11
11
14
11
12
11
15
11
15
18
14
11
21
11
23
11
26
11
11
11
11
16
13
11
21
11
11
16
11
11
11
20
11
21
11
22
11
29
11
11
11
16
18
11
19
11
15
11
11
21
17
19
23
11
11
11
22
11
11
11
16
19
11
11
21
11
18
11
25
11
11
11
14
11
14
11
18
19
11
12
14
11
11
11
19
11
28
11
12
11
15
11
22
23
11
16
22
19
11
12
19
11
15
23
11
11
11
13
11
11
17
19
11
11
21
13
11
11
11
16
19
11
22
11
25
11
11
11
16
23
11
11
14
11
18
23
11
25
11
11
11
13
23
11
22
11
23
11
12
11
13
11
15
11
18
19
11
11
11
16
19
11
12
11
15
11
11
14
23
11
22
19
11
25
11
11
11
13
23
11
11
11
11
11
12
11
11
12
11
12
11
11
11
11
14
11
11
11
11
11
11
11
11
13
11
11
11
11
13
11
11
11
11
12
17
11
14
11
11
13
11
14
11
11
11
11
11
11
11
11
22
11
22
11
29
11
15
11
32
11
16
11
13
14
11
12
12
13
11
11
11
11
11
12
11
11
11
11
11
11
12
11
16
11
11
11
12
12
11
12
14
11
11
11
11
11
11
14
11
15
13
11
11
11
11
11
11
11
13
13
11
11
11
11
11
11
12
11
12
15
11
12
11
13
11
11
11
23
11
14
17
11
15
11
15
11
15
11
15
11
15
11
11
11
15
11
15
11
15
11
15
11
15
11
15
11
15
11
18
11
15
11
22
11
15
11
15
11
15
11
15
11
22
11
15
11
15
11
11
11
11
11
11
11
22
11
11
21
11
15
11
15
11
15
11
15
11
15
11
15
19
11
15
11
15
11
15
11
15
11
15
11
15
11
15
11
15
11
15
11
11
14
11
15
11
12
11
15
11
18
11
14
18
11
17
19
11
11
24
19
20
19
20
13
12
11
11
11
36
29
11
18
11
15
11
15
11
15
11
15
11
13
11
11
11
11
11
11
11
11
11
11
15
11
15
11
15
11
15
11
15
11
11
11
11
11
11
11
19
11
15
11
22
11
15
11
15
11
15
11
15
11
15
11
15
11
15
11
15
11
15
11
13
11
14
