113
101
103
106
101
101
101
110
115
109
101
107
103
101
101
103
101
105
101
103
101
108
104
104
106
101
101
101
101
108
105
106
101
101
108
101
104
105
101
101
101
101
101
101
102
103
104
106
101
107
106
105
101
102
103
101
101
103
101
106
122
101
101
105
106
103
105
101
101
101
107
101
103
101
102
101
108
102
101
104
107
108
101
109
116
101
105
106
109
101
101
111
101
105
102
101
101
108
106
113
101
101
101
101
103
101
101
102
101
101
102
101
101
103
101
101
101
111
101
101
112
101
108
106
107
108
101
109
109
101
101
101
101
101
101
101
101
104
106
101
103
101
118
101
101
101
101
101
101
101
101
101
101
102
101
101
101
101
101
101
101
102
101
101
101
101
101
101
101
101
101
101
101
101
101
101
