101
102
106
101
116
119
109
101
107
106
120
102
106
106
103
109
103
106
103
106
113
109
106
102
101
112
102
111
113
101
108
101
107
110
109
101
102
106
101
101
101
101
102
101
101
101
102
101
101
102
101
101
101
104
109
103
104
105
113
109
113
101
106
106
101
101
102
105
102
101
101
101
101
101
101
101
108
111
101
101
103
101
101
107
102
101
106
102
101
112
106
106
106
106
106
101
101
101
101
101
102
101
103
101
101
101
102
106
101
116
110
105
101
102
101
101
101
102
101
101
101
101
101
101
101
101
101
108
101
101
114
101
101
106
101
101
101
105
113
101
101
101
101
101
101
101
101
101
101
101
101
101
101
101
101
101
101
101
101
101
101
101
101
101
101
101
101
101
101
101
101
101
101
101
101
