26
11
20
11
33
11
15
11
25
16
11
26
11
22
11
11
15
11
18
11
36
29
29
26
14
17
19
11
13
13
11
27
11
19
11
24
11
12
11
20
11
29
11
15
11
18
11
15
11
15
11
15
11
15
11
15
11
15
11
18
11
11
21
11
15
11
15
11
15
11
15
11
15
11
15
11
15
11
15
11
13
12
11
11
21
11
15
11
15
11
11
14
11
15
11
13
11
14
11
15
11
15
11
15
11
15
11
15
11
15
11
15
11
15
11
15
11
15
11
14
11
33
13
29
23
11
15
26
11
11
21
17
12
23
11
18
16
11
11
14
11
15
11
15
11
15
11
15
11
15
11
25
11
15
11
13
11
14
11
15
11
15
11
15
11
15
11
15
11
15
11
15
11
13
11
21
11
15
11
15
11
15
23
11
15
11
15
11
15
11
16
11
14
11
15
11
15
11
15
11
15
26
11
15
11
15
11
15
11
15
11
15
11
11
11
13
11
15
11
15
11
18
11
15
11
11
11
11
11
11
11
11
11
17
11
11
11
11
19
11
11
11
11
16
11
11
11
11
11
13
11
15
11
15
11
15
11
15
11
15
11
18
11
11
11
11
11
11
11
11
11
11
19
11
15
11
15
11
15
11
15
11
15
11
15
11
15
11
15
11
15
11
15
23
11
18
11
22
11
15
11
11
11
16
11
15
11
15
11
15
11
15
16
11
11
21
11
15
16
11
13
11
11
23
11
18
11
15
11
11
21
11
18
11
15
11
15
11
15
11
15
11
15
11
15
11
17
11
16
11
25
11
11
11
16
11
15
14
11
14
18
11
16
11
15
11
15
11
18
11
12
11
18
11
12
11
15
11
15
23
11
12
11
15
11
15
23
11
12
11
15
11
18
11
15
11
15
11
15
11
15
11
15
23
11
15
11
11
11
16
22
11
16
11
15
11
15
11
15
11
15
11
15
11
15
11
22
23
19
23
11
15
11
15
11
14
11
11
11
11
11
11
11
11
11
11
11
11
11
11
23
11
15
11
15
11
12
11
11
11
11
11
11
11
11
11
20
11
15
11
15
11
22
11
15
11
15
11
15
19
11
15
11
15
11
11
17
11
15
11
22
15
21
11
18
11
15
11
18
11
16
11
15
11
15
11
15
11
15
11
15
11
22
11
15
11
15
23
11
15
11
15
11
15
11
15
11
15
11
15
11
15
11
15
11
15
11
15
11
15
11
15
11
15
11
15
11
15
11
13
11
14
11
15
11
15
11
15
11
15
11
15
11
15
11
15
11
15
11
13
11
14
11
15
11
15
11
15
11
15
11
15
11
15
11
15
11
15
11
13
11
14
11
15
11
15
11
15
11
15
11
15
11
15
11
15
11
15
11
13
11
14
11
15
11
15
11
15
11
15
11
15
11
15
11
22
11
15
11
18
11
15
11
15
11
15
11
15
11
15
11
15
11
15
11
15
11
14
11
16
11
15
11
15
11
15
11
15
11
15
11
15
11
15
11
22
11
11
21
11
15
11
15
11
18
11
15
11
15
11
15
11
15
11
15
11
11
11
13
11
15
11
15
11
15
11
15
11
15
11
15
11
15
11
15
11
13
11
14
11
15
11
15
11
15
11
15
11
15
11
15
11
15
11
15
11
25
11
13
11
14
11
15
11
15
11
15
11
15
11
12
11
15
11
15
11
15
11
15
11
15
11
15
11
15
11
15
11
15
11
15
11
15
11
13
11
14
11
15
11
15
11
15
11
15
11
15
11
15
11
15
16
11
15
11
11
21
18
11
30
11
20
14
16
11
11
16
16
11
19
11
24
11
15
29
36
23
23
11
15
11
15
11
15
11
11
24
11
15
11
15
11
15
11
15
11
15
11
15
11
15
11
15
11
11
11
13
11
15
11
15
11
25
11
15
11
15
11
11
21
11
15
11
13
11
14
11
15
11
15
11
15
11
15
11
15
11
15
11
15
11
15
11
25
11
15
11
15
11
11
14
19
11
15
11
15
11
18
11
15
11
22
11
15
11
15
11
15
11
15
11
15
11
15
11
15
11
15
11
12
11
15
11
15
11
15
11
15
11
15
11
15
11
15
11
15
11
15
11
13
11
14
11
15
11
15
11
15
11
15
11
15
11
15
11
15
11
11
11
12
11
11
25
11
13
11
11
11
11
11
11
11
12
11
11
11
11
11
11
11
11
11
11
11
11
11
26
11
27
11
23
11
27
34
11
13
11
11
11
14
11
17
26
11
25
14
11
11
23
11
14
11
11
14
11
18
13
11
22
11
