111
102
112
101
101
101
101
101
113
109
104
103
102
101
104
106
103
106
101
101
118
103
101
102
109
101
101
102
101
101
101
101
101
104
101
101
101
101
101
101
103
102
101
101
103
122
108
101
101
101
106
101
115
101
101
101
101
101
101
108
101
104
104
112
107
101
101
102
104
101
107
101
114
101
106
108
102
105
101
101
101
105
101
101
101
104
102
101
101
101
101
101
101
102
101
111
101
101
103
101
101
101
101
105
101
101
101
101
101
104
103
101
101
102
102
101
101
101
105
101
101
101
101
102
101
101
101
101
101
101
103
101
101
111
101
101
101
101
101
101
101
108
101
101
