118
110
113
101
101
105
103
104
101
101
103
105
109
101
108
101
110
106
101
105
106
101
106
101
108
103
103
109
101
108
113
109
101
101
101
117
106
106
103
106
101
112
106
103
106
114
110
113
105
101
101
103
101
101
105
101
105
101
101
106
101
101
101
103
102
101
102
102
113
101
101
107
106
114
113
105
106
111
108
106
105
101
106
109
101
106
106
103
106
106
103
106
106
106
103
103
103
106
106
103
106
101
107
108
103
101
108
101
105
101
105
109
113
106
106
109
103
103
106
103
106
113
101
106
101
105
106
113
101
108
103
101
101
101
101
101
101
101
101
101
101
101
101
101
101
101
101
101
101
101
101
101
101
101
101
113
104
109
108
101
101
101
101
101
101
101
101
101
101
101
101
101
101
101
