101
101
101
101
101
101
101
101
101
101
101
101
101
101
111
101
104
102
101
101
101
101
105
101
101
101
104
103
102
107
101
101
104
101
101
101
103
101
101
101
103
101
101
101
106
113
101
105
103
106
101
105
101
101
108
101
105
107
103
106
113
109
101
130
102
101
101
109
101
101
101
101
101
102
101
101
110
101
101
101
101
103
101
101
101
106
105
106
101
105
104
101
107
103
102
102
107
101
101
102
101
101
108
101
101
101
102
101
105
101
106
101
106
105
106
106
107
105
115
101
101
101
101
101
101
101
109
101
101
102
101
106
106
103
106
