101
124
102
101
111
101
101
102
101
101
101
101
101
106
101
103
101
103
101
107
101
101
101
101
116
107
101
104
101
101
103
101
102
102
109
101
101
101
101
108
107
113
108
101
101
101
102
101
101
101
102
103
101
106
101
101
106
112
101
101
101
103
101
101
104
101
108
101
101
101
102
102
101
103
101
105
101
101
107
101
101
101
101
106
101
105
101
101
101
101
107
101
101
102
101
102
102
103
102
101
101
101
101
106
103
113
101
112
101
101
104
101
101
104
104
101
102
110
109
105
101
101
123
101
101
101
101
110
102
101
101
101
101
101
101
101
101
101
101
101
101
101
101
101
101
101
101
101
101
101
101
101
101
101
101
101
101
101
101
101
101
101
101
101
101
101
101
101
101
101
101
101
101
101
101
101
