101
101
102
101
101
101
101
101
101
104
101
101
101
101
101
106
106
102
111
101
105
113
106
106
101
108
101
102
103
101
110
109
101
101
107
101
108
104
108
103
113
101
105
106
103
106
101
102
101
101
101
101
101
104
104
108
101
104
101
101
101
101
113
113
101
101
101
106
114
102
106
106
106
103
106
103
106
106
103
106
103
106
113
109
106
105
107
113
101
105
101
105
106
103
106
101
105
103
106
106
103
106
101
102
101
125
107
101
105
106
101
102
106
106
106
101
102
113
106
103
106
106
103
106
101
108
106
101
105
106
101
