101
109
116
111
118
119
106
101
108
106
106
101
116
101
101
109
103
106
103
106
113
109
106
106
101
102
101
112
113
106
101
101
106
109
116
101
101
115
108
101
103
120
104
101
101
102
104
101
106
101
101
101
101
101
102
106
101
113
101
101
101
101
105
106
101
101
101
114
101
114
101
114
110
108
101
101
102
103
102
101
101
101
101
101
101
101
101
101
101
101
101
105
101
102
101
114
101
101
101
106
104
101
101
104
113
103
114
105
101
101
103
101
101
101
101
101
103
101
102
101
102
101
105
101
101
106
109
101
101
101
101
102
101
101
101
101
101
101
101
101
101
101
101
101
101
101
101
101
101
101
101
101
101
101
101
101
101
101
101
101
102
101
101
101
101
101
101
101
101
101
101
101
101
101
101
