102
101
104
101
105
101
105
101
101
101
101
101
109
101
108
102
101
101
102
101
103
101
109
101
108
102
101
102
101
101
104
116
106
109
113
113
109
106
109
109
103
103
101
101
101
101
101
113
103
109
101
101
101
106
101
101
101
101
101
101
101
101
101
101
101
101
101
102
101
101
102
101
101
101
101
109
109
104
101
101
104
101
115
101
106
113
106
109
103
113
103
113
101
105
106
101
112
106
113
101
101
103
101
102
106
101
101
108
101
104
101
106
103
101
104
101
101
101
103
106
102
114
101
106
105
101
101
101
101
101
102
101
101
101
102
101
101
101
102
101
101
101
101
101
101
101
101
101
101
101
101
102
101
101
102
101
101
101
101
101
101
101
101
101
101
101
101
101
101
101
101
101
101
101
101
