11
11
22
11
13
21
11
16
21
16
11
22
15
16
15
11
12
11
15
11
20
11
12
11
11
11
13
11
11
16
14
11
11
11
11
11
14
11
11
23
11
14
11
11
15
11
12
18
11
11
26
11
16
11
14
11
12
11
19
11
23
11
22
20
11
25
11
24
13
13
26
20
11
19
19
11
14
11
17
12
11
11
14
19
11
11
11
11
13
11
13
14
12
11
11
11
11
11
14
14
11
11
14
11
11
11
24
11
17
11
15
11
15
11
15
11
15
11
15
11
15
11
15
11
13
24
11
15
11
15
11
15
11
15
19
29
29
13
23
20
11
11
11
11
30
11
11
11
22
27
24
11
21
11
11
16
20
11
21
13
22
20
14
11
20
14
11
12
11
15
13
11
12
13
14
13
11
11
11
11
11
16
11
17
21
11
11
11
11
11
15
11
12
11
19
11
12
11
11
11
11
11
11
13
11
11
11
11
11
13
17
11
17
19
15
11
11
11
11
12
11
13
11
13
11
11
11
11
11
12
12
13
11
11
17
11
11
11
11
11
11
11
11
11
11
11
11
11
11
15
12
14
11
11
13
11
11
13
13
11
11
11
13
12
12
11
11
11
11
11
11
11
11
11
11
11
11
11
11
11
11
11
11
11
11
11
11
13
12
11
11
11
11
11
14
11
11
11
14
11
11
11
11
12
13
12
11
11
11
11
12
11
11
11
11
11
11
12
11
11
11
13
11
13
13
11
11
19
17
17
11
11
11
14
18
11
17
11
20
19
11
11
29
17
11
11
11
21
11
11
28
11
17
19
23
11
25
11
21
11
25
11
12
11
17
13
11
18
11
23
16
11
11
11
20
11
22
11
12
18
24
11
17
11
23
13
16
11
32
26
15
21
17
22
11
28
11
11
11
16
11
27
11
17
23
11
20
11
30
11
23
11
22
11
22
11
22
11
22
20
11
15
16
11
25
11
22
11
11
29
11
11
16
11
11
16
18
11
21
13
11
11
20
11
11
26
11
21
16
11
17
18
11
21
11
25
11
22
11
22
11
25
23
11
21
11
25
19
11
21
11
28
17
18
11
24
11
23
18
11
11
11
20
14
11
26
11
21
11
28
11
17
13
11
12
11
18
20
11
20
11
13
28
11
22
11
13
11
11
11
11
25
19
18
11
21
19
11
11
11
15
16
17
19
12
11
17
19
11
22
11
25
11
11
17
11
22
11
26
11
24
11
24
11
20
11
17
12
11
16
24
11
14
24
11
11
11
22
11
11
14
11
23
11
11
14
11
12
11
13
22
11
11
11
11
21
13
11
11
12
11
11
11
11
11
11
11
11
11
11
17
19
11
12
11
14
11
16
18
11
14
11
11
11
12
11
21
12
11
12
11
11
11
11
11
11
14
14
13
13
11
11
11
11
12
11
11
11
11
11
11
12
11
13
15
11
11
11
11
11
11
13
11
12
12
12
11
11
22
11
11
12
11
15
13
11
11
11
12
11
11
12
12
11
11
12
11
12
12
11
11
14
11
12
13
11
11
11
11
12
11
11
11
11
11
11
13
11
11
11
11
11
11
11
11
15
11
13
12
11
12
12
11
24
11
11
11
20
11
24
11
11
31
11
15
11
11
20
19
17
15
14
11
28
13
11
13
11
21
18
11
21
11
27
16
11
27
11
11
11
11
11
11
11
11
11
11
11
13
12
12
11
14
11
11
11
21
11
11
11
13
11
15
11
11
11
11
13
11
11
12
14
14
14
12
11
13
12
11
12
11
11
11
11
11
11
11
11
11
11
12
14
11
12
12
11
11
11
11
11
11
11
11
11
11
11
11
11
11
11
12
11
11
11
14
19
11
23
11
11
14
13
13
11
11
11
16
16
16
11
14
11
11
11
12
13
11
11
11
11
11
11
11
11
11
11
11
12
11
11
11
11
11
16
11
11
17
18
11
23
11
19
22
11
27
11
16
11
19
16
11
20
19
11
11
25
11
11
11
19
11
13
11
14
11
11
18
24
11
11
30
11
21
11
11
11
16
18
11
16
11
12
11
11
11
11
11
11
11
11
12
11
11
11
11
11
11
11
12
16
16
14
11
11
30
11
11
16
11
11
27
23
14
11
30
12
24
13
11
11
11
15
11
16
15
11
11
11
21
13
11
15
11
11
15
11
12
11
11
11
11
11
11
11
11
11
11
11
11
11
16
11
11
11
12
11
15
19
11
11
11
11
11
11
11
14
12
11
18
11
11
24
11
11
16
11
11
11
11
20
26
11
23
11
18
11
15
23
14
15
18
11
23
11
25
11
11
13
14
11
19
11
11
11
11
11
11
11
11
11
11
11
11
19
17
11
11
28
11
11
11
11
11
11
11
11
11
11
16
19
11
11
14
11
11
22
11
11
19
11
20
11
15
11
11
11
11
