113
104
101
101
112
119
102
103
106
106
101
102
106
113
101
104
101
101
102
101
101
102
101
103
101
102
106
101
101
101
101
106
103
109
107
102
101
108
111
111
107
104
104
101
101
101
101
115
108
101
114
103
110
106
101
107
115
106
113
109
113
101
108
106
101
107
101
101
101
101
106
106
101
106
106
103
102
101
101
103
101
105
101
116
101
101
101
101
101
101
101
101
102
109
101
101
101
101
101
103
106
101
101
101
101
101
101
101
101
101
101
101
101
101
101
101
101
106
103
106
116
106
101
103
105
101
105
106
101
101
101
101
101
105
101
102
101
102
113
106
