11
11
11
11
11
11
11
11
11
11
11
11
11
11
11
11
11
11
11
11
11
11
12
11
11
11
11
11
11
11
11
11
11
11
11
11
11
12
11
13
14
11
11
14
11
11
11
11
11
12
11
11
11
11
11
11
11
11
11
11
11
11
11
11
11
11
11
11
11
11
11
11
12
11
11
11
11
11
11
11
11
11
11
11
11
11
11
11
11
12
11
11
11
11
11
11
11
11
11
11
11
11
11
11
11
11
11
11
11
12
11
12
11
11
11
11
11
11
14
11
12
11
12
11
11
11
11
11
12
11
12
11
11
24
11
12
11
12
11
11
11
12
11
11
11
14
11
11
11
16
11
15
12
11
12
11
12
12
13
12
16
23
11
11
11
11
11
11
11
11
11
11
11
15
11
12
11
14
13
12
14
15
11
11
11
14
11
12
11
11
11
11
11
11
11
11
11
11
11
11
11
11
11
11
11
11
11
11
11
11
11
11
11
11
11
11
11
17
11
11
12
14
11
11
11
12
11
11
11
11
11
11
16
12
11
25
11
11
11
11
11
11
11
11
11
11
11
11
11
11
11
11
11
11
11
11
11
11
11
11
11
20
21
11
11
12
11
11
12
11
11
11
12
11
12
13
11
11
16
12
11
11
12
17
11
11
11
11
11
11
11
12
12
11
12
12
11
11
11
11
12
14
11
11
11
12
12
11
11
11
11
13
11
11
13
13
11
11
14
11
11
11
24
14
11
13
11
18
11
12
11
12
11
20
11
11
16
11
26
11
20
11
11
15
11
15
19
11
14
11
20
11
15
11
15
31
11
13
12
11
19
11
15
17
11
14
11
15
11
15
11
15
11
15
11
15
11
22
11
15
11
15
17
11
17
11
15
11
15
11
15
11
15
11
15
11
15
11
15
11
15
23
11
15
11
15
11
15
11
15
11
15
11
11
12
11
15
11
16
12
13
11
15
11
15
11
22
11
15
11
15
12
11
11
15
11
12
11
11
11
11
11
11
23
11
13
14
11
12
19
11
21
11
20
15
11
11
14
11
15
11
21
11
11
12
11
11
11
11
15
17
11
11
26
11
11
13
16
11
13
11
11
11
15
11
13
12
12
19
11
15
15
11
11
18
11
12
11
11
23
11
12
21
15
16
23
11
14
13
11
14
15
17
15
22
13
13
14
12
11
12
14
11
11
11
11
11
14
11
11
14
11
11
11
11
11
11
11
11
15
11
11
13
16
11
17
11
11
11
11
16
11
11
17
11
11
13
11
17
11
25
11
15
11
15
11
15
11
22
11
15
11
15
11
15
11
11
11
11
11
11
15
13
11
13
11
22
11
15
11
15
11
15
11
15
11
15
11
15
11
15
11
15
11
15
11
15
11
15
11
22
11
15
11
15
11
18
11
18
11
15
11
15
11
15
11
15
23
11
15
11
15
11
15
11
15
11
15
11
25
11
12
11
15
11
15
11
18
11
15
11
15
11
15
11
15
11
15
11
15
11
15
11
15
11
15
11
15
11
11
21
11
18
11
15
11
15
11
15
11
15
11
15
11
15
11
18
11
15
39
11
15
11
11
11
13
11
15
11
15
23
11
18
11
15
11
15
11
15
11
15
23
11
15
11
15
11
15
11
15
11
15
11
15
11
15
11
15
11
15
11
15
11
15
11
15
11
15
11
12
11
15
11
15
11
15
11
15
11
15
11
15
11
15
11
15
11
15
23
11
15
11
18
11
13
11
14
11
15
11
15
11
15
11
15
11
15
23
11
15
11
15
11
12
11
15
11
15
11
15
11
15
11
15
11
15
11
15
11
15
11
15
11
13
11
14
11
15
11
15
11
15
11
15
11
15
11
15
11
15
11
18
11
22
11
13
11
21
11
11
21
19
11
11
24
23
29
18
24
11
22
46
19
16
39
27
29
11
22
11
22
11
29
11
16
11
11
22
11
11
11
11
14
12
13
11
11
12
11
11
11
15
11
11
11
11
15
11
20
11
11
12
11
15
11
11
11
13
11
11
12
13
14
11
14
11
11
11
11
11
11
11
11
11
11
12
11
11
12
11
11
11
13
11
11
11
11
11
11
11
11
11
11
11
11
15
11
11
21
11
15
11
15
11
15
11
15
11
15
23
11
15
11
15
11
15
11
15
11
15
11
15
11
18
11
15
11
15
11
22
11
15
11
15
11
15
11
22
11
15
11
15
11
12
11
14
13
11
23
19
19
19
19
19
15
12
19
19
19
19
19
19
11
17
11
17
19
14
14
19
19
19
16
11
11
19
19
11
27
11
18
11
11
