104
101
101
101
101
101
102
101
101
101
101
101
101
102
101
101
101
101
101
101
101
104
101
101
101
104
101
101
101
101
109
101
101
102
101
102
101
101
105
108
107
101
116
101
105
113
101
105
103
106
101
101
101
101
106
101
101
101
101
101
104
101
105
108
102
101
101
101
105
105
113
102
104
106
106
101
101
106
103
101
110
106
106
101
105
109
113
106
106
103
106
106
103
106
106
104
105
103
103
106
104
105
106
101
110
101
101
101
102
102
101
101
101
101
101
101
101
101
106
103
106
109
113
110
101
106
101
101
101
101
