101
113
101
101
101
101
101
101
104
101
101
107
101
101
101
102
101
101
105
101
101
108
110
109
101
115
101
101
101
101
101
102
101
101
101
102
101
101
106
106
113
103
101
101
101
108
106
101
114
109
103
101
101
107
103
101
105
103
103
102
101
112
101
112
101
101
101
101
101
103
101
105
106
113
106
106
101
102
101
107
101
101
101
101
110
109
101
101
101
102
109
106
106
109
103
101
102
109
101
105
103
106
101
104
101
101
102
101
101
101
101
104
103
104
101
107
106
101
101
101
101
101
101
103
101
101
101
106
104
105
110
106
109
103
104
101
103
108
101
106
106
101
101
101
101
101
101
101
101
101
101
101
101
101
101
101
101
101
101
110
101
101
101
101
101
101
101
101
101
101
101
101
101
101
101
101
