108
117
101
106
103
118
101
104
106
101
105
104
101
103
106
106
123
101
101
105
106
113
106
101
112
103
106
106
106
101
101
101
101
101
109
101
108
106
103
101
111
113
101
101
105
109
113
113
109
101
101
104
106
101
102
106
101
101
101
106
101
101
107
101
101
108
106
101
103
106
106
106
103
106
103
106
106
103
106
103
106
113
109
106
106
106
104
108
106
101
105
104
105
106
101
106
103
106
106
103
106
101
101
101
101
101
101
105
106
101
101
107
106
106
101
101
101
106
103
106
106
103
106
101
101
101
101
111
106
105
101
