101
101
101
101
101
101
101
101
101
101
101
101
101
101
101
101
101
108
102
101
101
101
101
101
101
101
101
106
101
102
101
101
101
101
101
104
101
101
101
101
101
101
101
109
101
101
101
101
101
101
101
101
101
101
101
101
103
101
101
101
101
101
101
101
104
101
101
101
101
101
101
101
101
101
101
101
102
101
101
101
103
101
104
101
101
101
101
101
101
114
101
101
101
101
101
101
101
101
101
101
101
101
102
101
106
101
101
101
107
106
108
101
101
111
101
108
101
101
101
101
101
101
101
101
101
101
101
101
101
101
101
101
101
101
101
101
101
101
101
101
101
101
101
101
101
101
101
101
101
101
101
101
101
101
101
101
101
101
101
101
101
101
101
101
101
101
101
101
101
101
101
101
101
101
101
101
101
101
101
101
101
101
101
101
101
101
101
101
101
101
101
101
101
101
101
101
101
101
101
101
101
101
101
101
101
101
101
101
101
101
101
101
101
101
101
101
101
101
101
101
101
101
101
101
101
101
101
101
101
