101
101
101
101
101
101
101
101
111
101
107
101
101
106
109
101
101
101
101
101
101
101
106
101
102
101
101
101
101
106
101
101
101
101
101
101
101
101
101
101
101
101
101
101
101
101
101
101
101
101
101
101
101
101
101
104
101
110
101
102
101
115
101
101
101
101
101
101
101
101
101
101
101
101
101
101
101
109
113
106
117
101
113
101
101
101
101
101
101
101
101
101
106
107
101
101
101
101
101
101
101
106
103
101
101
107
106
106
103
103
101
101
101
101
101
101
101
102
101
101
101
115
101
101
101
101
101
101
101
101
101
101
101
101
101
101
101
101
101
101
101
101
101
101
101
101
101
101
101
101
101
101
101
101
101
101
101
101
101
101
101
101
101
101
101
101
101
101
101
101
101
101
101
101
101
101
101
101
101
101
101
101
101
101
101
101
101
101
101
101
101
101
101
101
101
101
101
101
101
101
101
101
101
101
101
101
101
101
101
101
101
101
101
101
101
101
101
101
101
101
101
101
101
101
101
101
101
101
101
101
101
101
101
101
101
101
