101
101
107
101
106
101
101
107
101
101
106
101
112
109
101
101
101
101
101
101
101
101
101
101
101
101
101
101
101
101
101
101
101
106
101
101
101
101
101
101
101
101
101
101
101
101
101
101
101
101
101
101
101
101
101
101
101
101
101
101
101
101
112
101
101
104
101
101
101
101
101
108
101
101
101
101
101
101
101
103
101
101
109
101
101
101
101
101
101
101
101
101
102
101
106
101
101
101
101
101
114
101
101
101
110
101
101
101
101
112
101
108
101
101
103
101
101
101
101
101
101
102
101
101
101
106
101
101
101
101
101
101
102
101
101
101
101
101
101
101
101
101
101
101
101
101
101
101
101
101
101
101
101
101
101
101
101
101
101
101
101
101
101
101
101
101
101
101
101
101
101
101
101
101
101
101
101
101
101
101
101
101
101
101
101
101
101
101
101
101
101
101
101
101
101
101
101
101
101
101
101
101
101
101
101
101
101
101
101
101
101
101
101
101
101
101
101
101
101
101
101
101
101
101
