101
101
101
101
101
101
101
101
101
101
101
101
101
101
101
101
101
101
101
101
101
101
101
101
101
101
101
101
108
108
101
106
101
102
101
101
101
101
106
104
101
101
101
101
101
101
101
101
110
106
101
101
101
101
101
101
101
101
101
101
101
105
101
101
101
101
101
101
101
101
112
101
112
101
101
101
101
101
102
101
103
101
101
101
108
101
101
107
101
101
102
101
101
101
108
101
101
101
105
103
101
101
114
101
102
101
108
106
106
101
102
101
101
101
101
101
101
101
101
101
101
116
101
101
113
101
101
101
101
101
101
101
101
101
101
101
101
101
101
101
101
101
101
