101
103
102
101
101
101
101
101
101
106
101
101
112
101
101
101
101
106
101
101
101
107
101
105
101
101
101
101
101
101
101
101
102
104
104
101
101
103
101
101
101
105
101
111
101
101
101
101
101
109
101
105
101
101
101
101
106
113
109
101
103
101
101
102
101
101
101
101
101
107
101
112
113
101
101
107
106
101
101
101
101
101
101
101
101
102
106
101
101
101
106
109
107
101
101
101
101
101
101
101
101
101
101
110
105
103
101
101
101
101
101
101
101
101
108
101
107
101
101
105
101
101
104
101
101
101
101
101
101
102
101
101
101
101
101
101
101
101
101
