101
101
101
101
101
101
110
101
101
101
106
101
101
109
101
101
101
112
113
101
101
101
101
101
101
101
101
102
101
101
101
101
116
104
101
101
101
101
101
101
101
101
113
103
101
101
101
101
101
111
103
101
101
101
106
114
110
101
107
113
101
101
101
101
101
101
101
101
101
101
101
101
107
101
101
101
101
101
101
101
101
101
101
101
101
101
101
101
101
101
101
101
101
101
101
101
101
101
101
101
101
101
102
101
101
101
101
101
101
101
101
101
101
101
101
102
101
107
101
105
109
101
101
101
101
101
101
103
101
101
101
101
101
101
101
101
101
101
101
101
101
101
101
101
101
101
101
101
101
101
101
101
101
101
101
101
101
101
101
101
101
101
101
101
101
101
101
101
101
101
101
101
101
101
101
101
101
101
101
101
101
101
101
101
101
101
101
101
101
101
101
101
101
101
101
101
101
101
101
101
101
101
101
101
101
101
101
101
101
101
101
101
101
101
101
101
101
101
101
101
101
101
101
101
101
101
101
101
101
101
101
101
101
101
101
101
101
