106
101
101
101
101
101
101
101
101
101
101
101
101
101
101
101
101
101
101
101
101
101
101
101
101
101
101
101
101
101
101
101
101
101
109
101
101
101
101
101
101
101
101
101
101
101
101
101
101
101
101
101
101
106
101
101
101
101
101
103
101
101
101
101
101
101
101
101
101
110
101
101
101
101
101
101
101
101
101
101
101
101
102
110
101
101
109
101
101
101
101
101
101
101
101
101
101
101
101
101
105
101
101
101
101
101
101
101
101
101
101
101
101
101
101
104
111
101
101
101
101
101
101
101
101
101
101
101
101
101
101
101
101
101
101
101
101
101
101
101
101
101
101
101
101
101
101
101
101
101
101
101
101
101
101
101
101
101
101
101
101
101
101
101
101
101
101
101
101
101
101
101
101
101
101
101
101
101
101
101
101
101
101
101
101
101
101
101
101
101
101
101
101
101
101
101
101
101
101
101
101
101
101
101
101
101
101
101
101
101
101
101
101
101
101
101
101
101
101
101
101
101
101
101
101
101
101
101
101
101
101
101
101
101
101
101
101
101
