11
11
11
11
11
11
11
11
11
11
11
11
11
11
11
11
11
11
11
11
11
11
11
11
11
11
11
11
11
11
11
11
11
11
11
11
11
11
11
11
11
11
11
11
11
11
11
11
11
11
11
11
11
11
11
11
11
11
11
11
11
11
11
11
11
11
11
11
11
11
11
11
11
11
11
11
11
11
11
11
11
11
11
11
11
11
11
11
11
11
11
11
11
11
11
11
11
11
11
11
11
11
11
11
11
11
11
11
11
11
11
11
11
11
11
11
11
11
11
11
11
11
11
11
11
11
11
11
11
11
11
11
11
11
11
11
11
11
11
11
11
11
11
11
11
11
11
11
11
11
11
11
11
11
11
11
11
11
11
11
11
11
11
11
11
11
11
11
11
11
11
11
11
11
11
11
11
11
11
11
11
11
26
11
16
11
12
11
11
11
11
11
11
11
14
11
11
11
13
12
11
11
11
16
11
22
11
21
11
11
12
11
15
11
11
29
11
11
11
12
14
11
11
12
14
11
11
11
16
11
11
11
11
11
18
11
11
14
19
23
11
11
11
24
11
11
11
11
11
11
11
11
11
11
11
11
11
11
11
11
11
11
11
11
11
11
11
11
11
11
11
11
11
11
11
11
11
11
11
11
11
11
11
11
11
11
11
11
11
11
11
11
11
11
11
11
11
11
11
11
11
11
11
11
11
11
11
11
11
11
11
11
11
11
11
11
22
11
21
13
11
15
11
25
11
16
19
19
11
11
11
27
16
11
14
21
11
26
11
15
11
11
27
11
22
11
11
11
13
11
11
11
11
11
11
11
11
11
11
11
11
11
22
11
11
11
11
11
11
11
11
11
11
11
11
11
11
11
11
11
11
11
11
11
11
20
11
15
11
11
13
11
16
11
11
11
11
11
14
11
15
11
11
11
16
11
19
19
11
11
11
11
11
11
11
11
11
11
11
11
11
21
11
23
11
11
11
11
11
11
11
11
11
11
11
11
11
19
11
22
11
11
11
11
11
11
11
19
11
11
15
30
11
11
11
20
11
13
11
17
11
11
11
11
11
11
11
11
11
11
11
11
17
11
15
11
11
11
11
11
11
11
11
11
11
11
11
11
13
11
24
11
15
11
22
15
11
26
11
25
11
11
17
11
15
11
11
11
11
11
11
11
11
11
11
11
11
14
12
11
16
26
11
11
11
13
11
11
11
15
11
11
11
11
11
11
11
16
11
11
11
12
11
13
11
11
12
11
11
11
11
11
11
14
11
11
17
11
11
11
11
11
11
11
11
11
11
11
11
11
11
11
11
11
11
11
11
11
11
11
11
11
11
11
11
11
11
11
19
11
11
21
11
22
11
15
11
15
11
15
11
18
15
11
26
11
15
23
13
17
12
11
22
11
11
11
11
11
11
11
13
29
11
26
11
11
16
11
11
11
11
11
11
11
11
11
11
11
11
11
11
11
11
11
11
11
11
11
11
11
11
11
11
11
11
11
11
11
11
11
11
11
11
11
11
11
11
11
11
11
11
11
11
11
11
11
11
11
11
11
11
11
11
11
11
11
11
11
11
11
11
11
11
11
11
11
11
11
11
11
11
11
11
11
11
11
11
11
11
11
11
11
11
11
11
11
11
11
11
11
11
11
11
11
11
11
11
11
11
11
11
11
11
11
11
11
11
11
11
11
11
11
11
11
11
11
11
11
11
11
11
11
11
11
11
11
11
11
11
11
11
11
11
11
11
11
11
11
11
11
11
11
11
11
30
11
18
12
13
17
11
12
11
11
16
11
11
11
11
11
29
11
12
11
11
15
11
11
12
11
11
17
11
35
11
12
11
15
11
22
19
17
11
11
18
19
19
16
16
11
12
19
19
19
18
19
19
12
16
19
11
11
14
12
11
17
11
16
13
11
11
11
11
11
11
11
11
11
11
11
11
11
11
11
11
11
11
11
11
11
11
11
15
15
11
29
18
15
16
15
13
18
11
11
14
11
11
11
11
11
11
11
11
11
11
15
11
18
18
24
11
15
11
15
11
15
11
14
11
26
11
11
14
11
11
11
11
11
11
11
11
21
23
11
11
21
11
15
11
17
15
11
11
11
11
11
11
11
11
11
11
11
11
11
11
19
19
19
20
11
11
16
11
11
11
11
11
11
11
11
11
11
11
11
11
11
11
11
11
11
11
11
19
19
19
19
19
30
11
12
23
11
18
11
11
19
20
18
11
11
12
11
11
13
12
11
11
14
11
36
11
13
11
11
19
11
11
11
11
11
11
11
11
11
24
11
12
11
11
15
11
16
11
22
11
16
18
11
22
