101
101
101
101
104
104
101
101
106
106
101
104
110
101
107
101
105
101
101
107
101
101
104
101
102
101
101
101
101
101
107
101
101
101
101
101
101
101
101
101
101
101
101
101
101
101
101
101
101
101
101
101
101
101
101
101
101
101
101
101
101
101
101
101
101
101
101
101
101
101
101
101
101
101
101
101
101
101
101
101
101
101
108
101
101
101
101
101
101
110
101
105
106
101
101
101
101
102
106
101
105
101
101
101
101
101
101
101
101
101
101
101
101
101
101
101
101
102
101
107
101
104
101
101
101
101
101
101
101
101
101
101
101
101
101
101
101
101
101
101
