11
11
14
29
32
14
11
28
11
18
26
11
26
17
11
31
11
42
24
11
21
11
31
11
24
35
11
25
11
29
33
27
23
32
29
29
16
17
35
19
34
20
32
11
25
29
23
23
31
27
27
35
15
16
16
16
12
40
16
26
11
25
36
26
27
11
23
15
13
11
32
29
19
18
11
28
16
11
29
32
33
11
11
32
18
17
12
11
28
36
11
12
29
11
18
24
11
12
11
20
11
28
19
16
11
14
11
22
11
11
29
11
25
13
11
34
27
19
11
13
11
11
28
11
27
15
14
11
30
11
20
11
25
11
18
11
11
26
11
11
14
13
11
20
11
13
18
11
18
11
28
13
16
11
25
16
11
33
14
11
28
36
11
20
13
19
11
22
11
34
11
32
28
11
26
36
22
19
18
11
31
11
43
20
32
35
11
25
11
24
11
36
24
11
36
11
28
11
18
19
24
11
13
29
11
11
30
11
22
11
11
14
11
20
22
11
28
11
12
11
15
11
28
30
11
30
11
24
11
24
11
20
13
28
15
11
24
14
11
18
17
11
15
11
28
31
15
25
27
24
11
12
28
16
11
21
19
13
11
20
11
19
21
34
11
25
34
11
26
11
17
19
11
38
11
32
36
24
32
14
11
19
17
11
29
11
26
28
14
11
11
26
15
35
11
25
11
24
11
26
16
28
26
31
11
26
29
11
13
32
11
27
28
24
11
24
12
13
28
20
33
33
11
28
27
19
28
12
25
26
19
24
26
12
25
20
11
16
11
42
23
11
20
11
21
29
11
25
32
28
11
27
14
24
21
35
19
32
11
16
26
29
16
19
11
29
33
15
19
24
18
11
25
35
17
30
11
30
16
23
28
11
28
14
21
13
11
11
11
16
11
11
13
11
11
14
17
13
11
18
11
23
11
11
26
11
12
11
11
11
14
12
11
12
11
12
12
12
13
12
13
12
11
11
14
11
15
13
11
11
11
21
14
11
16
11
15
18
24
19
11
25
11
11
12
11
11
11
11
13
11
11
14
14
11
12
14
12
11
11
11
11
14
12
11
12
13
13
13
11
11
15
11
12
14
19
23
11
22
11
25
11
11
11
23
11
26
36
20
28
11
26
11
25
14
11
11
13
11
21
26
11
20
29
16
36
22
14
14
28
11
16
26
12
16
13
23
11
19
11
11
20
11
26
20
11
11
11
18
15
11
27
11
11
17
16
11
26
11
18
11
30
11
13
19
16
11
16
11
22
19
11
21
15
20
19
11
17
14
11
22
11
27
30
11
28
11
35
20
29
14
31
12
22
11
17
27
37
23
29
26
23
11
24
16
31
13
11
11
12
11
13
16
20
19
11
11
14
11
11
15
11
11
16
12
15
17
11
12
11
11
12
13
11
11
20
13
22
11
15
11
11
15
17
16
23
25
19
26
33
26
26
16
33
19
26
29
33
23
12
27
16
12
14
11
22
11
23
11
18
19
26
11
11
11
11
11
11
14
22
11
12
13
11
15
13
16
11
19
19
12
28
29
26
11
12
16
19
11
16
28
11
25
16
19
11
32
25
32
14
16
16
27
11
25
17
15
11
11
31
11
19
19
11
19
11
33
33
11
27
11
20
11
25
11
15
19
11
18
15
13
11
25
23
11
11
34
26
19
21
11
28
11
22
11
22
11
14
12
11
11
14
11
12
11
11
11
11
11
11
11
11
15
11
15
11
11
11
11
11
11
11
11
11
20
11
11
11
11
11
11
11
11
11
11
11
16
11
11
12
14
11
19
20
11
18
11
11
22
11
22
11
11
11
11
11
11
11
11
11
11
11
11
11
11
11
11
11
11
11
11
11
11
11
11
11
11
11
11
11
11
11
11
11
11
11
11
11
11
11
11
11
11
11
11
11
11
11
11
11
11
11
11
11
11
11
11
11
11
11
11
11
11
13
11
11
11
11
11
11
11
11
11
11
11
11
11
11
11
11
11
11
11
11
11
11
11
11
12
11
11
11
11
11
11
11
11
11
11
11
11
12
11
11
11
11
11
12
11
11
11
11
11
11
11
12
11
11
11
11
11
11
11
11
11
11
11
11
11
11
11
11
11
11
11
11
11
11
11
11
11
11
11
11
11
11
11
11
11
11
11
11
11
11
11
11
11
11
11
11
11
11
11
11
11
11
11
11
11
11
11
11
11
11
11
11
11
11
11
12
11
11
11
15
19
15
20
11
11
11
11
15
11
11
11
