105
101
101
102
102
122
101
101
101
105
104
106
101
105
113
101
108
101
102
101
116
101
101
101
101
106
101
101
101
101
108
112
101
102
105
101
101
101
105
102
101
101
101
101
102
103
101
101
102
101
101
101
101
101
101
102
101
109
116
101
101
115
101
101
101
101
102
111
111
119
110
101
101
125
116
109
101
101
102
103
102
101
101
114
107
103
101
101
114
116
119
101
101
108
107
110
101
101
115
102
101
112
109
101
101
101
106
115
101
102
122
103
119
101
102
110
110
101
104
102
101
101
101
111
109
101
