105
102
102
104
101
102
101
101
101
101
101
101
101
101
101
101
101
101
101
102
107
105
101
101
101
101
111
101
113
109
102
106
115
106
113
102
102
103
103
101
108
106
111
101
108
101
101
101
101
110
103
111
103
101
101
113
106
101
101
101
101
101
102
101
102
101
103
106
101
114
101
105
105
101
101
102
105
101
102
101
101
108
106
101
120
113
119
106
101
101
112
104
102
101
104
101
112
102
101
101
101
102
103
107
103
101
101
103
101
106
109
119
107
109
109
123
123
109
107
118
101
122
102
101
113
109
107
104
101
102
104
101
101
101
101
101
101
101
