11
31
24
11
21
14
12
12
11
14
13
22
11
12
12
11
11
11
14
11
13
13
11
11
11
11
11
11
11
14
13
11
11
20
13
11
12
11
12
11
14
11
11
12
11
14
11
11
17
11
11
22
13
17
26
11
18
34
12
11
12
11
13
11
13
14
11
11
13
11
15
31
18
29
16
16
11
25
20
29
13
28
11
33
29
20
11
24
36
13
23
30
33
27
11
30
33
11
18
34
33
29
11
30
15
19
22
12
11
12
11
14
20
11
25
15
23
13
11
31
11
20
13
11
15
14
14
11
12
11
11
11
15
11
23
13
11
11
14
22
11
11
11
11
15
11
18
11
18
13
26
11
11
21
20
11
11
11
27
11
15
11
11
11
21
13
33
12
11
30
11
18
11
24
11
24
11
16
18
11
27
31
23
29
19
11
28
13
16
19
16
16
11
29
11
12
11
11
11
13
11
11
11
11
12
11
11
17
12
11
13
11
12
11
15
12
13
11
12
12
15
26
26
12
16
21
11
26
31
15
23
16
29
29
40
26
36
25
25
11
16
11
11
11
12
11
11
11
11
13
14
11
11
13
12
11
15
15
12
13
12
11
25
11
13
12
11
11
11
14
11
11
11
11
11
11
14
11
11
12
11
11
11
11
21
16
28
17
18
11
20
11
30
34
11
28
24
11
17
11
13
11
11
19
19
11
13
11
16
11
15
27
11
34
24
11
27
19
35
11
25
14
36
26
11
34
13
19
11
28
14
11
21
16
16
11
24
25
12
23
11
17
17
19
16
16
21
15
19
12
11
18
28
11
19
14
19
16
16
14
24
14
14
29
29
26
30
16
11
28
11
15
31
28
12
19
17
24
11
24
11
25
11
25
11
11
26
19
11
30
25
27
35
14
11
22
16
11
22
11
19
32
16
13
16
16
11
33
11
25
25
28
11
24
13
11
27
11
17
27
11
25
17
14
11
28
11
26
17
28
11
19
27
11
24
19
11
22
13
16
19
19
11
15
13
16
11
28
11
13
17
15
11
11
11
16
11
11
11
17
11
11
11
11
11
14
11
13
12
21
11
13
11
11
11
17
11
25
12
18
14
16
11
30
26
13
11
11
11
13
11
11
20
13
16
25
29
17
13
24
11
21
11
14
11
11
11
14
11
12
18
26
11
29
11
18
19
16
22
14
19
16
12
31
11
40
11
26
25
11
11
11
15
19
14
12
11
25
30
23
35
18
11
16
13
13
15
17
11
11
23
19
11
28
36
11
24
11
24
26
27
23
31
22
25
11
13
11
13
11
12
11
11
12
11
28
11
24
11
18
18
12
26
19
16
11
13
11
11
11
12
11
12
11
12
15
11
16
13
13
12
12
16
11
14
13
11
15
11
14
11
11
15
12
11
11
11
11
11
11
14
11
11
12
11
15
11
18
11
12
11
12
11
15
11
11
11
12
14
13
16
13
29
11
32
28
27
33
14
29
11
16
11
11
15
15
11
15
15
15
21
12
16
19
11
11
16
18
12
14
11
13
12
13
14
15
12
13
11
12
11
12
15
17
11
19
11
12
19
12
11
12
12
12
32
34
34
33
39
29
25
27
24
24
27
11
28
23
33
29
11
29
11
26
16
16
11
22
13
28
21
13
19
26
11
25
20
11
12
11
11
17
22
11
23
11
20
17
35
24
15
23
34
15
11
19
11
25
34
11
26
30
16
11
33
11
14
11
11
22
26
21
11
11
11
11
11
18
11
15
14
17
37
11
13
11
