104
101
106
108
106
101
106
108
101
101
101
102
101
101
101
105
115
105
103
101
101
102
113
109
106
101
101
126
105
117
104
109
101
101
117
109
101
101
107
105
101
102
106
103
101
106
104
108
105
117
101
103
125
101
123
101
101
108
107
107
101
107
107
102
106
115
109
105
101
112
101
104
106
103
106
101
102
102
101
101
101
102
106
101
107
105
101
104
111
105
102
101
101
101
101
101
101
101
101
101
101
106
107
101
106
101
101
101
105
105
105
115
110
110
101
102
101
106
105
101
111
114
125
111
116
109
103
115
106
105
105
106
101
101
110
101
101
105
101
101
101
101
119
101
101
105
101
121
101
101
101
101
101
101
101
101
