26
14
11
16
11
25
11
16
11
27
11
11
13
12
11
14
11
11
11
11
24
11
24
11
19
12
11
15
19
16
11
14
12
11
16
11
12
19
11
22
11
14
12
12
11
11
19
18
11
18
16
11
11
11
11
17
11
11
18
21
11
11
20
16
16
11
11
21
12
11
12
11
11
11
11
11
11
11
11
11
12
11
12
13
13
11
11
14
11
11
13
13
12
13
13
12
17
17
11
11
11
12
15
11
11
14
11
11
17
14
11
11
11
12
14
15
11
11
11
11
11
15
11
15
11
14
15
11
11
12
17
12
12
11
11
14
12
13
11
11
11
11
17
11
19
11
32
29
11
25
26
26
13
11
11
12
11
15
20
11
27
23
29
29
29
26
19
22
30
11
28
29
29
11
32
11
22
11
11
13
21
26
29
29
29
29
26
21
32
29
23
11
15
11
15
11
15
11
15
21
11
27
21
12
18
11
11
11
12
11
14
22
29
36
11
15
11
22
16
11
11
21
23
26
16
29
36
29
29
23
11
11
11
13
19
11
11
11
13
39
29
17
28
26
19
19
11
25
26
19
20
29
29
29
29
29
29
11
20
28
19
33
11
15
11
15
11
22
29
33
11
17
11
16
11
15
11
15
29
11
28
23
19
11
15
11
11
19
15
33
11
28
11
15
11
14
16
11
25
11
24
15
11
26
11
18
21
11
11
14
11
11
11
11
27
11
25
11
26
30
15
11
11
18
12
11
11
13
12
13
11
44
11
21
18
14
11
28
11
28
14
16
16
11
11
11
24
11
11
28
19
11
25
32
11
26
12
11
38
14
31
11
21
18
11
15
21
12
12
15
19
11
11
12
11
11
11
13
11
18
11
16
11
18
11
22
12
11
11
24
17
11
19
13
15
11
28
11
17
11
11
11
21
11
18
12
11
11
11
11
11
11
11
12
17
11
28
15
12
11
14
11
20
29
36
29
33
29
29
16
29
29
24
15
19
27
11
11
11
12
11
11
11
11
26
17
16
29
13
19
29
29
29
29
29
29
29
29
29
29
29
29
29
29
29
29
29
29
29
11
15
11
15
11
15
11
15
11
22
29
23
17
18
11
30
29
29
26
29
29
29
29
29
29
29
29
29
29
29
29
29
29
29
29
29
29
29
29
29
29
29
29
29
29
29
29
29
29
29
33
29
23
11
15
11
15
11
18
29
29
29
29
29
30
29
29
11
15
11
15
19
29
29
29
29
29
29
29
29
11
12
29
29
28
11
23
11
15
11
11
11
16
11
15
11
15
20
11
14
11
22
11
12
12
11
12
11
11
11
11
14
11
12
11
14
15
12
11
11
11
11
11
11
11
11
11
11
16
11
11
13
11
18
12
11
22
13
21
51
20
29
27
27
19
26
11
18
29
16
23
12
30
16
16
36
11
11
22
23
17
15
33
22
16
43
11
11
11
11
11
11
11
11
11
14
19
16
11
20
22
26
11
16
23
15
20
13
11
25
27
36
13
11
18
15
11
30
13
36
26
16
19
23
13
11
15
26
24
15
33
11
25
29
18
17
24
17
13
11
32
12
19
13
11
12
11
13
11
11
35
19
11
20
11
28
28
11
11
11
13
27
11
21
11
11
13
16
11
11
11
11
14
11
21
11
26
19
24
16
11
18
11
11
11
13
11
11
11
11
11
11
