101
101
101
101
101
101
101
107
104
102
101
101
110
101
101
101
101
101
101
101
103
101
101
110
112
105
103
102
120
103
119
113
101
106
103
109
109
103
101
101
101
101
101
101
103
101
119
109
101
114
108
102
102
101
101
106
113
112
101
101
101
101
101
101
101
101
101
101
102
101
105
101
101
101
101
103
101
101
117
105
103
106
101
101
101
101
101
101
101
101
101
101
101
101
101
101
119
103
101
105
101
108
104
121
107
113
105
101
110
135
104
107
115
103
109
106
103
111
101
112
101
101
106
110
101
117
105
115
101
106
101
101
101
101
102
101
101
101
101
101
101
101
105
101
101
105
101
110
101
101
101
101
101
101
101
101
101
101
