26
25
15
11
26
27
11
11
11
35
16
11
18
23
38
34
11
15
22
16
17
16
14
29
11
22
11
28
25
27
11
15
33
28
29
28
11
22
11
33
11
17
20
23
11
32
29
18
28
18
11
18
28
28
11
33
11
25
32
18
35
11
25
28
19
12
27
32
11
28
35
11
25
11
25
29
32
25
11
21
11
27
11
25
18
11
20
16
11
11
11
25
11
25
34
11
11
11
20
13
11
13
11
28
11
13
23
11
18
11
11
11
39
26
23
20
16
13
19
11
22
20
24
14
19
28
11
22
11
11
20
11
11
11
11
11
11
11
11
32
13
11
30
11
22
14
17
13
13
11
32
26
26
29
33
11
11
21
11
32
36
21
29
28
13
18
23
17
11
28
11
15
11
12
11
12
18
11
13
14
29
13
19
11
27
14
11
13
16
16
11
25
11
13
11
11
11
11
19
11
11
35
18
21
23
26
16
11
24
15
15
13
12
12
11
22
13
13
11
16
13
11
12
18
13
20
12
11
11
11
23
16
11
31
11
21
11
27
11
25
21
12
11
11
22
14
12
14
11
13
11
13
11
11
16
11
27
11
26
12
15
12
11
14
11
12
11
14
11
11
11
11
15
13
11
20
20
11
12
11
11
12
12
11
16
11
23
15
11
16
16
11
11
11
11
11
11
11
11
12
11
16
13
11
14
16
32
11
15
15
20
16
11
11
11
13
11
17
11
11
14
12
11
12
11
11
14
13
11
11
12
11
11
17
17
11
11
11
11
11
11
11
11
11
11
12
11
11
11
11
11
11
11
11
11
11
11
11
11
14
11
11
11
11
11
11
15
11
11
11
11
11
11
11
11
11
21
24
11
14
11
11
11
11
11
11
11
11
11
11
11
11
11
11
12
11
11
11
11
17
11
14
16
11
11
11
11
12
13
12
13
16
13
11
11
11
11
19
27
15
11
23
11
26
29
11
27
18
19
22
13
16
11
12
15
12
15
11
11
12
11
11
12
11
13
13
11
12
11
12
11
13
11
11
11
17
14
11
12
11
11
11
11
11
11
11
11
11
13
11
13
11
13
14
11
11
13
11
13
17
11
11
11
11
11
11
12
11
11
11
11
11
11
11
23
11
11
11
18
14
11
24
11
21
11
13
19
11
25
11
22
22
14
15
11
13
11
13
12
11
11
12
13
13
14
11
11
13
24
29
11
15
11
15
11
15
11
15
11
15
11
15
11
15
11
15
11
32
11
11
21
11
15
29
29
29
33
29
29
29
29
29
29
25
11
11
11
11
11
11
16
13
11
12
11
13
28
30
20
29
19
11
14
11
21
19
11
17
11
15
12
11
23
11
27
11
18
11
11
19
13
17
13
27
40
19
29
29
29
30
29
29
11
38
28
29
29
31
28
29
29
29
29
29
29
29
29
29
26
29
16
29
11
28
30
29
29
29
13
11
24
31
43
33
29
23
29
45
23
33
16
29
15
40
30
29
16
22
29
20
27
33
29
23
11
11
11
13
11
22
19
36
16
11
18
12
34
23
38
19
18
18
19
27
11
25
23
23
16
16
20
11
13
16
19
11
11
11
11
12
11
11
11
11
11
11
11
22
11
12
20
11
28
11
13
11
19
11
14
20
29
25
21
30
24
17
11
12
11
14
18
31
28
33
26
23
11
16
22
16
13
26
29
16
33
11
28
19
39
11
31
16
23
30
29
22
29
30
11
14
23
17
16
22
27
11
25
16
20
11
18
11
45
11
21
20
28
27
29
25
34
12
14
12
11
11
12
11
18
25
11
11
11
11
11
11
11
11
11
11
11
11
11
11
11
11
11
31
11
11
13
19
13
14
11
11
11
12
11
11
11
11
11
11
20
11
15
18
18
11
12
19
23
23
11
16
11
11
12
15
11
13
11
11
11
11
11
11
11
11
11
11
11
11
11
11
11
11
11
11
11
21
12
15
19
11
20
11
11
11
18
11
11
11
11
11
11
11
12
12
11
13
11
11
11
11
11
11
11
11
11
11
11
11
11
13
11
11
11
11
11
11
11
11
11
11
11
11
11
11
11
11
11
11
11
11
11
11
11
11
11
11
12
11
11
11
11
11
11
11
13
11
11
11
11
11
11
11
11
13
11
11
11
12
11
11
11
11
11
11
12
11
12
11
12
11
11
11
11
11
13
11
11
11
14
12
14
17
11
20
11
11
11
11
11
11
11
11
13
11
11
11
16
12
11
11
11
11
11
12
11
11
11
11
11
12
11
11
11
11
12
11
11
11
11
11
12
11
11
11
11
11
