11
13
21
11
27
20
11
14
11
13
11
23
11
11
18
18
16
11
24
15
11
19
18
11
12
13
11
12
11
11
11
11
19
11
12
13
13
11
28
11
13
11
24
11
14
11
16
17
23
13
12
11
32
11
13
11
11
11
11
11
11
11
13
13
11
11
12
13
11
11
16
11
11
16
11
11
16
11
11
11
13
13
11
12
11
11
22
23
21
11
11
21
19
11
15
11
11
11
11
11
11
17
11
14
16
11
11
11
15
33
22
23
15
11
11
27
29
23
23
11
12
20
12
16
19
23
13
11
25
11
20
13
14
11
11
17
28
25
12
19
14
15
28
16
11
11
11
14
15
11
16
11
20
15
11
23
11
11
14
25
12
16
23
19
16
22
20
21
17
22
11
15
11
11
11
15
11
15
11
12
11
11
11
11
12
14
16
32
27
11
11
11
11
11
12
11
12
11
11
11
11
17
24
11
14
18
11
17
16
16
11
13
22
11
11
15
16
20
12
24
16
15
31
11
25
26
20
12
11
12
21
24
18
11
12
16
11
11
32
11
17
15
15
11
13
17
11
11
25
14
11
11
11
11
11
11
11
11
12
11
11
11
15
13
14
11
11
11
11
11
17
11
20
11
15
21
12
11
11
17
11
16
11
11
11
11
11
11
14
11
11
11
11
11
11
11
11
11
11
11
11
11
11
11
11
11
11
18
15
11
18
11
11
15
19
11
16
19
12
11
11
13
11
11
16
12
12
11
17
14
11
11
11
13
11
12
11
11
15
11
11
17
11
11
11
14
11
12
11
11
11
11
11
11
11
11
12
11
11
11
16
11
16
11
11
11
11
11
11
12
14
11
11
11
11
11
11
11
11
11
11
13
13
11
11
11
11
11
13
13
12
12
12
14
11
11
11
11
15
11
11
11
11
11
11
29
23
34
28
17
28
36
25
27
26
16
29
11
28
13
16
29
33
19
11
25
25
28
33
29
11
16
25
13
13
24
28
11
31
11
29
29
29
16
24
11
25
30
24
25
19
30
27
22
11
19
29
28
11
30
26
24
19
29
29
19
12
27
24
24
11
19
30
30
13
11
15
11
11
11
14
31
12
22
11
19
18
11
11
11
32
40
14
13
11
14
11
11
11
28
34
11
17
12
11
11
11
18
18
11
23
14
11
13
12
11
15
11
25
11
25
32
11
25
11
11
11
20
11
32
11
20
11
16
29
20
13
17
11
21
11
11
11
11
19
11
25
11
11
12
23
13
25
11
11
30
30
11
31
11
23
36
20
29
16
11
25
11
24
19
11
29
27
17
25
13
13
19
16
25
24
20
11
11
23
15
11
24
25
28
32
11
22
11
28
20
35
13
11
26
18
11
23
14
19
11
28
11
17
21
23
11
11
27
11
23
14
19
21
11
25
18
19
15
11
30
17
19
11
24
11
11
30
11
11
15
11
11
31
14
11
20
11
11
11
34
11
11
12
15
11
12
30
29
20
18
14
11
22
11
15
11
28
37
11
20
33
23
29
15
32
11
20
13
15
13
11
12
14
19
14
13
13
17
16
11
13
12
16
13
15
16
18
11
11
16
21
16
13
18
15
11
23
14
17
14
16
18
12
11
12
29
26
19
33
33
32
11
26
26
20
11
21
11
28
13
12
11
29
29
26
26
19
21
12
22
20
23
26
17
11
21
11
22
23
26
11
19
29
39
12
37
29
26
17
11
25
14
25
17
15
11
15
26
18
12
14
11
11
22
26
11
14
21
11
19
13
20
11
11
18
11
26
11
20
18
16
12
11
17
14
16
11
12
14
14
33
11
12
11
11
13
11
22
11
11
