102
103
101
101
101
104
105
101
102
122
101
112
101
102
103
101
101
101
103
105
101
115
105
109
101
101
103
103
101
108
104
101
108
101
102
101
102
102
102
101
106
104
115
120
101
123
114
105
119
107
101
103
101
122
101
113
122
113
101
116
119
101
101
121
119
119
109
101
115
107
109
103
105
105
120
120
104
102
113
101
101
101
102
103
101
101
109
103
102
101
120
119
101
101
101
118
116
106
113
101
101
101
113
101
108
101
101
103
101
116
103
101
102
109
102
101
101
102
101
101
101
101
101
102
101
101
101
101
101
101
101
106
103
113
101
101
101
101
101
101
101
106
101
101
101
101
101
101
101
101
113
101
108
101
101
