18
14
17
11
13
13
12
12
14
11
12
11
11
12
11
11
13
11
14
11
18
11
12
12
23
24
11
11
14
14
12
14
11
25
15
11
15
24
21
16
19
16
11
16
11
16
11
14
11
20
14
16
17
11
23
14
11
30
11
11
11
14
11
11
11
11
11
11
11
11
12
11
14
11
11
11
11
11
11
12
11
11
11
21
13
25
11
17
11
15
11
16
12
25
11
11
24
11
11
11
11
22
11
22
11
11
11
11
11
11
11
11
11
11
11
11
11
11
11
11
11
11
11
11
11
11
11
11
11
11
11
11
11
11
11
11
11
11
11
11
11
11
11
11
11
11
11
11
11
11
11
11
11
11
11
11
11
11
17
11
15
23
11
15
11
11
17
11
22
11
15
23
11
11
11
16
11
29
12
11
11
11
25
11
25
12
14
12
14
20
17
11
11
29
11
11
14
14
24
11
11
11
11
13
15
11
13
11
11
14
11
22
36
26
26
29
25
11
26
11
28
33
16
30
11
28
23
39
11
11
27
11
22
11
15
23
15
11
11
19
23
11
25
16
16
11
18
16
22
18
16
11
11
18
11
18
23
11
24
17
11
24
19
23
26
26
27
22
11
11
11
12
11
15
14
11
11
12
12
14
20
14
22
11
44
14
11
11
11
25
11
29
11
19
16
16
11
27
11
24
14
11
11
11
11
11
13
11
13
15
11
11
16
15
11
27
12
17
11
11
12
12
18
11
25
11
26
12
13
18
19
11
14
19
14
11
19
38
11
14
11
36
11
11
20
23
11
17
11
13
12
19
11
12
21
11
32
11
26
40
32
11
18
11
11
14
12
11
11
14
11
12
15
11
14
17
18
13
11
16
20
19
17
11
22
11
24
11
11
19
11
25
20
11
17
11
12
11
27
18
11
11
17
11
11
11
14
11
12
11
11
11
16
15
18
11
14
11
11
11
11
11
11
11
11
11
20
11
11
13
15
11
11
11
11
11
11
11
15
11
11
11
16
13
15
11
11
11
11
12
11
11
16
12
11
11
11
12
11
11
11
14
11
15
11
13
11
11
11
12
11
11
11
13
11
11
11
11
11
11
11
11
11
11
14
14
11
11
12
11
11
11
11
11
11
11
11
11
11
11
11
11
15
20
14
14
13
11
12
11
11
11
11
12
11
11
11
13
11
11
12
12
12
12
13
12
13
11
11
11
12
13
11
11
11
12
14
12
12
12
19
11
12
15
12
13
13
11
13
12
20
11
19
16
12
11
11
11
11
11
13
13
13
11
13
11
12
22
11
28
27
13
11
12
11
11
12
29
22
16
11
11
11
12
14
11
12
11
16
22
13
11
11
17
11
13
11
17
16
11
11
22
11
11
11
11
11
11
11
11
11
13
11
11
11
11
11
11
11
12
11
11
11
11
11
11
11
11
11
11
11
11
29
20
11
11
11
11
11
11
11
11
11
11
11
11
11
14
11
11
12
11
15
24
24
22
14
11
11
11
11
12
11
11
11
11
11
11
11
11
11
11
11
11
11
13
11
18
15
14
12
11
13
11
16
12
13
13
15
14
11
11
11
11
16
19
14
13
11
19
19
11
17
11
11
25
11
11
15
11
22
18
12
17
16
11
11
11
20
11
13
11
11
15
13
12
25
13
13
11
11
14
15
12
11
12
11
20
11
11
12
16
11
11
17
27
21
15
12
23
27
25
32
44
21
11
17
12
11
38
33
29
33
11
11
13
11
15
11
23
22
19
27
19
28
11
13
16
11
16
11
23
21
11
19
48
37
26
19
11
15
14
35
12
38
38
47
29
28
19
28
27
20
28
36
23
23
11
17
11
21
11
11
12
12
14
11
13
38
19
29
27
11
23
12
22
21
15
11
11
20
16
33
11
22
28
28
29
11
28
19
18
28
30
27
29
28
17
11
28
28
28
23
15
28
28
24
20
19
28
11
28
30
27
20
19
19
19
19
11
17
19
17
29
19
19
19
19
19
19
28
28
29
19
19
17
20
19
19
11
17
19
19
19
19
11
17
19
19
19
19
11
17
20
19
20
19
12
16
19
19
19
19
19
19
19
19
19
11
11
16
19
11
17
19
11
18
19
19
19
19
11
17
19
19
11
11
11
11
11
11
11
11
11
11
11
11
11
11
11
11
11
11
11
11
11
11
11
11
11
11
11
11
11
11
11
11
11
11
11
11
11
11
11
11
11
12
11
11
11
11
13
11
11
11
11
11
11
11
11
11
11
11
11
11
11
11
11
11
11
11
11
15
19
19
19
19
14
11
11
11
11
11
11
11
11
12
19
19
19
19
19
11
11
11
11
11
11
11
11
11
11
11
11
11
11
11
26
11
11
11
11
11
11
11
11
18
19
19
19
19
14
11
11
11
11
11
11
11
11
11
11
11
11
11
11
11
11
11
11
11
11
11
11
11
11
11
11
11
11
11
11
11
11
11
11
11
11
11
11
11
11
11
11
11
11
11
11
11
11
11
11
11
