11
11
15
16
11
11
27
17
11
14
13
16
13
11
12
11
11
12
12
11
18
12
11
11
11
11
11
12
12
16
11
11
11
11
12
11
11
12
14
21
11
18
13
11
11
12
11
11
11
13
11
12
16
11
11
11
11
11
13
11
11
11
11
11
32
19
11
13
13
11
11
11
11
11
11
16
11
11
11
11
11
11
15
20
12
12
11
11
11
11
16
11
11
11
11
11
11
11
11
12
11
11
11
11
15
12
12
11
11
11
15
18
29
11
11
11
11
11
11
11
11
11
11
11
11
11
11
11
12
11
11
11
11
11
11
12
11
11
11
11
11
12
11
11
11
11
11
11
11
11
13
11
11
11
11
11
11
11
11
12
17
24
11
15
11
11
17
11
20
18
11
18
11
16
12
25
11
11
13
11
13
11
11
16
11
16
12
24
11
12
21
12
11
14
24
11
14
11
12
11
12
17
11
11
12
11
16
16
14
25
30
11
34
20
11
13
20
15
16
19
26
26
36
13
21
11
11
11
17
13
14
11
11
11
15
11
12
11
16
12
11
16
12
17
16
11
27
29
15
11
15
16
15
11
21
11
11
12
11
23
19
25
19
11
14
16
22
17
14
13
11
13
21
11
17
17
15
20
26
23
23
26
20
33
11
11
12
11
27
13
11
11
11
12
11
13
12
27
11
13
28
11
24
17
19
17
11
30
11
22
14
13
11
11
11
25
13
11
11
11
16
11
11
18
11
28
18
14
11
11
20
12
14
11
11
14
11
11
42
11
26
11
11
17
12
11
13
11
14
11
11
25
18
11
33
18
11
12
11
20
11
18
15
12
11
16
12
11
19
12
33
14
15
11
28
11
11
18
11
23
11
14
12
15
24
12
17
11
16
15
12
11
19
13
16
24
31
11
12
11
11
14
13
11
24
11
11
11
18
11
21
21
11
11
11
13
11
11
15
11
11
11
11
11
11
11
11
12
11
11
11
11
11
11
11
11
12
11
15
11
11
12
15
11
15
15
23
11
15
12
11
11
11
11
11
11
11
11
12
11
11
11
11
11
11
11
11
11
11
11
11
13
11
11
14
12
11
11
11
11
11
11
11
16
13
11
11
14
12
11
11
12
37
11
11
11
15
11
11
11
17
11
11
26
16
13
11
17
11
11
16
22
11
19
17
11
13
14
11
11
11
12
11
18
11
11
11
12
12
20
11
22
15
21
11
11
13
11
12
11
11
11
15
11
11
11
13
12
15
11
12
14
11
12
11
14
15
12
14
11
11
11
11
11
11
11
11
11
11
13
11
11
11
11
11
11
11
15
11
13
11
12
12
12
11
11
12
12
11
22
23
11
15
11
15
11
15
11
15
11
15
11
15
11
15
11
22
11
11
14
16
11
15
11
22
29
29
23
29
29
29
29
29
29
29
29
29
21
11
14
11
15
17
13
11
16
11
11
11
11
16
12
13
11
11
11
23
17
13
11
11
18
11
15
11
13
19
11
18
11
29
11
28
11
11
11
11
11
11
18
23
16
36
11
32
11
12
11
24
13
11
16
19
11
11
14
11
12
11
12
24
13
11
12
11
15
11
17
13
12
11
24
35
13
11
11
12
11
14
16
11
11
15
11
12
11
11
11
11
12
14
11
11
11
11
11
13
11
11
11
11
12
13
13
13
11
11
11
11
11
11
13
11
33
11
34
29
37
14
22
11
13
33
23
22
23
26
27
11
23
13
29
29
23
22
27
12
13
22
20
23
11
29
33
19
17
19
20
32
37
13
35
33
11
25
20
16
16
26
11
18
20
16
11
29
11
17
11
29
13
30
26
22
30
11
31
11
12
26
30
39
19
20
30
22
29
11
26
17
14
29
29
17
26
11
18
11
20
11
14
12
11
22
11
13
11
11
42
16
24
11
15
36
31
21
34
13
11
14
17
11
11
17
24
21
11
19
16
11
30
18
13
11
11
14
11
27
11
25
26
20
20
15
16
11
11
11
12
11
11
11
11
11
11
11
11
11
11
11
11
11
11
17
12
11
12
16
11
18
11
11
11
11
11
11
11
11
11
11
11
12
11
22
11
13
23
22
11
21
11
11
12
11
11
11
11
11
11
11
11
11
11
11
11
11
11
11
11
11
11
11
11
11
11
11
13
11
11
11
14
11
14
11
11
11
