11
30
26
33
16
16
11
13
11
16
11
35
11
20
26
29
27
29
29
29
29
29
31
28
29
29
25
30
29
26
33
29
29
29
29
29
26
29
29
29
29
29
29
29
29
29
29
23
11
15
11
15
11
18
11
15
11
15
11
15
11
15
29
29
29
26
29
29
29
29
31
28
28
11
20
29
29
31
28
29
29
29
29
29
23
11
22
11
13
11
11
11
12
11
11
15
14
11
15
11
12
12
11
11
11
11
11
12
11
13
11
11
14
11
15
11
11
13
11
11
11
11
11
14
12
13
11
11
14
11
14
11
11
12
11
12
12
11
12
12
13
11
11
12
11
11
11
11
11
11
18
11
11
11
13
13
11
15
11
11
12
15
13
13
11
11
12
11
14
14
11
14
16
11
11
11
11
11
12
12
11
14
13
11
12
13
15
11
11
14
17
12
13
12
14
12
11
11
11
11
11
11
11
11
14
11
13
12
13
11
11
11
11
16
18
29
29
36
19
29
36
29
33
29
11
11
11
16
11
15
29
29
29
29
29
29
33
26
20
11
15
11
15
13
19
29
23
11
15
11
15
11
22
29
29
29
19
11
18
11
15
11
22
29
29
26
23
11
15
11
15
11
22
29
29
29
11
12
11
15
11
15
29
29
29
29
29
29
21
11
14
11
15
11
12
23
29
29
29
21
11
14
11
15
29
29
33
29
29
16
33
29
29
16
11
28
29
29
29
29
29
11
15
11
13
11
14
11
15
19
27
28
29
29
24
26
22
11
15
11
15
11
22
36
11
25
29
11
15
11
15
11
25
29
29
13
29
11
15
11
15
11
15
33
27
25
24
22
11
15
11
15
29
29
27
28
30
13
29
29
36
29
29
20
11
28
23
23
11
15
11
15
11
15
11
15
29
22
11
30
29
27
11
21
29
29
29
29
29
29
29
29
29
29
29
29
29
11
22
11
11
14
11
32
29
36
14
22
11
15
19
11
35
29
16
26
26
29
29
29
29
29
29
29
29
29
29
29
29
29
29
29
29
29
29
29
29
29
29
29
29
29
29
29
29
23
11
15
11
15
11
15
11
15
29
29
11
15
11
15
11
15
26
29
29
29
29
29
29
29
33
11
15
11
11
11
20
33
11
15
11
15
11
15
11
15
11
15
11
22
31
11
21
29
29
29
11
15
11
13
11
14
11
15
11
15
11
12
22
11
15
11
17
11
11
11
11
11
12
13
11
11
11
11
11
11
11
11
11
11
11
11
11
11
12
11
11
11
11
11
11
11
11
11
11
11
11
11
11
12
11
11
11
11
11
11
11
11
11
11
11
11
11
11
11
11
11
11
11
11
11
11
11
11
11
11
11
11
11
11
11
11
11
11
11
11
11
11
11
11
11
11
11
11
11
11
11
11
11
11
11
11
11
11
11
11
11
11
11
11
11
11
11
11
11
11
11
11
11
11
11
11
11
11
11
11
11
11
11
11
11
11
11
11
11
11
11
11
11
11
11
21
11
12
16
11
11
12
15
11
12
11
15
13
12
11
16
12
15
17
11
11
11
12
23
11
11
11
13
12
11
15
11
11
22
11
11
13
13
11
12
11
11
11
11
11
11
11
11
11
11
11
11
11
11
11
11
11
11
11
11
11
11
11
11
11
11
11
12
11
11
12
12
13
11
11
11
11
11
11
11
13
11
12
12
12
14
11
11
11
11
11
11
11
11
15
11
11
12
12
11
18
16
13
26
23
13
11
13
11
15
11
26
11
11
12
11
19
