28
26
29
11
15
11
25
11
15
13
29
44
21
11
17
22
40
19
36
11
12
11
25
11
24
19
33
31
16
12
31
11
21
11
18
11
29
12
11
30
11
12
21
12
11
25
11
33
27
11
25
14
11
30
28
14
19
19
11
28
12
21
11
27
13
16
11
14
11
21
17
11
23
16
11
11
15
11
24
13
13
19
12
11
22
16
19
13
16
23
13
13
22
11
35
27
11
31
28
14
20
12
16
12
11
11
11
11
11
11
13
13
11
13
16
12
16
11
17
11
11
11
13
11
11
11
13
28
28
11
14
11
29
11
20
11
20
13
24
11
11
12
11
18
23
12
21
22
15
18
17
19
19
11
18
19
19
11
27
14
12
15
16
14
11
17
11
13
11
13
13
20
13
11
23
11
11
11
19
14
13
16
11
11
11
24
11
28
12
11
11
11
11
11
11
15
11
11
11
20
11
11
14
21
14
11
23
11
14
21
18
11
11
14
18
14
13
13
11
12
11
13
11
11
15
24
19
37
30
11
12
15
29
11
18
11
24
28
29
29
28
11
20
29
29
29
13
13
11
32
20
36
29
29
29
29
29
11
26
14
11
12
41
18
35
11
20
11
11
16
11
22
11
16
27
20
14
11
27
28
20
11
11
15
11
24
14
12
14
14
24
11
28
29
13
28
17
29
13
29
11
11
24
29
28
35
14
29
23
32
11
16
11
14
11
11
17
11
12
33
21
35
11
24
36
36
18
11
25
30
16
11
29
11
25
13
11
28
18
27
19
11
26
16
11
30
19
34
13
16
16
11
31
28
27
11
20
16
20
20
28
16
11
14
11
11
21
30
33
12
11
30
11
24
12
15
24
13
19
11
26
11
22
16
14
19
11
19
29
11
18
16
27
11
11
28
27
26
21
32
11
15
28
26
21
11
11
20
13
13
11
11
14
18
18
19
12
11
15
11
11
11
14
11
11
11
26
17
12
11
11
14
18
11
12
11
17
12
11
11
11
11
11
16
11
11
11
11
11
11
18
11
12
11
21
11
11
12
11
14
13
11
11
12
14
11
13
11
11
12
11
11
13
11
14
11
11
13
11
11
24
19
16
14
25
13
21
19
11
14
12
13
14
11
11
11
12
11
12
11
11
11
11
11
11
11
11
11
12
11
11
14
13
16
11
11
15
11
12
11
12
13
11
11
18
11
14
14
22
12
14
11
12
11
12
11
11
13
11
11
11
12
13
11
11
11
11
11
18
11
15
11
11
17
12
11
27
14
11
22
11
15
17
11
13
23
17
17
26
26
29
29
29
29
29
29
29
23
18
19
12
11
15
11
15
22
19
27
25
11
31
20
14
11
14
11
13
11
11
20
13
11
12
12
11
11
14
11
23
17
29
11
12
13
11
27
11
30
16
20
20
25
15
13
27
11
21
27
29
26
29
11
16
41
23
19
19
11
16
12
13
11
11
12
11
13
21
11
11
11
18
26
14
14
14
12
14
15
14
11
11
12
11
11
11
14
12
13
15
12
13
11
11
11
12
13
16
11
14
12
11
26
26
27
33
33
39
36
29
29
13
26
13
11
30
23
13
32
23
12
27
17
11
18
12
14
11
11
11
11
11
20
17
20
11
11
15
19
11
15
13
19
36
28
14
20
11
15
25
27
26
11
31
11
35
11
11
25
16
11
33
28
25
11
20
11
27
17
16
11
11
17
24
11
11
14
11
11
11
13
32
32
11
24
11
19
11
11
20
11
13
19
19
26
11
35
11
31
18
17
11
25
11
25
11
20
11
22
11
11
11
11
11
11
11
11
21
11
12
11
11
11
11
12
11
11
11
14
11
22
11
25
18
11
11
11
21
11
13
18
11
11
16
11
19
11
11
11
14
16
11
13
11
11
16
11
11
22
11
15
11
14
11
11
11
12
14
11
13
11
12
11
11
11
11
11
11
11
11
11
11
11
11
11
11
11
11
11
11
11
11
11
11
11
11
11
11
11
11
11
11
11
11
11
11
12
11
11
11
11
11
11
11
11
11
11
11
11
11
11
11
11
12
11
11
11
11
11
12
11
11
11
11
11
11
11
11
11
11
11
11
11
11
11
11
11
11
11
11
11
11
11
11
11
11
11
11
11
11
12
11
11
11
11
11
11
11
11
11
11
11
11
11
11
11
11
11
11
11
11
11
11
11
11
11
11
11
12
11
11
11
11
11
11
11
11
11
11
11
11
11
11
11
11
11
11
11
11
11
11
11
11
11
11
11
11
11
12
11
11
11
11
11
11
11
11
11
11
11
14
11
11
11
11
11
11
11
11
11
11
11
11
11
11
11
11
11
11
11
11
11
20
12
