11
12
13
12
11
11
11
11
11
11
16
14
11
11
16
28
11
25
29
26
29
26
29
29
29
29
29
29
29
29
29
36
29
29
16
33
29
29
29
29
26
29
29
29
29
29
29
29
29
29
29
29
11
15
11
15
11
18
11
15
11
15
11
15
11
15
11
12
29
29
29
36
29
29
29
29
11
18
29
29
29
29
29
19
29
29
29
29
29
29
11
15
11
22
11
12
11
16
11
12
12
12
16
17
11
12
12
12
12
11
11
12
12
11
11
16
11
11
11
13
11
11
11
11
11
13
13
15
13
11
11
11
11
11
11
11
13
11
13
11
11
11
11
11
11
16
11
11
12
11
15
17
12
12
13
11
11
11
13
12
15
12
12
14
13
13
11
11
11
11
12
12
11
13
11
14
13
11
11
11
17
11
15
11
14
11
11
11
11
12
11
11
12
11
14
16
12
11
13
12
11
13
11
11
11
13
13
12
11
12
16
11
11
12
12
11
11
11
47
29
29
23
11
15
11
15
11
15
11
11
12
11
16
19
33
23
11
15
11
12
29
29
29
29
29
29
33
26
23
11
15
11
11
34
29
11
15
11
15
11
15
29
29
29
26
11
18
11
15
11
15
29
29
27
28
11
15
11
15
11
15
29
29
29
31
11
14
11
15
11
12
29
29
29
29
29
29
11
12
11
15
11
15
23
29
29
29
21
22
11
15
11
22
29
33
29
29
36
11
22
29
27
28
29
29
29
29
29
33
11
15
11
12
11
15
11
12
20
26
11
28
29
29
13
34
11
12
25
18
13
25
11
26
29
23
33
15
11
16
29
29
33
25
11
11
11
13
11
11
13
11
22
33
29
13
11
15
11
15
11
22
29
29
16
29
24
28
29
27
28
29
29
14
15
29
11
13
11
14
11
15
11
15
11
15
11
12
29
33
29
29
29
29
29
29
29
29
29
29
28
11
20
29
29
29
29
33
11
32
11
15
19
29
27
28
13
11
15
11
11
11
20
16
29
34
28
26
29
29
29
29
29
29
29
29
29
29
29
29
29
29
29
29
29
29
29
29
29
29
29
29
29
29
29
29
11
15
11
15
11
15
11
15
11
12
29
33
29
36
29
29
25
11
20
29
29
29
36
29
13
29
23
11
15
11
22
29
29
29
29
11
22
11
12
26
11
15
11
15
11
15
11
15
19
11
25
33
11
13
11
31
11
11
11
22
25
11
15
44
11
36
28
11
28
46
16
23
43
26
13
15
28
19
29
14
13
11
22
19
29
26
11
20
21
29
26
11
28
20
25
11
11
39
14
33
11
23
33
24
33
20
29
13
34
11
14
13
13
31
33
11
11
26
13
11
25
11
22
11
28
21
16
22
19
13
23
13
13
13
29
11
11
11
11
11
11
12
20
11
11
11
11
11
12
11
11
11
11
11
15
11
16
11
17
24
16
13
21
17
11
28
11
11
11
11
13
15
29
32
11
12
20
11
13
11
13
11
11
12
24
16
11
18
12
11
15
11
25
26
29
16
29
29
29
31
