25
14
11
37
15
13
11
11
11
11
11
11
13
11
12
17
15
11
11
16
19
19
16
23
18
11
20
11
11
11
14
13
15
11
18
19
19
19
19
19
11
17
11
18
14
11
13
18
11
15
11
11
19
19
19
16
11
11
18
19
19
11
17
18
20
19
18
19
28
27
20
19
20
13
11
19
11
27
28
29
19
19
11
17
28
27
19
20
19
11
17
12
11
15
19
11
30
11
22
11
26
21
31
11
25
11
16
20
11
31
14
11
22
14
11
12
13
12
12
29
11
22
24
25
25
18
24
12
11
11
12
13
11
32
29
23
29
29
29
17
29
33
29
29
29
36
11
18
11
11
21
12
13
11
18
11
11
21
29
11
11
14
11
15
11
15
11
34
14
12
13
20
19
11
12
21
32
11
13
38
22
11
11
13
11
11
18
11
15
11
11
17
11
11
26
28
11
19
16
22
12
11
29
11
14
18
16
11
28
12
24
11
29
24
23
11
31
19
16
32
14
11
18
11
11
12
11
11
11
11
11
16
16
11
12
25
11
16
12
23
20
12
11
37
11
13
11
15
18
23
11
21
16
25
11
11
11
11
25
11
12
25
11
13
15
19
13
15
19
19
11
12
12
11
19
27
11
19
11
15
15
14
11
11
11
21
11
11
29
11
15
19
29
29
16
13
17
11
17
28
19
11
17
29
11
27
30
18
11
27
15
11
11
12
11
25
11
27
11
17
11
33
16
19
11
33
11
25
15
11
11
11
13
14
11
11
26
13
14
33
14
11
11
13
20
29
19
11
11
15
11
18
12
13
11
11
26
22
23
15
14
11
20
11
35
19
26
11
11
28
11
11
13
21
11
22
18
11
11
13
26
11
11
15
11
19
28
11
11
14
11
11
27
11
31
14
16
11
20
29
29
16
12
28
11
25
18
19
21
29
11
17
11
17
18
11
20
17
11
17
11
33
19
16
18
25
11
25
20
13
15
11
14
12
18
13
29
26
31
18
16
11
16
11
26
29
11
36
11
28
28
11
24
12
11
11
11
15
11
11
11
19
11
21
19
12
11
11
11
11
13
11
11
11
14
13
11
11
15
15
11
14
11
11
11
14
11
11
11
13
11
11
13
11
15
11
11
13
12
11
14
11
15
12
14
11
12
11
12
13
11
11
11
12
11
11
11
11
18
25
11
11
11
24
12
11
27
16
20
11
11
17
14
11
17
24
11
11
15
18
11
11
27
11
11
14
11
26
14
11
12
11
23
11
18
14
21
11
26
12
11
25
23
11
17
12
23
22
17
11
25
11
11
18
13
11
11
12
15
11
13
12
14
11
13
11
11
11
11
15
11
11
11
11
12
13
14
12
11
14
13
11
13
16
15
19
11
11
11
13
11
11
28
17
17
20
11
17
11
15
11
15
12
16
13
15
13
16
11
11
11
12
26
12
12
13
13
11
23
13
16
15
12
14
29
31
14
23
11
35
26
11
28
33
34
18
11
11
11
11
11
11
11
11
11
11
11
11
11
11
11
11
15
13
23
11
20
29
18
19
11
16
23
13
13
26
11
12
23
13
11
37
18
48
38
29
38
25
12
38
28
46
11
28
29
27
29
28
24
23
20
18
18
29
27
16
12
16
11
12
13
13
11
18
19
30
26
11
11
19
28
11
11
26
29
27
11
11
25
19
11
37
19
28
20
28
27
29
29
29
28
29
27
29
29
27
29
38
18
11
28
17
35
11
23
14
11
29
27
35
30
11
32
28
11
23
11
28
19
19
19
19
13
24
27
29
29
19
19
19
19
19
14
14
19
19
19
19
14
14
19
19
20
19
13
14
19
19
17
11
11
19
11
17
19
19
19
19
19
19
19
19
14
11
12
19
16
12
19
14
15
19
19
19
19
14
14
19
19
21
11
11
11
11
12
11
11
17
23
11
16
11
11
11
11
11
11
11
11
11
11
11
11
11
11
11
11
11
11
11
11
11
11
11
11
11
11
11
11
11
11
11
11
11
21
11
11
24
11
11
14
23
15
11
11
21
18
11
11
11
11
11
11
11
11
11
11
11
25
11
11
22
11
11
11
11
11
11
11
11
11
11
11
11
23
11
33
11
15
11
18
20
11
11
11
11
11
11
23
11
12
11
13
19
17
20
19
19
12
11
11
11
11
11
11
11
11
11
11
11
11
11
11
11
11
11
11
11
11
11
11
11
11
11
11
11
11
11
11
11
11
11
11
11
11
11
11
11
11
11
11
11
11
11
11
11
11
11
11
11
