11
11
16
12
11
13
11
11
19
11
11
12
17
31
21
11
22
25
32
11
24
33
11
11
19
18
27
13
15
15
27
11
43
26
21
31
33
29
16
23
13
33
29
27
17
11
11
11
11
11
11
14
12
14
21
15
11
11
11
17
11
11
16
11
11
22
19
11
14
33
33
20
32
19
29
36
28
25
11
34
23
29
23
26
11
25
30
23
29
29
11
17
11
23
23
21
11
13
11
29
20
13
17
11
24
16
11
25
19
18
11
20
11
31
36
33
13
18
13
11
19
11
24
26
23
12
23
11
30
11
11
11
18
11
21
24
15
33
11
20
25
11
11
36
23
11
18
11
34
11
16
11
20
11
20
19
13
11
11
11
12
11
11
11
11
12
11
11
11
11
11
11
11
11
11
12
12
12
11
13
11
12
12
11
11
11
11
13
11
11
11
11
11
11
11
11
17
14
12
11
11
11
11
11
11
11
16
11
11
11
11
11
13
12
13
11
11
11
11
11
11
11
12
11
11
14
11
11
11
11
11
11
11
18
14
18
11
25
11
14
11
13
11
11
11
11
11
15
11
11
12
11
11
11
11
11
13
11
11
14
11
11
11
17
11
11
17
11
11
11
11
11
11
13
11
11
11
11
12
11
12
14
11
11
15
13
11
11
11
11
17
16
29
19
14
11
11
11
15
16
17
11
48
19
11
14
11
12
11
14
11
13
11
18
17
11
14
11
23
33
11
22
27
25
16
34
11
27
25
11
29
11
28
19
29
27
29
12
32
18
11
24
11
15
11
35
11
20
22
11
18
19
11
22
26
16
16
26
18
27
36
29
14
11
23
37
21
28
30
29
33
20
36
26
26
33
29
33
12
19
11
33
13
22
11
19
36
11
22
30
36
11
25
26
27
25
19
36
28
28
11
32
29
30
11
28
26
15
27
29
28
11
30
29
13
16
11
15
14
29
14
11
11
25
24
11
24
20
30
11
12
12
30
29
11
30
11
20
36
29
29
11
25
13
26
11
30
29
29
29
20
23
16
12
11
25
13
11
12
30
11
23
21
18
11
11
11
11
11
12
11
11
17
15
11
11
11
11
17
11
12
11
15
11
24
15
16
11
21
11
13
11
11
15
11
18
29
29
29
13
29
29
29
29
29
29
29
29
29
23
11
15
11
11
18
11
11
11
11
11
11
15
14
11
11
11
11
11
11
11
11
11
11
11
11
11
11
28
13
11
12
33
23
40
12
50
27
11
19
28
14
16
46
18
17
13
17
14
11
16
11
12
16
16
24
17
11
13
11
13
15
11
14
13
23
25
16
13
13
11
31
16
11
11
11
11
11
11
19
18
11
27
29
11
26
11
11
11
25
29
33
19
11
23
28
20
11
16
11
33
43
40
18
24
16
36
11
16
22
11
20
32
11
11
18
11
17
12
11
14
16
11
11
21
11
14
24
21
11
11
12
11
12
15
11
11
15
16
11
11
11
11
12
11
15
11
17
11
11
11
11
11
17
11
11
11
11
11
12
12
13
12
17
12
11
12
11
15
13
23
11
11
11
12
13
12
13
12
16
11
19
13
13
13
12
11
15
11
18
12
20
11
15
18
24
26
11
25
16
17
23
11
11
11
11
21
16
32
13
16
23
11
11
21
11
16
11
13
11
11
11
11
11
11
11
15
22
11
11
11
12
11
17
11
11
16
11
14
11
13
30
11
11
11
11
11
11
16
12
15
11
11
16
12
14
14
11
11
12
11
11
17
11
12
11
11
11
11
11
11
11
11
14
12
11
13
11
13
11
11
11
11
11
11
11
17
14
22
11
11
13
11
11
14
23
11
20
11
11
11
20
11
11
11
17
11
23
14
11
11
11
11
27
25
24
11
11
11
12
11
11
11
11
11
11
11
11
13
11
12
11
11
11
11
11
11
13
11
11
11
12
11
12
11
11
11
11
11
11
11
12
11
12
11
11
11
11
11
11
