13
11
11
13
11
14
11
11
11
27
35
12
11
11
11
11
11
11
13
11
12
11
12
11
11
11
11
11
11
11
15
11
16
19
11
14
13
13
25
23
11
11
11
21
19
29
23
13
29
16
26
25
11
23
13
16
25
11
14
21
25
17
26
25
12
14
11
13
12
25
20
11
23
12
11
31
11
23
25
28
29
19
15
21
11
28
27
25
13
11
28
14
16
16
23
38
25
39
24
12
19
13
11
23
19
19
11
37
24
13
36
21
18
11
26
11
11
11
19
19
11
24
14
14
18
11
28
11
29
11
14
17
29
11
15
11
11
14
11
23
24
11
24
11
24
11
25
11
20
11
27
11
29
11
15
11
11
23
11
22
19
11
11
11
11
25
11
11
11
11
11
13
11
30
20
27
24
30
19
11
29
19
34
11
26
31
11
18
18
26
32
19
29
19
16
24
11
18
22
18
14
17
11
38
11
25
26
26
19
11
22
19
11
37
12
17
36
12
11
38
25
27
11
28
21
11
20
19
11
23
11
22
11
31
18
11
23
11
26
16
11
20
15
17
11
25
13
27
11
24
22
11
11
13
25
27
29
23
22
13
12
15
17
11
11
11
12
18
17
11
12
29
24
27
17
11
11
11
11
11
12
11
26
11
11
31
11
18
19
11
22
16
19
16
26
34
15
11
27
11
16
20
16
16
27
11
25
39
24
19
11
28
29
11
22
29
27
32
29
29
27
28
29
29
29
29
29
34
11
11
25
11
11
17
11
22
19
14
18
27
11
11
17
18
11
18
20
24
11
20
11
29
11
22
11
27
11
21
17
11
25
11
11
11
16
11
28
19
11
12
11
23
18
28
14
25
24
13
29
15
22
16
11
13
11
25
13
15
18
12
12
13
11
26
11
11
14
11
15
26
16
14
18
16
28
15
11
14
11
19
12
11
11
11
11
14
30
11
27
11
19
11
25
11
11
17
11
18
12
22
12
16
13
11
25
19
18
11
11
18
11
11
11
11
11
15
11
11
11
12
11
12
12
11
11
11
11
13
11
11
11
13
11
12
11
18
11
11
15
11
11
11
11
11
11
12
11
12
11
15
11
11
15
11
12
11
16
11
11
17
11
11
14
12
11
12
11
13
11
17
12
20
27
12
24
18
19
11
12
11
13
19
18
20
11
12
11
15
14
11
14
11
28
11
25
19
22
14
11
11
11
11
16
13
11
15
11
15
11
11
11
11
11
12
12
13
11
13
11
12
11
11
11
11
11
11
11
12
11
15
11
11
11
14
11
11
11
11
11
11
12
11
13
11
11
11
12
11
11
11
14
13
11
11
13
14
17
15
12
11
17
15
16
11
11
11
13
28
15
11
12
11
18
11
12
12
16
17
11
11
11
15
15
12
14
11
11
11
11
11
18
13
11
13
16
11
13
12
14
11
24
17
24
29
26
11
11
11
16
11
11
11
11
11
11
11
11
11
11
11
11
14
16
11
15
22
24
15
32
44
22
30
29
29
25
30
13
20
29
26
11
22
29
45
31
11
11
11
11
11
11
14
11
11
11
11
11
11
11
11
11
11
11
11
11
11
11
11
12
11
21
11
24
13
11
22
23
19
11
15
16
26
26
11
13
11
17
11
17
19
13
11
11
21
16
11
11
11
13
11
14
16
20
19
16
21
12
11
13
11
11
11
11
11
11
