105
110
113
116
101
106
101
118
116
119
119
101
113
118
106
119
129
119
107
101
104
101
102
111
129
116
103
106
101
108
101
102
101
101
101
101
101
101
113
113
109
113
114
115
109
116
106
119
109
120
101
107
101
109
108
105
101
101
110
106
116
103
101
101
101
101
104
103
109
108
103
105
104
119
123
101
117
101
120
119
119
119
119
119
119
111
101
101
120
109
113
101
102
136
122
121
101
118
116
113
105
101
106
101
112
106
106
108
114
101
101
101
101
101
102
103
106
101
108
101
103
113
101
101
106
109
113
101
101
101
101
101
101
101
105
103
101
101
101
101
101
101
101
101
101
101
101
101
113
101
110
103
