115
108
111
126
101
110
101
110
101
103
106
112
101
101
104
101
101
105
101
101
101
101
101
101
101
101
110
119
101
108
101
101
101
115
116
101
101
123
101
106
119
101
101
116
113
119
108
101
110
101
101
101
105
112
106
104
106
101
105
101
116
107
103
103
101
104
101
101
107
108
102
102
117
119
101
101
110
109
101
116
119
119
119
119
119
119
119
101
101
113
117
115
109
109
103
112
105
102
101
105
108
101
101
101
101
101
101
108
101
101
109
121
116
103
101
102
101
112
103
109
119
101
125
106
103
101
101
101
106
101
