102
103
106
101
101
101
101
101
107
105
101
119
102
101
101
104
113
101
101
101
101
101
101
101
103
109
118
103
101
101
115
108
101
101
101
107
104
102
101
102
110
116
116
101
103
101
101
101
115
123
106
106
113
101
111
105
101
106
101
101
101
104
101
119
119
119
101
101
119
101
119
105
101
102
101
101
101
101
103
102
105
101
105
101
101
102
105
101
101
105
101
101
101
108
101
101
102
101
102
101
101
102
103
113
117
101
101
113
106
101
112
109
109
123
101
101
101
107
106
103
101
118
101
111
106
101
124
103
103
113
103
109
101
102
101
101
110
102
111
101
102
101
106
108
101
111
109
108
101
113
101
108
101
118
101
