111
105
103
101
101
103
111
101
105
101
113
112
103
101
112
101
103
104
101
101
101
108
101
112
104
120
101
108
101
101
101
102
103
106
101
101
101
115
105
101
109
101
101
104
111
103
105
109
110
103
101
118
103
127
103
101
113
108
121
109
101
110
119
101
108
101
101
101
101
101
107
118
103
101
107
119
109
102
101
101
111
101
116
103
119
101
101
101
101
116
126
101
101
101
103
107
101
105
105
123
104
115
101
101
104
101
103
101
105
103
106
103
103
101
109
106
101
102
101
107
102
120
101
101
104
101
101
102
101
101
105
106
101
102
102
101
