101
101
105
106
101
103
102
101
101
101
101
113
116
101
114
104
101
103
111
101
101
101
101
101
101
101
118
101
113
113
123
101
101
102
103
107
115
104
101
101
101
102
105
101
105
101
103
101
101
102
107
109
101
101
106
114
101
113
103
101
101
107
109
103
101
101
101
111
110
108
122
101
115
101
106
107
108
101
109
102
101
101
104
117
114
107
115
106
106
107
108
101
101
115
101
101
106
101
101
101
103
117
104
111
101
105
103
106
101
101
105
107
115
103
103
101
102
104
102
101
109
101
111
101
105
