12
23
27
21
29
11
22
18
11
11
32
11
11
11
11
22
11
25
11
12
11
11
27
11
11
13
11
11
11
11
13
11
14
11
17
11
11
16
24
11
23
15
11
13
17
11
18
12
11
11
14
11
11
22
11
17
18
19
13
22
11
13
18
14
16
11
14
11
12
11
11
23
19
26
11
11
12
12
11
11
11
11
14
11
11
11
13
12
11
11
13
12
12
12
11
14
16
14
11
12
11
11
11
11
18
11
11
23
12
12
12
11
11
15
11
21
12
11
15
11
12
11
15
11
11
11
12
13
11
11
11
11
13
16
14
11
12
11
22
11
15
11
28
29
26
36
11
12
11
14
11
18
16
11
22
25
28
29
29
30
16
29
13
21
28
29
29
29
14
26
14
11
16
22
11
14
14
13
11
12
11
31
11
15
11
15
11
15
11
12
12
11
11
12
11
18
14
11
21
11
17
20
13
14
11
11
11
16
13
20
11
18
11
11
11
16
14
13
14
11
17
30
14
19
14
24
11
11
15
11
20
12
11
11
11
11
11
13
19
14
14
11
11
11
15
18
11
28
27
11
27
11
13
18
18
11
11
21
17
19
18
11
20
29
29
29
28
11
20
29
27
32
29
27
29
29
29
29
29
33
17
11
31
29
30
39
23
11
20
11
34
11
28
23
11
18
11
11
27
11
15
22
11
26
31
11
21
29
11
22
22
11
16
11
19
11
14
17
11
11
24
11
15
11
12
12
23
38
12
24
18
18
14
24
24
23
26
13
17
11
21
19
16
33
11
22
25
19
11
11
25
30
29
11
24
11
19
11
22
11
11
11
19
11
22
11
22
29
13
31
18
26
31
21
27
29
11
28
29
11
32
19
16
29
33
28
27
11
21
11
19
27
32
29
30
29
29
29
29
29
29
29
19
39
27
21
11
11
22
19
11
15
11
15
11
22
11
11
11
13
11
18
16
11
25
39
29
30
29
11
11
11
20
11
11
11
13
11
15
33
29
23
11
13
11
17
11
25
11
11
28
28
26
22
17
23
29
26
29
29
29
29
26
11
13
11
11
11
19
11
15
29
11
18
26
24
25
16
16
19
16
19
11
14
11
11
24
11
25
11
12
12
11
21
11
11
13
12
11
11
12
12
11
15
13
11
11
13
19
22
13
11
11
16
15
14
11
12
15
17
19
11
18
18
15
12
11
11
12
11
11
11
13
11
11
19
11
14
12
11
11
12
11
11
13
11
11
12
11
11
11
12
11
11
11
11
11
12
11
16
18
11
23
25
31
29
30
29
29
29
29
29
40
11
30
29
29
11
20
28
30
29
29
29
29
29
29
29
29
26
25
11
20
39
29
29
29
29
24
11
19
11
28
23
33
33
43
28
30
40
29
30
30
11
22
13
26
11
15
11
11
17
11
15
33
12
17
11
22
14
19
28
33
23
16
11
11
17
39
38
28
36
11
25
23
11
45
29
28
28
11
28
18
11
17
29
11
36
11
21
19
20
16
11
19
20
29
11
22
11
18
11
12
11
18
13
29
21
11
27
26
11
33
11
11
36
16
13
29
13
28
20
11
23
14
11
22
24
31
35
11
25
34
11
16
17
29
29
14
28
29
29
29
22
17
11
25
11
11
26
23
12
11
11
16
11
11
11
15
11
25
11
13
11
15
13
21
14
19
12
11
11
13
18
13
11
11
11
11
12
11
11
11
11
11
11
12
13
11
11
11
12
11
14
11
11
13
11
11
12
11
24
11
12
20
19
11
30
11
18
11
22
11
11
11
15
11
27
11
25
11
18
11
15
11
18
11
11
21
11
19
11
25
11
21
21
11
22
11
12
11
21
19
11
15
11
13
11
24
12
21
11
15
11
15
11
18
11
15
11
21
11
11
12
11
11
19
11
11
11
17
11
11
28
11
11
14
11
11
11
11
11
18
18
11
12
25
19
16
11
11
19
19
17
11
15
18
11
22
19
19
19
20
19
23
11
26
11
11
17
23
11
12
11
23
11
17
16
11
11
12
11
13
11
11
11
11
11
11
11
11
11
11
14
12
13
11
15
13
11
18
11
11
17
11
15
11
11
11
11
11
11
11
11
11
11
11
11
11
11
11
11
11
11
11
11
11
11
11
11
11
11
11
11
11
11
11
11
11
11
11
11
