11
16
30
27
29
23
11
22
11
18
11
11
14
35
17
29
13
22
37
28
11
26
21
28
11
21
16
13
29
32
11
25
19
15
15
17
16
11
25
16
11
30
11
11
11
18
17
14
11
33
14
21
32
13
11
30
14
13
11
29
17
18
16
11
28
11
19
11
31
11
21
14
11
29
11
23
11
20
11
28
11
28
11
23
16
22
24
12
15
11
20
11
27
11
21
11
27
11
22
11
25
11
32
28
11
11
11
13
16
11
11
13
11
12
11
11
12
18
11
11
11
11
11
11
11
11
11
11
11
11
11
11
11
11
11
16
13
11
11
14
18
11
12
15
12
11
11
12
11
11
14
13
11
21
11
11
24
11
18
11
15
11
15
11
18
19
29
29
29
28
28
33
29
23
11
12
11
11
15
11
11
12
11
11
11
25
29
11
22
11
15
11
12
11
15
11
25
29
16
23
11
22
11
11
21
16
11
11
24
24
28
27
28
29
29
11
15
19
11
11
11
13
19
11
22
29
29
26
29
16
17
11
14
33
23
33
11
13
11
21
11
15
11
15
11
15
11
15
11
15
11
15
11
15
39
33
29
36
29
29
11
18
11
15
11
15
11
15
11
22
29
30
11
11
24
11
25
11
12
33
29
33
11
15
11
11
23
11
25
11
20
16
20
16
11
12
11
19
11
12
11
11
15
14
11
25
11
19
19
13
11
11
11
26
11
16
12
14
13
13
24
19
18
17
14
11
28
16
16
19
16
11
31
11
22
15
11
28
14
11
24
14
19
13
11
14
14
16
11
26
15
11
27
14
11
11
11
36
11
11
11
11
11
17
21
11
16
11
11
11
11
41
14
30
11
16
11
11
25
11
23
11
11
11
11
11
20
11
21
11
11
11
12
11
11
16
13
11
12
11
12
11
13
13
15
11
15
11
27
11
24
14
14
15
11
11
14
11
11
11
15
14
14
11
11
12
11
11
12
11
11
11
12
13
11
12
11
11
11
11
11
11
11
23
22
13
16
15
12
11
11
15
13
19
12
26
12
13
13
11
26
30
29
24
12
13
12
26
20
12
29
29
29
29
33
11
15
29
29
23
11
15
11
15
11
15
11
15
29
26
26
23
16
16
29
29
28
28
29
29
29
29
29
29
29
29
29
29
29
29
29
29
29
29
29
29
29
29
29
29
29
29
29
29
30
29
29
29
29
11
11
17
16
29
25
14
16
29
29
36
29
29
29
27
28
24
28
33
29
11
15
11
15
11
15
11
15
11
15
11
15
29
26
16
29
29
29
26
36
19
12
35
26
19
11
13
22
13
13
11
27
23
29
21
25
19
11
24
17
32
31
15
11
21
16
13
31
30
32
13
29
18
11
13
13
14
22
16
16
16
11
15
18
11
11
14
13
11
11
11
26
11
12
11
11
21
11
11
11
11
11
11
11
12
13
11
12
13
13
14
15
13
11
15
11
15
11
19
25
17
31
11
40
14
11
27
11
11
11
14
25
11
13
17
22
16
11
28
16
16
21
18
11
32
15
11
12
13
26
23
29
26
20
13
11
18
11
18
16
13
16
12
15
20
14
11
11
20
16
16
11
11
28
29
23
11
15
11
15
11
15
11
15
11
15
11
15
11
18
11
15
11
17
26
26
36
29
29
29
11
11
11
23
11
32
11
15
11
15
11
15
11
15
11
15
11
18
19
11
15
11
15
11
11
11
11
11
11
11
11
11
11
11
11
17
11
13
11
11
23
11
15
11
15
11
18
11
15
11
15
11
15
11
22
29
38
11
