101
101
104
101
103
107
101
101
101
101
114
102
115
101
104
101
101
101
112
106
104
107
105
103
101
111
101
101
101
111
101
101
104
106
108
103
106
101
110
118
111
106
101
103
101
101
101
108
115
111
101
101
103
106
101
101
101
120
123
101
106
101
121
101
118
129
101
104
101
104
103
103
101
101
101
116
101
116
110
101
101
101
108
102
109
101
103
115
104
112
101
101
101
101
101
112
104
101
101
125
101
103
125
105
102
103
101
102
101
116
102
103
117
110
114
101
101
116
106
115
115
101
101
101
103
105
112
101
101
107
102
