105
113
126
101
115
113
101
101
101
105
114
101
101
104
101
101
101
120
102
107
101
101
104
104
121
103
113
101
112
101
107
104
101
107
101
109
101
101
104
106
114
101
102
104
101
101
103
106
101
101
112
102
104
102
102
101
101
101
101
101
101
101
101
101
107
102
101
101
101
107
101
101
101
101
105
101
104
101
101
113
106
106
113
123
119
101
105
103
108
101
101
113
109
101
101
118
119
119
103
101
107
107
128
108
116
116
101
122
116
103
101
102
101
101
101
103
101
120
111
106
119
121
101
109
107
103
109
112
101
101
101
101
102
104
106
108
101
101
101
101
104
101
101
101
101
101
101
101
101
101
101
101
101
101
101
101
