111
105
116
101
112
101
103
101
108
120
106
101
106
101
101
132
101
102
112
105
118
105
105
101
101
105
101
119
105
102
103
105
101
101
105
101
110
116
121
126
119
101
103
103
101
103
103
101
120
104
102
102
102
107
120
101
104
109
123
104
101
108
101
111
101
103
104
108
105
106
101
106
102
103
101
101
102
117
110
101
101
102
101
101
102
101
101
102
111
111
119
113
104
105
101
101
101
103
101
112
114
113
106
107
102
105
104
103
101
102
101
101
101
101
105
101
115
106
109
116
113
101
108
101
102
115
109
101
101
102
101
101
101
117
101
101
101
101
101
101
101
101
101
101
101
101
101
101
101
101
101
101
101
101
101
109
