12
11
11
11
18
12
17
11
11
11
11
11
21
11
13
11
11
21
11
11
20
14
13
18
11
13
24
16
11
11
11
11
12
11
13
12
16
11
19
17
11
11
17
22
11
20
11
11
11
19
16
11
21
11
20
11
15
23
11
11
14
15
15
12
11
11
11
12
12
21
13
11
11
16
12
11
16
12
11
11
11
11
11
11
11
18
11
12
11
19
11
13
26
13
16
11
22
23
18
11
12
11
11
14
22
11
13
11
37
29
36
19
20
11
13
36
34
22
34
11
11
34
16
19
28
34
35
32
25
20
26
11
18
11
11
11
16
11
25
11
22
11
18
11
11
11
16
19
11
22
11
11
11
17
11
16
11
11
11
11
11
11
11
11
11
11
11
12
11
13
11
13
16
13
11
11
11
11
19
11
31
22
21
24
13
14
17
16
11
35
25
30
19
27
12
11
21
26
11
20
28
29
11
18
31
11
23
11
11
14
11
21
14
13
19
11
18
11
24
11
15
12
11
13
11
20
23
20
24
20
12
11
23
17
11
15
11
13
30
11
12
24
28
23
19
33
13
11
11
11
15
13
12
20
11
16
11
11
11
24
11
11
11
11
11
11
23
11
11
11
11
13
14
14
11
23
13
11
27
11
12
17
23
13
30
11
26
11
17
19
11
16
11
11
20
16
26
19
11
14
11
11
11
11
15
11
23
23
19
11
19
11
11
11
16
19
11
11
12
14
11
13
13
19
11
22
21
11
18
11
11
11
37
19
17
16
24
11
17
19
15
11
11
11
12
19
11
13
11
17
11
18
20
11
27
11
27
13
11
11
11
11
11
16
11
17
27
11
19
23
14
11
17
19
17
11
26
11
20
21
31
14
11
32
13
11
24
11
11
22
16
38
26
11
25
19
14
11
16
21
29
11
20
11
17
11
11
21
11
22
17
11
15
16
16
11
22
13
25
18
11
17
11
11
11
22
11
11
11
12
11
11
11
11
11
11
11
11
11
11
11
11
11
11
13
11
11
18
11
26
11
14
13
12
11
13
11
11
24
11
12
16
11
13
14
11
16
17
25
11
11
13
13
11
14
11
11
11
11
16
11
14
20
15
11
11
20
16
11
11
14
11
13
11
12
12
11
11
11
11
12
13
11
13
11
12
11
11
11
11
11
11
13
11
11
17
11
28
14
11
21
11
20
11
17
16
11
11
11
12
15
18
11
22
13
11
11
21
12
26
11
16
28
25
11
16
27
28
29
29
29
29
29
29
29
29
29
29
29
29
29
29
29
29
29
29
29
29
29
29
29
29
29
29
29
26
13
33
17
11
12
12
31
12
12
11
16
26
21
19
11
13
11
12
11
17
11
17
30
11
31
17
12
11
31
28
11
11
11
11
11
15
11
12
11
11
16
20
15
14
11
11
15
12
11
11
11
11
11
11
11
11
11
11
11
11
11
12
11
13
12
14
11
12
11
19
17
11
12
11
11
12
11
11
11
11
12
11
11
16
11
11
11
13
13
13
15
11
13
16
11
12
13
11
11
11
11
11
11
11
11
11
11
11
11
11
12
11
11
11
11
11
11
11
11
11
11
13
11
11
11
11
11
11
11
11
11
11
14
13
13
11
12
13
11
12
13
11
12
13
11
12
16
16
11
11
11
11
11
11
11
11
11
11
11
11
11
11
11
11
11
11
11
11
11
11
11
11
11
11
11
11
11
11
11
11
11
11
11
11
11
13
11
11
11
11
11
11
11
11
11
11
11
11
11
11
11
11
11
11
11
11
11
11
11
11
11
11
11
11
11
11
11
11
11
11
11
11
11
11
11
11
11
13
11
11
11
11
11
11
11
11
15
11
15
11
11
17
12
11
11
11
11
11
11
11
11
11
11
11
18
11
12
17
12
11
11
11
11
12
13
11
13
11
14
12
11
11
11
11
11
11
11
11
11
11
11
11
13
11
14
11
16
11
11
11
11
11
11
11
11
11
11
15
11
11
11
17
24
11
11
11
11
12
11
11
12
11
23
11
13
28
29
11
11
11
11
23
11
11
12
11
11
11
11
11
11
11
11
11
11
11
11
11
11
11
11
11
11
11
11
11
11
11
11
11
12
11
11
11
11
11
11
11
11
11
11
11
11
11
11
11
11
11
11
11
11
11
11
11
11
11
11
11
11
11
11
11
11
11
12
12
11
14
11
11
11
11
11
11
11
11
11
11
11
11
11
19
11
22
11
24
11
23
11
11
11
19
11
18
29
11
11
11
11
11
11
11
11
15
11
11
15
11
11
11
11
11
11
11
11
11
11
11
11
11
22
19
18
11
11
11
11
11
11
11
11
11
11
11
11
11
11
11
11
11
11
11
11
19
11
11
11
16
23
11
11
11
11
11
11
11
11
11
11
11
11
11
11
18
11
11
14
23
19
11
12
11
15
11
22
11
11
11
11
11
11
11
11
11
11
11
11
11
20
23
11
11
11
13
11
25
11
15
11
11
31
11
11
11
20
11
15
11
15
11
15
11
15
11
15
11
15
19
11
11
11
16
11
22
11
15
11
15
11
11
11
11
11
11
11
11
11
11
11
11
11
23
11
11
22
11
14
11
