20
11
19
11
19
11
11
11
11
13
16
16
11
18
14
28
33
12
11
16
19
39
11
35
16
16
23
11
25
13
16
15
25
11
20
11
31
30
11
26
31
16
11
23
16
16
25
18
18
11
25
13
19
11
28
13
11
26
17
11
15
15
33
12
11
27
27
29
29
13
13
11
11
12
24
21
11
20
11
26
11
17
14
15
11
12
15
20
11
26
30
21
15
22
14
31
11
34
12
11
29
16
11
18
11
17
19
38
17
11
19
32
19
17
23
13
11
11
14
19
29
27
21
16
21
11
11
24
12
18
33
11
20
13
21
13
11
17
27
11
32
11
11
24
15
21
26
14
12
20
11
18
13
14
18
11
11
15
14
15
18
11
12
14
19
11
11
16
28
11
14
12
21
17
23
13
19
16
14
12
20
15
13
31
11
22
19
11
19
17
16
11
11
11
16
19
19
11
14
12
32
14
22
21
16
11
11
11
14
20
12
12
11
11
11
12
15
12
11
20
14
11
14
13
15
11
11
14
11
11
11
21
18
11
19
23
13
11
21
11
13
21
18
21
11
16
13
15
11
23
12
27
11
29
13
25
11
24
12
19
12
15
30
29
28
21
28
20
17
21
11
13
27
35
15
29
11
27
12
19
31
18
11
12
11
19
11
11
19
21
12
11
33
13
15
11
20
11
36
11
11
14
27
11
22
13
16
11
15
11
15
11
22
11
16
11
14
11
15
19
11
18
11
12
11
21
11
26
13
11
18
11
11
11
16
19
11
15
22
37
26
11
23
11
16
24
11
24
12
11
12
13
11
28
23
26
41
28
11
18
33
26
31
28
21
12
18
11
27
28
29
11
22
26
33
28
11
20
18
11
30
19
29
29
29
30
29
29
29
28
11
19
30
26
32
30
19
11
24
25
11
21
19
11
18
11
11
27
11
24
30
26
20
11
18
25
11
14
23
11
23
16
11
11
11
11
12
13
15
27
11
18
17
11
20
22
11
24
16
11
19
11
24
28
27
28
29
29
29
30
12
12
13
12
11
11
11
11
19
20
35
30
27
16
11
24
11
22
11
20
12
12
12
11
19
11
11
13
13
28
11
11
11
12
12
17
15
11
11
13
11
13
12
11
12
11
12
11
23
11
25
11
22
28
13
11
14
11
21
13
30
11
22
19
15
13
11
15
33
36
11
11
13
11
12
16
11
16
11
11
11
11
14
42
21
11
11
11
14
28
33
29
19
39
29
20
11
28
29
29
21
11
18
27
29
29
33
16
11
28
28
11
20
29
29
29
29
29
29
29
26
36
23
16
29
29
29
29
23
33
39
22
30
33
35
30
38
12
11
33
29
29
33
19
29
29
37
33
19
26
32
30
30
11
12
21
24
23
36
40
38
34
19
12
34
20
11
11
11
11
11
11
20
16
14
15
11
18
11
11
14
18
11
17
11
11
15
19
13
26
23
15
11
12
13
16
18
11
13
11
11
11
18
17
23
16
19
20
20
12
11
11
15
15
11
11
11
11
11
11
13
18
13
11
14
16
12
16
11
11
15
11
14
11
12
11
11
11
11
14
12
12
11
11
14
14
11
11
11
11
11
11
11
11
11
11
11
11
12
11
11
15
11
11
11
11
11
11
11
11
11
11
11
11
11
11
11
11
11
11
11
12
11
11
11
11
11
17
14
19
13
14
23
11
11
16
13
23
11
12
11
12
11
12
11
12
11
11
11
12
11
13
11
11
14
11
11
11
11
11
13
11
13
11
18
11
11
11
14
11
14
22
11
20
11
11
26
36
32
11
21
11
19
20
11
11
12
11
22
11
27
11
15
11
15
11
11
11
11
11
11
11
11
11
11
11
11
11
11
11
11
11
11
11
11
11
11
11
11
11
11
16
11
15
11
11
11
11
11
11
11
16
11
15
11
15
11
18
11
15
11
11
11
11
11
11
18
11
11
11
11
11
11
12
11
14
11
15
11
15
11
11
11
11
11
11
11
11
11
11
11
11
11
23
11
15
23
11
15
11
15
11
11
11
11
11
11
11
11
11
11
11
11
11
11
11
11
11
11
21
11
15
11
15
11
15
11
15
11
11
11
11
11
11
23
11
15
11
11
14
11
15
16
11
11
11
11
11
11
23
11
15
11
15
11
15
11
15
11
11
11
11
11
11
11
11
11
11
11
11
11
11
15
11
12
16
11
15
23
11
22
23
11
11
11
11
11
11
11
12
11
11
