11
11
11
11
11
11
11
11
11
11
11
13
15
11
11
11
11
11
13
11
11
11
11
18
19
19
19
19
17
11
11
12
11
11
11
11
11
11
17
11
15
12
18
19
19
19
19
14
14
11
17
20
19
19
11
17
19
16
11
11
19
20
19
19
19
19
14
14
19
19
15
11
12
19
19
38
19
19
19
19
11
13
13
15
28
28
29
19
14
14
17
11
20
11
28
11
30
16
16
11
11
17
30
11
17
12
15
29
17
19
11
26
11
18
11
30
16
11
27
28
11
21
24
19
19
11
24
31
25
11
22
19
11
15
13
25
20
19
18
11
26
22
26
16
12
28
13
15
11
27
15
13
12
15
28
19
11
27
11
23
13
16
17
11
19
31
11
28
14
11
11
11
17
29
13
11
11
11
11
28
11
17
17
20
19
23
11
19
11
11
11
27
11
17
11
11
11
16
11
15
32
11
25
11
18
29
17
11
16
11
11
11
18
18
17
12
13
18
16
11
17
13
11
27
11
11
11
16
11
11
11
13
14
19
11
15
18
11
26
11
25
36
19
29
27
11
20
29
29
29
28
11
15
35
19
29
11
15
29
29
29
29
29
33
23
16
29
29
26
11
22
11
22
11
15
19
29
29
11
15
11
18
16
11
22
11
22
13
16
33
26
31
11
20
11
11
11
16
11
22
23
11
11
34
11
20
11
13
11
26
29
23
11
15
11
19
11
22
23
11
15
11
11
11
16
11
15
23
36
24
21
11
18
19
11
13
11
14
11
22
13
16
33
11
11
11
25
11
15
23
11
19
11
32
29
31
18
13
26
33
26
13
26
33
16
29
33
27
11
27
29
32
28
32
19
40
26
13
19
40
28
11
19
30
29
29
29
30
39
19
25
30
13
11
11
11
11
32
11
18
18
15
13
29
37
16
11
30
19
30
29
29
21
22
11
22
19
11
15
11
12
13
21
28
11
16
25
11
15
11
11
14
13
19
13
26
30
35
27
29
26
29
29
29
29
11
18
11
12
23
11
18
11
22
29
26
29
13
11
29
30
11
29
11
11
11
11
13
11
15
11
12
11
11
12
11
14
11
11
11
13
20
20
32
11
11
11
21
16
19
36
16
13
13
12
11
24
31
16
11
19
12
13
11
11
12
19
11
11
15
13
14
11
11
13
15
11
16
25
11
21
11
14
11
13
12
11
11
19
17
42
11
26
15
11
17
20
11
12
13
11
11
11
11
15
11
16
11
11
11
11
11
11
11
12
18
12
11
11
14
14
11
11
11
11
11
12
11
11
11
11
19
14
17
22
33
29
14
11
19
13
16
12
16
17
11
14
34
13
11
14
11
12
20
24
17
11
25
23
33
31
19
31
33
15
27
29
35
12
34
19
11
24
35
20
28
27
27
11
11
29
16
11
11
11
25
11
13
23
20
11
11
17
14
11
14
11
11
11
13
13
11
11
13
13
11
11
11
11
11
11
11
14
11
11
11
12
11
23
16
13
11
26
26
12
16
20
12
13
13
11
11
20
11
22
13
24
17
11
11
26
27
22
13
19
14
22
18
38
36
11
27
29
23
16
28
11
20
16
38
18
29
19
27
11
28
30
28
18
29
29
27
29
29
28
28
29
27
29
11
25
29
29
19
14
30
33
13
11
11
19
28
20
19
19
19
13
15
19
18
28
26
26
23
11
18
11
23
11
14
22
11
13
36
11
13
11
17
11
11
14
11
11
11
23
11
18
11
15
11
12
11
11
12
15
11
28
23
11
13
11
14
11
15
23
11
