118
107
103
108
112
101
105
107
101
101
103
102
101
101
101
104
101
105
102
120
101
101
113
111
117
104
118
103
101
101
110
103
120
103
101
102
101
101
109
119
117
119
123
101
101
101
117
101
106
101
101
107
106
102
101
121
101
101
108
118
101
101
123
119
119
116
101
106
123
101
106
101
116
101
116
111
108
101
101
101
102
101
101
107
101
101
101
101
101
101
120
130
119
119
119
116
101
115
101
110
101
101
107
110
101
101
107
101
105
101
110
107
101
109
110
118
101
125
101
101
117
125
101
111
103
102
103
102
101
117
101
101
101
117
103
101
102
109
101
110
108
101
101
101
101
101
101
102
101
101
101
101
101
