102
106
101
101
107
109
113
101
105
113
120
118
115
104
105
115
120
125
105
101
101
103
101
104
101
101
101
101
105
106
111
109
101
109
104
108
101
113
101
110
119
113
101
112
111
103
101
101
101
113
108
101
101
108
109
101
101
114
101
113
101
126
117
101
127
105
106
110
101
109
107
103
101
101
103
101
101
107
105
101
104
103
104
101
115
101
104
105
111
101
101
101
102
102
112
101
101
101
107
117
115
101
101
101
108
106
101
101
101
104
101
106
101
101
101
115
116
116
106
102
108
108
106
103
108
107
101
101
102
109
101
101
112
101
101
101
101
101
101
101
101
101
101
101
101
101
101
101
101
101
101
101
101
112
103
