13
11
20
26
11
11
13
11
13
16
13
12
11
13
18
26
29
25
11
20
29
26
29
29
29
29
29
11
18
29
29
29
16
29
29
36
11
22
29
29
29
29
26
29
29
29
29
29
29
29
29
29
29
36
13
11
27
11
24
11
12
31
11
23
28
29
29
29
16
29
29
29
29
29
29
29
29
29
29
39
29
29
29
29
29
28
15
12
20
11
11
11
15
14
11
20
13
15
14
11
11
13
13
11
11
11
11
11
11
11
11
11
11
11
11
11
11
11
11
11
11
11
11
12
15
11
16
16
11
18
11
18
11
14
11
16
11
35
29
29
29
26
28
11
11
22
29
11
15
11
15
11
15
11
15
11
22
29
33
11
22
11
13
11
14
11
18
29
27
32
17
11
11
19
16
13
11
18
26
36
29
16
29
29
33
16
29
29
29
11
15
11
15
11
15
11
15
11
11
14
11
32
26
11
20
25
11
11
14
23
11
22
11
15
11
15
11
15
11
15
11
15
11
15
11
22
29
11
15
11
15
11
15
29
29
23
29
29
29
29
24
25
29
29
29
26
29
11
28
13
26
29
29
29
26
11
32
11
25
29
29
29
29
29
30
15
11
22
11
20
28
29
29
44
12
11
30
11
20
11
32
35
11
31
11
17
12
11
11
21
16
11
28
11
25
11
28
11
21
11
11
28
16
11
26
21
11
40
21
25
29
29
33
16
11
15
11
15
11
15
29
16
36
29
23
11
15
11
15
11
22
29
24
28
23
11
15
11
15
11
25
29
14
28
28
11
25
31
11
14
15
11
12
11
11
11
11
11
11
11
11
11
11
12
11
11
13
11
11
11
15
13
12
11
20
12
12
12
21
13
11
21
30
11
21
11
12
11
11
18
13
11
18
23
14
11
13
11
29
16
29
29
29
40
18
11
29
29
29
29
29
11
17
11
29
33
29
29
16
23
16
33
21
29
11
21
11
21
29
29
26
29
29
29
29
29
29
29
29
29
29
29
29
29
29
29
29
29
29
29
29
29
29
29
29
29
29
29
29
29
29
29
21
15
11
11
27
29
11
35
29
29
16
29
29
29
29
16
29
33
29
11
15
11
15
29
29
29
29
33
11
22
24
11
14
11
15
11
15
11
15
11
23
48
27
11
25
11
11
37
33
31
19
11
25
16
33
17
32
44
35
13
26
33
29
16
36
11
11
21
18
18
31
11
11
24
13
11
12
13
11
12
13
11
12
13
11
12
13
19
11
11
11
11
11
14
16
11
11
24
13
16
24
11
21
23
11
11
11
23
11
12
11
11
11
16
11
12
11
12
13
13
13
13
16
13
11
18
11
11
11
11
18
11
14
11
11
16
11
12
13
11
11
17
11
11
11
17
11
11
11
16
13
13
20
23
11
11
21
22
20
26
11
18
16
11
11
11
11
11
11
11
11
11
11
15
11
11
11
14
11
11
11
16
13
16
11
25
29
19
11
15
11
15
11
15
11
15
11
15
11
15
11
18
11
15
11
13
11
11
20
26
22
11
29
29
33
23
11
25
14
11
14
11
15
11
15
11
15
11
15
11
22
16
11
15
11
15
11
11
11
12
11
12
11
13
11
17
16
11
11
11
11
11
11
11
11
17
11
15
11
18
11
15
11
15
11
15
11
15
29
29
16
11
13
11
15
11
11
11
11
11
11
11
11
11
11
11
11
11
11
11
11
11
11
11
11
11
11
11
11
11
11
11
11
11
11
11
11
11
11
11
11
11
11
11
11
11
11
11
11
11
11
11
11
11
14
11
11
11
11
11
11
11
11
11
11
13
11
11
11
11
11
11
11
11
11
11
13
11
13
11
11
11
21
23
11
17
20
11
11
11
11
11
11
11
11
11
11
11
11
11
11
11
11
11
11
11
11
11
11
11
11
11
11
11
11
11
11
11
11
11
11
11
11
11
11
11
11
11
11
11
11
11
11
11
11
11
11
11
11
11
11
11
11
11
11
11
11
11
11
11
11
11
11
11
11
11
11
11
11
11
11
11
11
11
11
11
11
11
11
11
11
11
11
11
11
11
11
11
11
11
11
11
11
11
11
11
11
11
11
11
11
16
11
20
18
11
16
12
12
14
11
15
22
15
11
14
15
18
11
11
11
11
11
11
15
11
11
18
11
11
11
11
