11
11
13
20
11
14
19
11
25
11
18
11
25
32
20
20
23
11
21
11
28
27
11
33
15
11
24
16
11
17
11
11
11
11
11
11
11
12
11
12
11
11
11
11
11
11
14
11
23
11
25
30
17
11
11
11
11
11
14
18
11
17
16
21
11
17
11
11
18
20
11
26
11
21
15
21
13
23
29
30
11
20
11
28
21
26
16
36
33
29
33
13
11
31
11
25
24
15
26
11
28
31
22
39
13
22
11
11
27
30
16
11
13
31
18
11
30
18
12
12
11
20
18
11
14
20
15
16
18
11
12
13
17
11
11
11
11
18
11
15
11
25
15
24
18
18
26
16
22
14
17
11
14
14
14
11
13
11
25
11
18
11
11
11
15
11
29
12
14
14
13
15
15
11
11
15
14
11
11
11
11
11
11
11
15
11
11
14
12
11
11
12
11
11
11
12
11
26
29
16
32
30
36
29
17
16
11
18
11
11
15
11
11
11
11
11
11
19
11
11
18
11
13
11
11
11
15
11
11
11
11
11
11
11
13
11
11
14
11
11
11
11
11
11
11
12
12
17
11
13
28
26
11
27
11
18
11
18
11
20
11
13
14
12
11
20
15
12
11
11
22
19
21
16
29
19
11
36
25
29
19
11
11
11
11
11
11
11
16
11
11
17
11
11
11
11
11
11
11
11
11
11
11
11
13
12
11
12
15
11
14
14
11
15
17
14
11
29
11
25
29
33
19
26
11
32
22
34
20
29
39
11
24
11
20
33
11
15
11
15
11
15
11
11
17
19
33
20
26
11
11
11
23
28
30
27
26
19
29
11
25
27
25
24
28
20
11
21
37
23
11
27
12
14
29
23
29
11
22
32
33
24
18
33
32
11
15
11
33
29
25
11
16
11
29
26
26
26
19
16
29
28
30
30
29
20
19
29
26
14
28
30
33
16
30
31
25
32
29
11
11
11
11
18
31
12
13
30
11
20
11
20
11
12
11
13
15
13
11
16
17
11
11
11
13
33
17
15
12
13
11
12
12
12
15
11
11
11
11
13
12
12
13
11
13
11
11
14
11
12
11
23
11
25
16
16
15
19
21
11
30
15
11
13
34
27
20
11
13
35
21
11
13
16
11
16
22
11
11
11
11
32
11
20
20
11
25
11
25
11
24
25
22
12
11
11
11
13
11
14
11
11
11
17
11
13
11
13
11
11
13
15
11
11
11
11
11
11
11
11
11
11
15
11
16
11
13
20
11
11
18
14
13
26
12
19
11
21
28
17
26
12
16
11
11
12
11
11
11
15
11
25
11
11
14
11
18
11
31
11
25
11
11
14
11
11
20
11
11
17
22
11
11
14
11
11
13
11
11
12
11
11
12
12
11
11
11
11
12
11
11
11
11
12
12
15
11
13
11
12
11
11
11
11
13
11
12
15
11
12
11
11
18
11
11
11
11
11
12
11
16
16
11
22
11
13
14
11
11
11
11
12
11
14
11
13
11
11
13
11
12
12
21
23
21
11
35
23
22
16
11
20
22
23
19
21
35
26
26
29
11
42
11
30
11
30
30
19
17
22
11
35
26
20
11
25
16
30
11
11
14
19
26
11
28
20
25
23
13
29
19
17
28
19
11
16
23
21
29
11
29
35
11
11
33
33
29
11
22
11
18
29
13
11
11
25
33
23
29
23
19
11
18
24
31
27
11
33
33
11
35
11
11
26
29
11
21
11
29
28
11
18
14
12
23
11
18
18
11
11
35
29
32
11
29
23
11
22
13
11
27
43
11
22
11
11
11
16
19
15
28
21
11
11
14
11
15
19
11
11
21
23
11
14
11
11
16
23
11
11
12
11
17
19
11
15
11
13
11
12
11
11
11
11
11
11
11
11
11
19
11
26
20
12
11
19
14
11
11
11
12
11
14
11
25
11
11
11
11
11
11
11
11
24
19
11
11
24
11
15
11
17
11
11
15
11
11
11
14
11
15
11
21
11
13
11
11
11
11
11
11
11
11
12
11
11
11
12
11
13
11
11
15
11
15
11
18
23
11
18
23
11
11
11
26
11
15
11
11
11
16
11
15
11
22
11
11
14
11
12
11
11
11
13
23
11
22
11
12
11
15
11
15
11
15
11
15
11
22
11
11
11
16
11
11
11
11
11
11
11
11
11
11
11
11
11
20
23
11
11
11
11
11
11
11
11
11
11
11
11
11
19
11
11
11
14
23
11
18
11
11
11
11
11
11
11
11
21
11
11
11
22
11
11
11
13
11
11
14
16
11
11
11
11
