101
106
103
101
102
103
101
112
101
102
102
101
102
101
121
106
101
108
101
101
106
101
102
101
101
102
101
107
103
119
101
103
110
101
101
102
109
105
111
101
108
101
102
109
106
105
105
106
106
106
102
109
107
116
101
106
103
101
102
114
111
111
101
101
105
101
101
115
101
102
101
101
106
101
101
102
101
104
101
119
109
116
119
119
119
119
119
119
103
104
101
101
104
111
101
104
101
101
101
101
101
101
101
101
101
101
101
101
101
101
101
101
101
101
101
101
101
101
101
104
101
101
101
104
101
101
120
101
101
101
101
101
102
101
102
104
101
109
101
102
103
101
101
101
101
108
101
101
101
101
101
106
101
111
101
108
101
101
