16
24
50
16
18
44
13
36
39
46
19
29
16
23
36
29
28
39
37
26
28
28
12
15
19
52
11
42
11
24
38
43
50
21
28
42
30
43
16
43
29
28
11
30
18
17
11
33
33
31
15
13
24
11
24
11
49
11
19
18
11
23
38
44
18
11
26
11
28
13
29
27
37
28
36
23
36
26
23
30
29
50
19
26
16
26
16
23
43
39
28
35
28
25
19
11
18
15
23
16
11
23
11
40
42
11
11
11
11
11
13
11
11
34
33
16
16
37
11
11
40
24
19
11
13
14
11
22
19
13
11
12
34
30
13
49
11
34
16
26
32
14
19
33
31
28
11
36
28
57
30
32
16
22
11
16
16
29
43
11
25
33
29
27
13
30
25
43
13
33
43
17
11
37
22
14
31
35
34
33
31
21
11
25
11
33
44
12
19
11
41
14
39
11
11
14
12
11
33
18
11
13
23
19
13
11
11
11
11
11
11
11
18
21
11
24
11
14
16
14
11
11
33
12
12
24
17
19
11
11
27
13
13
11
12
11
11
11
19
11
13
11
23
11
11
18
11
18
15
13
11
12
18
18
14
12
22
19
20
26
26
33
16
11
36
18
28
11
14
30
24
13
11
24
15
19
37
18
28
11
26
29
16
11
11
11
18
14
18
11
11
13
25
14
26
18
16
16
12
11
14
18
11
19
20
22
17
19
11
21
12
11
15
13
11
25
14
17
33
11
11
20
11
12
24
16
28
15
15
23
40
12
14
11
25
18
11
26
11
23
11
30
17
46
25
49
46
40
27
11
12
21
39
36
44
31
40
32
29
16
29
31
11
24
30
36
30
36
16
26
16
19
16
36
30
14
31
17
11
27
13
16
23
11
26
30
11
33
27
15
35
47
23
19
40
13
18
11
24
44
40
11
39
30
16
36
30
11
13
13
36
11
34
11
24
16
25
23
29
29
19
11
38
11
44
44
18
29
16
36
13
43
41
39
31
30
43
31
11
37
11
28
36
45
21
14
42
11
28
36
30
39
20
11
36
34
25
21
18
39
41
18
21
28
31
38
55
44
59
74
33
36
39
39
39
33
39
27
32
33
29
33
31
24
41
19
33
16
16
28
11
31
28
33
29
31
35
23
30
33
36
30
32
36
11
35
29
36
27
45
46
46
46
46
29
26
33
19
30
26
18
39
11
24
46
39
20
39
36
16
33
33
42
30
39
39
36
39
39
33
33
33
33
32
33
11
30
24
40
11
28
13
16
29
30
19
23
32
29
16
11
22
21
31
11
18
22
16
34
13
19
13
16
13
11
21
11
13
14
12
29
29
11
23
41
11
32
27
28
11
32
15
27
29
23
19
26
17
12
11
28
33
29
11
25
29
18
11
14
23
16
11
18
11
32
11
15
11
11
27
11
15
11
12
11
18
19
11
18
11
11
11
16
19
11
18
11
11
11
16
19
11
18
11
15
11
15
11
15
11
15
11
18
11
11
11
16
11
15
23
11
11
11
16
11
15
23
11
22
11
13
11
20
11
15
29
29
29
30
29
29
22
11
15
33
16
22
36
29
22
11
36
29
23
11
11
21
11
22
16
11
18
11
11
14
11
22
11
18
11
22
11
25
11
18
11
22
11
25
11
18
11
28
11
18
11
18
11
11
22
11
20
11
16
35
13
11
17
11
11
19
11
18
16
11
11
25
20
13
11
24
14
11
11
12
11
11
11
13
11
11
12
17
11
22
11
11
11
14
12
12
11
12
14
12
12
11
11
12
13
11
11
11
11
11
11
11
11
11
14
13
11
11
11
11
11
12
11
11
13
11
11
11
12
12
18
15
12
14
12
11
11
12
11
11
12
11
11
11
12
11
13
14
11
11
11
11
11
11
11
11
11
11
11
11
11
11
11
11
11
11
11
11
11
11
11
11
11
11
11
11
11
11
11
11
11
11
11
11
11
11
11
11
11
11
11
11
11
11
11
15
12
11
13
11
14
12
11
11
11
11
11
11
11
11
11
11
11
11
11
12
11
11
11
18
11
11
11
11
11
19
11
12
12
13
12
13
14
11
12
12
11
11
16
19
26
26
29
29
11
18
23
11
15
11
11
15
21
20
29
25
24
30
39
16
11
15
11
15
23
11
11
25
11
20
20
35
11
16
11
11
11
17
11
24
11
22
16
30
12
13
11
11
11
12
11
13
11
11
11
11
11
11
11
11
11
13
11
14
16
12
11
16
11
11
11
11
11
11
11
11
11
12
13
11
11
15
12
33
11
11
11
13
16
11
11
15
11
25
11
16
11
16
23
17
11
16
19
11
19
21
29
13
13
11
11
13
11
12
11
26
11
15
11
17
14
11
