112
110
123
106
116
103
120
105
123
118
132
125
101
109
108
101
137
105
101
103
108
104
101
119
122
136
113
129
109
124
124
108
101
106
116
113
106
101
105
101
101
107
107
101
112
131
109
126
101
106
118
101
101
120
114
101
103
101
120
133
106
101
101
106
101
123
101
101
115
116
115
107
114
116
106
109
101
112
116
123
113
106
109
101
101
101
103
101
132
157
103
116
107
109
110
106
123
116
109
101
112
101
109
101
125
108
105
124
109
101
115
101
110
104
101
101
102
102
108
102
108
108
101
101
101
101
101
101
119
101
103
