101
133
114
104
101
101
120
119
103
101
105
123
119
111
112
111
109
111
135
124
113
105
101
120
116
126
126
118
124
117
115
129
123
104
109
125
101
105
113
111
101
118
113
101
112
101
112
123
103
129
109
109
106
106
103
133
103
113
106
103
106
126
101
101
101
101
126
126
101
101
101
105
103
115
108
101
101
101
111
126
111
102
108
102
101
112
109
109
113
129
113
132
101
114
108
101
114
104
130
105
107
107
101
110
128
110
101
106
117
122
107
106
102
104
107
101
101
102
102
102
101
101
101
109
105
101
106
109
103
