13
12
11
16
43
11
35
11
27
16
17
65
39
19
23
26
26
26
26
26
29
11
35
23
33
31
32
29
26
33
13
16
11
19
14
11
27
47
11
26
12
16
30
37
34
29
24
12
15
13
11
14
11
34
25
33
19
16
11
44
16
11
38
33
36
14
13
11
35
26
49
17
11
22
23
11
34
29
37
35
20
29
24
32
40
36
13
23
20
32
11
13
12
17
12
12
12
21
12
16
18
15
18
11
13
15
19
14
26
11
35
39
33
33
26
33
26
26
26
36
39
39
46
36
34
38
39
39
36
39
43
36
33
33
46
29
16
26
33
16
25
17
11
17
17
18
11
17
12
13
11
15
11
17
39
18
16
11
11
13
11
11
13
11
14
14
11
15
11
14
12
12
11
11
11
15
12
12
22
37
16
11
38
30
23
22
33
17
11
11
12
14
12
19
16
11
11
12
12
11
13
11
16
12
16
11
11
15
11
13
16
19
15
11
12
11
11
12
11
16
20
16
12
11
11
15
11
16
15
15
14
11
11
11
13
15
11
22
16
12
22
14
19
11
12
21
15
19
16
15
12
44
24
29
12
27
29
16
16
50
26
12
11
11
16
19
17
19
11
17
11
11
15
11
15
12
13
35
32
13
23
12
20
40
13
36
36
36
47
33
36
49
28
11
24
33
14
31
34
28
11
32
46
24
11
44
14
31
24
29
13
34
11
39
34
33
21
33
19
36
33
22
11
29
12
34
36
16
35
43
26
32
11
29
11
52
21
42
36
44
31
11
22
33
11
43
28
47
28
11
11
11
11
11
12
21
18
16
16
18
14
11
36
43
49
19
11
14
18
11
16
16
11
11
16
11
15
13
14
22
15
13
11
31
11
12
11
11
12
11
12
11
13
11
12
23
12
11
12
11
15
11
13
14
12
13
13
11
15
13
11
16
11
11
12
13
12
12
11
13
36
12
11
14
13
11
29
61
48
19
14
11
11
23
15
11
12
38
17
12
27
46
18
11
14
11
27
11
20
51
18
11
11
16
23
15
15
11
11
29
11
15
50
19
28
15
29
16
36
33
15
12
21
17
27
17
21
13
12
17
12
15
12
29
22
20
15
12
11
11
15
20
22
14
16
17
28
25
11
11
11
11
11
11
11
11
12
13
12
16
16
55
15
29
16
11
48
47
13
16
32
27
15
23
11
34
26
16
25
13
24
15
12
19
11
12
11
11
18
13
17
12
15
11
17
11
14
20
11
11
12
11
20
19
11
11
11
21
15
12
12
14
19
13
14
12
11
11
11
11
11
19
16
11
13
11
11
11
18
15
11
16
13
19
16
20
16
11
11
11
20
23
11
14
16
21
12
14
18
41
16
12
15
22
14
11
18
18
12
11
37
29
12
18
19
11
23
11
18
11
11
27
11
18
11
11
27
17
11
13
11
15
16
26
13
11
11
24
11
12
14
12
12
11
11
14
16
11
23
11
27
11
21
14
11
11
15
11
15
15
27
12
12
12
23
11
11
16
16
11
18
11
11
16
11
14
12
13
16
16
11
12
12
13
11
11
15
18
11
19
17
11
13
16
11
11
11
14
12
17
13
11
11
11
14
18
18
11
11
19
16
12
11
22
13
14
11
18
11
16
11
16
11
12
11
14
11
11
11
39
11
16
11
11
16
11
16
18
21
15
11
23
11
20
37
11
12
16
15
23
26
12
11
12
15
11
13
16
12
19
11
13
13
11
11
11
11
11
14
11
13
12
11
11
11
11
11
11
11
11
13
11
11
11
11
12
13
11
12
11
11
17
11
11
11
11
12
12
14
11
12
11
14
11
24
11
17
14
11
13
11
11
11
11
15
12
11
11
13
11
11
11
11
11
14
11
11
11
11
14
12
11
12
11
14
16
11
11
11
11
13
11
11
13
16
18
11
11
11
11
11
12
11
12
15
11
16
11
14
14
16
12
11
11
11
11
11
11
11
11
11
11
12
11
15
17
12
11
16
11
11
11
13
11
16
11
11
11
11
13
12
11
14
11
11
11
13
15
14
19
12
11
12
11
11
21
13
11
11
12
12
12
13
13
14
11
11
12
13
11
11
12
13
11
11
11
12
11
13
11
14
11
14
15
14
21
11
11
11
11
11
12
19
16
16
12
14
13
11
22
15
26
28
21
14
14
12
11
13
26
11
20
11
13
11
13
13
11
14
11
12
11
13
12
11
11
13
14
11
11
13
11
12
11
13
12
11
12
11
11
11
11
11
13
20
11
14
11
11
11
12
12
12
11
11
12
11
11
14
11
11
11
11
11
12
11
11
11
11
16
12
13
19
17
16
18
11
23
11
11
30
11
12
11
14
11
11
11
17
12
15
11
21
11
11
18
16
15
11
11
11
20
13
16
11
11
11
14
11
16
11
27
11
17
11
11
11
25
12
19
11
11
11
11
30
11
11
11
20
11
11
11
11
22
14
11
11
11
11
11
12
12
13
11
11
12
11
11
11
19
11
11
13
12
17
13
14
11
11
13
11
11
38
11
14
13
14
13
11
11
11
18
11
32
17
11
11
11
11
11
11
13
11
11
11
11
11
11
11
11
11
11
11
11
13
11
16
14
11
11
12
19
11
22
11
12
30
11
13
18
28
36
11
18
33
28
29
11
21
11
22
11
20
11
16
11
16
11
33
11
13
19
23
16
13
16
18
11
14
12
11
13
42
26
29
22
11
11
15
12
16
11
13
15
11
12
18
11
11
