124
110
133
129
103
101
113
101
114
105
104
109
103
101
101
104
108
117
101
127
118
104
101
101
106
101
126
101
101
102
105
129
101
133
101
122
113
114
118
118
116
114
107
106
101
120
114
113
103
107
109
104
106
115
109
109
103
106
113
108
102
101
113
112
101
109
112
104
101
106
112
134
112
104
114
138
101
110
101
112
106
125
101
116
116
123
116
103
126
126
121
101
103
106
101
118
132
116
101
109
101
101
101
101
101
101
101
101
106
132
120
101
102
101
101
103
112
112
126
122
101
101
101
110
106
134
105
