15
11
13
11
55
15
56
11
25
29
13
29
16
25
25
24
11
30
11
11
21
13
11
20
13
36
11
23
20
17
11
12
18
14
19
20
23
11
15
17
12
15
11
11
11
11
11
11
11
13
11
11
11
11
11
13
11
11
14
11
11
12
14
15
11
11
24
11
14
16
11
12
11
12
14
14
11
11
11
18
11
13
11
11
23
22
14
34
12
11
28
14
16
11
17
11
13
11
23
19
16
11
23
21
12
21
11
12
12
11
14
13
11
11
13
17
12
19
14
21
20
21
22
18
23
11
15
11
13
11
18
33
12
11
11
14
11
11
14
11
20
19
11
11
13
11
15
22
16
21
19
32
17
32
14
11
13
11
17
18
38
11
20
11
33
23
24
11
32
12
20
16
11
14
12
29
11
12
12
18
11
12
17
12
16
14
17
22
26
11
11
12
11
11
11
11
11
11
11
11
21
20
12
17
17
24
20
11
26
14
22
13
18
25
20
11
13
21
18
16
11
39
34
11
11
11
11
11
11
21
11
11
24
11
18
12
17
11
22
25
11
11
29
11
23
23
21
16
11
15
31
13
11
11
13
13
11
24
16
22
12
25
13
11
33
36
11
41
12
16
12
11
21
17
13
21
22
21
24
37
15
16
18
14
19
13
13
13
22
20
40
16
20
11
11
15
18
14
11
11
24
13
13
13
21
11
13
18
11
11
11
14
14
18
11
11
11
11
15
11
11
12
15
11
12
14
11
17
11
26
11
14
19
20
13
16
17
11
14
16
11
33
11
18
11
37
18
11
32
19
28
19
11
22
21
11
11
35
29
18
17
11
11
12
11
27
23
14
13
16
16
11
14
12
11
13
13
20
11
14
11
15
35
11
12
11
18
13
12
12
11
11
11
11
23
13
15
14
19
22
11
29
11
27
24
24
25
14
12
23
11
18
15
15
22
23
19
12
19
14
22
15
11
29
13
14
37
14
11
14
11
16
17
11
11
14
11
35
49
40
20
51
16
15
11
15
36
33
12
25
28
32
16
37
48
13
37
28
33
33
29
33
33
33
11
35
29
39
29
33
26
30
30
26
29
36
33
14
32
11
31
46
27
39
11
31
15
12
26
32
22
44
23
35
17
34
16
20
19
31
19
11
34
24
32
21
11
30
11
23
40
11
24
24
20
26
37
49
37
37
24
45
19
16
34
33
11
37
50
15
34
13
31
26
11
35
44
35
38
35
11
35
33
43
22
11
15
29
49
47
11
47
23
31
11
28
48
11
22
11
39
50
41
11
45
44
53
18
23
42
23
35
15
11
25
15
11
13
12
31
11
18
13
18
12
19
20
17
14
30
34
11
11
23
11
30
11
25
19
12
19
11
11
15
11
28
28
19
18
15
18
14
11
11
13
21
13
17
11
11
11
11
29
11
12
11
11
15
17
13
11
11
34
16
39
18
14
43
43
42
11
11
19
17
16
14
14
11
30
32
41
18
23
22
16
21
38
11
32
23
25
19
19
12
30
36
11
11
21
12
14
16
11
13
11
11
15
11
16
11
25
16
14
20
14
13
18
14
11
11
12
23
13
21
18
15
13
14
18
20
11
13
11
17
12
17
19
12
13
19
11
19
23
13
14
13
16
14
12
17
12
14
11
19
20
11
11
23
15
11
11
19
15
21
19
21
14
13
13
11
11
12
11
11
13
20
11
16
15
11
15
19
29
26
23
11
14
34
29
23
29
33
26
26
29
11
25
33
29
29
31
28
19
23
29
29
29
23
35
20
23
33
29
19
19
19
20
19
29
39
19
31
13
29
29
29
28
27
11
18
19
19
11
17
19
19
19
18
19
29
19
19
19
19
19
17
11
11
18
19
11
17
19
19
16
11
20
19
19
19
19
14
14
19
19
19
11
17
19
29
18
29
19
11
18
20
19
19
19
11
11
12
12
14
13
31
14
11
12
14
11
11
31
11
11
35
30
14
11
28
11
22
11
11
14
17
13
11
11
11
12
11
11
13
19
29
27
11
11
25
13
15
29
19
19
14
14
20
28
28
18
11
28
19
19
19
19
19
19
19
19
14
14
19
11
28
32
25
29
11
11
16
19
19
39
17
11
28
19
11
24
11
11
13
11
17
29
19
28
37
12
28
29
29
24
28
27
28
29
29
29
26
29
29
29
29
29
29
29
29
29
11
28
24
23
19
29
29
29
29
29
26
24
18
30
19
28
19
19
19
19
19
28
27
29
28
17
12
17
11
11
11
11
13
11
16
12
11
11
12
12
13
11
11
19
11
14
15
11
16
25
14
11
22
11
14
20
11
11
11
11
11
11
13
11
12
11
11
13
13
13
11
16
14
11
17
18
13
23
29
20
19
27
11
11
11
13
11
11
11
12
11
11
11
11
11
16
20
16
11
11
11
18
11
13
11
14
11
11
11
11
15
11
21
19
11
11
14
13
18
11
11
11
11
11
11
12
11
11
15
11
11
11
11
11
11
11
11
19
19
28
35
19
18
19
