17
11
24
14
55
19
12
51
17
12
16
31
38
13
11
11
23
11
21
14
11
18
12
17
11
20
11
11
11
11
12
11
11
11
11
11
11
11
13
13
11
17
13
11
11
11
11
18
16
11
11
47
11
11
14
13
12
20
12
12
19
11
18
15
23
21
11
11
19
11
11
20
19
20
11
11
11
14
11
12
11
13
11
11
17
11
13
17
15
20
11
33
12
20
11
13
13
20
11
18
24
14
11
15
11
16
11
11
13
13
12
11
11
16
15
12
11
11
11
11
11
12
26
14
22
13
18
29
29
20
23
18
23
13
13
11
12
12
11
12
13
13
11
18
11
13
12
29
26
33
30
11
11
14
13
23
39
36
30
32
36
39
33
33
33
26
43
39
36
39
43
39
39
39
46
26
26
26
26
36
31
23
18
33
32
53
43
29
33
16
33
43
39
33
33
33
33
33
29
23
28
47
33
32
22
18
36
30
32
33
33
11
35
23
30
39
36
29
33
12
34
33
31
15
14
13
37
24
36
11
18
11
24
11
39
14
22
16
26
27
32
33
39
36
26
26
25
41
29
46
29
29
36
31
11
11
36
29
29
29
39
43
29
40
36
29
33
11
32
29
13
29
33
39
26
11
28
19
25
34
33
33
23
33
13
29
33
33
29
29
36
23
26
33
39
11
42
11
28
29
27
36
32
17
33
36
39
33
21
35
33
23
29
33
33
36
23
29
33
36
29
33
36
13
43
43
39
39
11
35
33
33
32
11
52
29
29
30
23
26
26
29
33
33
20
11
29
32
33
36
39
33
33
33
33
11
24
11
29
36
23
33
36
39
33
23
29
33
29
26
33
26
16
26
29
29
29
26
26
26
26
26
26
23
33
33
11
11
11
11
11
11
11
12
11
11
13
11
12
12
17
11
11
12
13
17
11
12
13
11
11
11
11
11
15
11
11
12
12
11
11
11
11
11
14
11
14
11
11
11
11
12
16
11
12
12
11
13
11
11
11
11
11
11
13
20
11
12
16
16
13
12
11
24
11
12
11
14
11
13
13
11
11
13
11
11
11
11
11
12
13
11
11
14
18
11
11
12
17
11
13
11
12
12
24
11
15
13
12
17
11
13
17
11
14
12
11
16
13
11
12
11
11
11
15
16
14
11
13
11
14
12
19
19
12
53
21
30
38
27
25
11
33
14
13
25
15
24
11
30
11
14
11
17
11
11
11
21
11
20
12
20
11
15
15
11
26
15
11
21
17
15
11
17
12
20
14
14
15
12
11
13
12
12
11
11
14
12
17
12
16
19
13
20
13
17
15
11
11
27
19
13
12
14
18
46
39
46
46
13
29
25
30
36
29
26
33
33
26
33
39
41
30
35
32
33
46
33
39
39
39
37
36
16
33
33
33
33
33
28
34
12
11
26
29
25
11
11
16
15
14
26
12
20
15
12
18
11
15
11
11
11
20
11
14
11
13
28
14
36
24
11
28
27
17
11
30
22
18
39
11
27
11
12
11
18
22
11
40
11
17
11
18
11
11
27
12
11
11
11
12
17
30
11
12
27
11
11
22
11
18
15
12
11
11
16
11
11
11
11
11
12
11
17
11
18
14
18
13
14
11
11
11
12
11
11
19
13
11
24
15
11
11
17
11
11
11
18
20
12
14
15
11
11
12
11
15
11
14
13
11
19
11
21
11
11
15
29
11
14
13
12
11
11
20
13
11
22
11
11
11
14
11
14
21
13
11
23
11
11
11
11
13
14
11
16
19
24
13
11
17
19
14
18
11
11
12
11
19
17
11
12
11
14
11
12
12
17
11
11
25
11
12
11
11
12
15
13
14
11
15
14
11
18
16
11
17
11
11
11
11
11
18
14
21
11
20
14
11
11
31
11
11
12
20
17
14
11
12
18
11
24
11
11
24
14
11
13
11
12
11
11
11
11
11
11
11
11
11
11
12
20
11
12
11
16
11
16
14
11
23
11
11
11
11
11
11
11
11
11
11
15
21
11
14
11
11
11
11
14
11
12
11
11
11
11
11
11
11
11
11
11
11
11
11
11
12
11
11
12
11
12
11
11
12
11
11
13
11
11
11
12
11
12
11
11
11
11
11
11
14
11
11
11
12
11
11
11
12
12
14
11
11
11
17
11
11
11
14
14
14
12
13
16
11
13
14
11
11
14
13
12
15
16
16
14
13
12
11
11
11
11
13
14
11
16
11
14
14
12
13
25
24
17
13
11
11
14
20
11
17
15
11
11
11
17
11
19
12
11
11
11
11
14
15
11
11
14
11
15
11
11
11
12
11
13
12
32
26
26
26
29
26
16
17
18
11
15
33
11
21
11
11
11
18
11
11
27
11
13
11
29
18
22
13
29
12
13
11
15
17
18
12
12
12
11
22
16
35
11
11
11
23
13
11
12
11
11
11
31
11
12
13
13
11
11
20
11
17
11
11
25
19
33
19
11
25
19
11
17
22
23
11
11
13
11
11
11
11
15
12
11
12
12
11
14
11
23
29
29
29
29
29
29
29
29
29
29
29
29
29
26
