109
127
103
103
104
108
138
101
105
108
101
101
103
113
103
124
111
107
102
113
112
134
101
106
101
101
115
123
101
116
133
103
109
103
130
116
104
102
119
118
101
110
101
105
102
101
109
106
110
112
102
103
102
110
109
120
104
103
121
101
105
103
105
102
104
103
103
105
102
101
102
104
112
115
101
108
101
116
116
101
104
103
101
101
101
117
104
102
101
103
107
112
107
103
110
103
101
106
101
104
106
104
130
113
126
119
120
101
124
103
101
105
136
101
102
101
101
101
102
125
104
101
116
105
102
111
101
121
104
106
