27
11
12
36
19
29
12
26
46
53
29
20
14
11
13
11
11
14
14
12
11
13
14
16
11
30
11
11
18
27
11
26
35
11
11
11
13
15
12
11
12
12
14
11
11
29
12
13
11
11
13
17
19
11
15
17
11
16
12
11
22
13
15
17
11
11
11
18
11
21
18
15
13
14
11
22
11
26
27
16
23
14
14
11
13
17
19
11
11
15
14
22
11
19
26
36
36
33
16
26
26
23
23
28
35
30
24
18
25
19
17
15
12
18
11
19
11
22
14
11
26
11
14
11
27
19
13
15
11
14
11
18
11
29
19
14
11
18
14
15
28
14
11
20
13
36
16
35
11
32
15
40
17
12
22
18
16
19
11
32
24
13
11
11
18
11
14
12
11
11
26
23
12
11
17
23
11
15
12
11
11
12
19
22
17
12
11
12
23
11
19
12
37
42
14
20
32
11
11
25
13
25
15
11
14
11
15
19
13
11
22
14
20
12
17
12
11
11
13
11
26
14
15
18
22
11
13
17
11
33
18
14
12
15
11
20
11
11
13
17
15
22
11
14
16
11
18
18
21
14
20
16
16
11
11
37
32
11
16
14
16
13
17
16
21
15
11
14
17
11
13
11
35
46
18
16
11
18
11
24
16
26
29
32
28
11
13
27
24
26
26
33
29
17
11
11
27
19
26
29
26
41
11
23
11
11
27
11
11
13
22
17
13
30
11
11
25
11
46
13
39
14
22
11
13
22
13
18
15
11
17
24
29
15
15
16
19
16
13
11
21
16
11
12
13
13
11
12
12
14
11
11
14
19
11
11
19
27
15
11
19
14
12
17
20
16
24
11
14
22
11
13
11
16
11
13
15
17
11
15
12
13
16
15
11
12
12
15
11
11
11
11
15
15
11
23
21
19
21
14
12
13
13
13
13
18
11
14
12
13
14
11
12
11
13
14
11
29
12
11
13
22
13
24
11
35
19
17
14
11
21
13
11
18
13
13
12
15
15
11
16
11
11
11
11
11
11
11
19
17
16
12
12
14
20
22
29
33
26
18
17
25
11
11
11
12
11
15
12
18
12
22
13
14
12
14
11
32
11
16
13
18
14
19
15
11
27
17
11
11
11
20
14
11
11
15
13
11
11
11
11
15
11
23
11
12
16
11
13
11
24
23
29
33
33
26
33
23
11
25
29
29
29
26
26
26
26
26
26
22
11
14
12
13
11
21
25
34
11
48
46
42
11
33
19
16
13
19
26
46
29
22
23
11
26
34
11
33
23
26
12
24
29
42
33
40
33
39
43
29
26
55
14
29
19
21
31
24
22
35
27
11
11
13
11
13
11
11
12
14
18
25
11
11
11
24
18
13
15
14
11
12
11
13
16
13
18
11
25
11
11
17
17
11
22
15
12
13
15
11
25
11
16
11
12
21
16
14
17
12
27
12
12
11
13
12
11
11
11
12
11
15
13
14
13
14
20
23
11
15
12
31
41
19
12
30
23
25
44
28
33
11
33
29
43
11
30
35
13
11
33
14
35
33
33
11
27
41
36
26
16
19
13
24
35
13
11
29
33
16
11
11
43
25
14
27
31
13
49
29
13
32
11
28
15
11
26
27
36
25
34
26
33
21
27
35
11
29
45
11
25
11
21
21
26
35
29
48
18
12
38
22
35
17
16
19
30
11
38
20
23
13
30
28
11
37
31
23
22
11
23
16
19
13
19
13
23
22
27
11
11
26
11
19
17
12
16
13
11
11
24
11
37
16
16
16
11
11
21
12
13
27
11
25
15
13
11
31
33
13
20
11
17
28
11
11
11
11
13
16
13
18
11
11
11
11
15
11
11
11
12
11
11
13
12
14
12
13
14
11
15
12
14
11
12
11
11
12
11
11
11
11
11
17
19
18
11
11
11
13
11
17
11
11
12
12
15
11
11
12
11
11
11
11
11
11
11
11
11
11
11
11
11
11
11
11
11
11
12
11
11
11
11
11
11
12
11
11
16
12
13
11
11
16
33
13
11
13
15
11
11
11
11
13
11
11
21
16
24
11
11
11
16
11
11
36
24
24
11
20
11
13
11
11
11
11
12
12
11
12
14
11
11
13
11
16
29
31
11
20
39
11
38
29
30
11
13
11
11
12
12
12
11
25
29
29
29
29
25
11
11
11
11
11
11
14
11
11
14
11
13
14
14
13
11
12
11
12
11
13
12
11
15
11
11
11
13
11
11
11
11
12
11
11
11
11
11
11
14
12
11
11
11
14
11
11
12
11
13
12
11
12
12
12
11
13
11
12
13
15
11
14
13
16
14
11
16
11
15
11
11
11
17
11
11
11
16
12
13
11
13
11
15
16
17
11
11
12
14
11
13
15
12
11
14
13
13
11
14
13
12
17
11
12
11
11
14
14
12
11
19
14
11
11
11
11
11
11
11
13
11
11
13
12
12
12
14
13
11
11
16
12
11
12
11
35
33
23
18
28
19
12
11
16
11
19
22
11
15
11
15
11
12
29
11
22
24
12
14
24
39
17
29
30
23
26
26
26
26
29
29
29
13
11
22
29
29
17
25
19
15
12
19
11
11
14
24
13
11
21
11
18
11
28
15
11
17
11
11
16
12
11
14
35
11
24
36
13
11
27
11
15
18
12
14
15
23
12
18
24
29
20
11
14
15
11
18
11
12
14
11
11
11
17
