16
22
11
25
38
22
41
36
46
39
11
28
26
26
26
26
26
27
11
11
18
11
11
14
15
15
14
12
27
13
11
15
11
17
14
12
12
20
13
13
11
11
11
12
14
13
12
17
18
12
12
12
24
22
16
11
14
11
15
14
23
11
19
11
11
11
14
15
13
20
19
15
11
14
13
11
24
11
21
13
11
12
11
11
17
15
19
11
16
16
20
13
40
32
17
13
17
11
18
12
20
44
53
57
16
35
11
26
32
39
39
39
33
33
33
11
28
43
39
24
44
11
16
12
11
25
11
21
14
15
42
26
31
11
17
13
16
44
34
29
29
28
24
12
34
13
11
49
39
41
59
41
51
48
26
22
11
16
26
39
39
36
36
33
11
47
28
50
19
17
14
22
11
28
53
12
15
31
46
15
19
11
39
19
14
11
11
16
18
17
17
11
34
43
12
46
16
16
37
11
24
14
19
11
27
20
12
16
18
16
22
11
30
36
23
26
38
47
16
16
18
11
37
24
18
11
48
30
36
11
31
28
11
11
11
20
19
17
11
29
11
38
28
11
12
11
44
44
19
25
12
12
13
12
13
11
31
11
25
27
46
49
27
43
11
31
37
36
23
19
11
21
11
40
21
23
11
27
29
19
33
41
18
26
33
31
32
11
28
32
25
11
36
41
11
30
15
20
29
23
15
40
36
39
11
17
15
30
22
18
18
35
25
33
43
11
35
28
48
22
14
39
50
11
27
11
33
24
21
11
37
11
42
19
33
23
23
29
16
16
13
23
11
30
11
16
32
27
19
24
29
32
47
23
33
37
11
25
11
26
11
15
29
13
16
11
38
21
18
11
27
33
35
26
44
35
21
34
32
19
35
11
25
17
33
31
30
20
23
11
40
30
18
16
14
12
11
36
45
29
26
13
21
14
30
13
28
19
35
38
13
11
24
11
23
11
43
42
11
11
30
48
39
36
33
35
11
38
23
39
41
11
34
49
13
43
41
18
32
25
15
32
11
35
16
46
13
25
52
41
27
22
11
23
33
24
15
36
27
23
11
21
17
19
11
15
19
16
27
13
12
20
17
12
17
12
24
18
11
11
12
11
17
16
14
11
54
44
11
12
12
24
11
11
15
13
12
11
12
19
11
11
16
11
15
19
12
11
11
14
14
16
15
13
15
12
13
11
13
15
15
11
21
43
49
13
12
18
11
47
24
24
11
12
23
14
13
11
14
11
11
11
12
13
12
11
12
20
18
11
14
15
23
13
12
16
13
13
11
13
11
15
11
18
17
12
20
15
14
13
15
11
27
16
11
14
11
11
19
11
16
11
19
11
13
17
11
15
18
11
11
12
13
11
18
26
20
11
24
14
19
15
17
11
12
11
11
14
12
14
14
17
26
17
11
15
17
12
11
17
21
11
11
12
20
23
11
11
12
18
14
15
11
15
11
11
11
11
12
14
17
15
16
11
31
11
23
11
27
11
14
12
41
24
11
20
22
13
11
30
16
19
11
11
11
11
17
12
12
12
11
11
11
11
11
11
12
11
11
11
11
11
11
11
11
11
11
11
12
11
15
11
11
11
16
12
11
15
11
11
11
11
14
11
14
13
11
11
11
14
11
11
13
11
11
11
11
11
11
12
12
11
11
15
11
11
11
11
11
12
12
20
14
17
16
12
11
11
11
11
13
13
11
11
11
16
17
11
14
18
11
11
13
14
11
11
13
11
14
14
11
14
11
22
13
13
20
19
36
26
26
29
26
13
23
27
12
13
16
14
11
11
11
11
11
11
14
15
13
11
11
12
11
11
14
11
13
11
11
11
14
14
12
11
11
11
11
11
11
11
11
11
11
11
11
11
11
11
11
11
11
11
11
11
12
11
11
11
13
11
13
11
15
11
12
11
12
11
11
15
12
11
11
11
12
13
11
11
12
12
17
22
11
11
11
11
14
11
11
11
11
11
11
13
12
11
11
11
13
11
13
11
20
20
11
11
11
11
14
12
12
15
21
13
14
14
11
11
12
11
14
11
11
11
11
11
11
11
12
13
11
11
11
16
12
14
11
11
14
11
11
21
12
11
11
12
13
16
11
11
11
11
11
12
13
12
11
13
11
11
11
12
15
11
11
11
16
12
12
11
11
11
11
13
11
12
11
11
17
11
16
12
11
11
11
11
12
11
11
14
13
12
11
14
21
18
14
13
11
12
16
20
14
15
11
16
11
16
11
15
12
16
13
11
11
13
20
13
11
11
13
11
12
13
11
11
11
13
11
11
13
11
11
12
11
12
13
11
13
13
16
11
25
36
19
26
19
19
16
11
17
11
15
11
14
11
15
11
15
29
33
33
11
13
11
11
13
11
15
11
32
29
39
13
26
26
26
26
29
30
36
28
11
28
28
11
15
11
11
15
11
14
11
15
19
11
11
18
11
11
11
11
11
11
12
13
13
11
18
27
29
36
11
11
11
12
11
14
13
11
12
11
11
12
11
12
11
11
11
12
12
12
14
11
11
11
11
11
11
11
12
11
11
13
12
13
12
11
15
11
11
13
11
11
11
16
