42
48
13
33
15
11
50
36
53
26
26
33
26
33
38
31
43
29
11
25
16
26
44
25
39
46
20
14
11
36
56
25
11
36
24
11
16
27
43
13
36
16
28
17
11
23
19
17
39
11
25
16
23
25
44
29
14
52
29
39
23
12
15
11
14
18
35
11
47
11
33
31
11
34
24
23
20
25
36
36
32
30
39
11
15
36
33
40
14
11
22
11
12
11
28
12
36
33
23
30
11
35
33
33
30
29
36
33
46
49
29
46
39
33
36
23
26
26
26
26
29
39
16
43
33
33
33
43
29
33
36
29
11
31
37
33
33
33
21
25
29
33
16
33
36
33
30
22
23
32
36
33
33
33
11
25
11
35
16
33
23
29
33
39
33
33
26
18
14
11
25
29
19
39
33
26
11
22
53
26
16
33
33
26
26
23
26
26
19
39
29
54
26
29
29
33
31
28
26
29
33
39
34
11
37
23
27
35
36
27
15
33
11
38
36
39
24
11
30
39
21
31
33
31
24
28
24
23
33
32
32
37
29
31
28
33
33
41
25
33
27
38
33
36
33
35
34
39
29
33
29
33
16
33
31
13
30
29
32
30
27
35
29
27
42
43
39
33
46
33
33
33
49
23
26
29
26
27
22
23
33
36
33
29
33
29
33
36
39
33
33
33
26
33
36
29
33
36
29
40
36
56
33
26
33
33
26
33
26
29
29
29
26
26
26
26
26
26
19
11
11
15
25
17
11
50
11
15
11
42
11
39
23
33
33
19
31
28
43
43
43
11
28
56
11
46
46
33
23
13
36
39
37
41
30
11
33
38
18
11
28
47
24
31
17
16
19
16
11
43
11
25
22
30
15
11
24
24
11
31
33
52
20
35
48
24
31
17
18
11
32
38
37
26
11
20
19
11
45
36
50
43
29
29
22
23
23
46
13
37
25
19
12
34
23
36
11
19
38
38
35
19
12
44
33
43
33
42
29
19
16
34
28
29
38
29
42
19
24
35
11
39
28
19
35
12
27
11
19
29
38
21
33
11
18
33
26
37
23
25
28
38
46
13
36
31
18
11
35
34
42
11
24
23
38
11
23
19
12
39
19
25
19
12
39
19
35
12
33
13
38
19
28
28
37
11
28
38
25
19
12
28
35
11
11
28
28
23
23
11
35
12
37
39
19
22
25
29
28
19
29
29
29
18
11
26
11
19
19
19
19
19
18
19
19
28
11
11
17
29
23
29
11
28
33
29
19
27
11
19
19
19
19
19
18
19
16
20
29
19
19
14
14
16
11
11
18
19
17
21
13
11
32
29
29
33
16
29
29
30
33
36
23
16
29
29
13
26
29
23
13
12
14
16
11
11
15
11
15
21
11
14
14
12
16
11
11
11
25
14
18
12
11
12
12
16
11
16
11
24
12
11
11
13
16
11
11
13
11
19
11
20
16
11
12
19
24
24
11
15
16
30
11
11
17
11
35
11
29
19
12
11
11
11
15
13
16
17
15
11
11
11
11
11
12
15
11
15
11
11
16
11
16
22
11
15
19
16
11
11
17
11
11
11
14
11
25
28
11
18
11
24
11
11
11
11
21
26
15
12
11
14
11
17
11
11
13
11
11
19
11
11
12
15
19
29
29
19
28
29
29
27
29
29
27
29
28
27
11
28
27
29
30
11
11
11
11
11
16
11
11
15
11
17
21
12
11
22
11
11
11
11
17
15
11
16
17
14
11
16
11
11
13
17
11
11
13
18
11
11
12
22
19
26
29
29
33
11
14
11
16
11
11
14
11
11
44
29
23
36
28
11
17
21
11
16
11
11
11
16
16
11
18
25
11
17
27
12
17
11
13
16
25
11
22
36
23
11
15
23
13
29
26
26
29
15
14
11
15
11
11
11
15
11
23
24
35
11
11
12
11
11
11
37
11
21
24
11
11
15
11
11
19
11
15
11
27
18
11
11
20
11
13
23
11
17
22
16
11
27
11
11
13
11
11
14
11
21
11
14
11
11
11
