107
103
103
133
101
108
119
137
113
101
101
101
101
101
110
105
113
121
113
101
101
136
103
101
102
105
119
113
110
128
104
103
103
101
101
101
104
110
101
101
112
101
101
122
101
101
102
101
113
101
123
119
106
101
109
101
126
101
108
101
106
101
106
129
130
101
101
106
116
113
126
105
101
119
103
106
123
106
119
103
109
116
106
107
101
103
129
129
111
108
102
114
116
103
105
103
101
103
109
116
111
101
133
133
113
119
101
101
101
113
116
106
101
101
108
109
120
106
103
106
113
101
101
102
101
101
102
101
108
118
101
103
101
101
101
101
110
101
109
101
101
105
102
101
101
106
101
104
101
104
104
101
101
113
101
107
101
110
101
101
101
103
112
101
101
101
112
107
101
101
118
105
103
102
101
109
102
111
106
101
101
101
101
102
101
102
101
102
102
101
101
101
