12
11
27
15
14
51
29
48
42
17
26
20
29
36
26
36
33
39
13
35
11
26
43
36
46
39
42
57
11
26
35
47
37
11
20
11
13
36
50
28
13
27
12
23
34
37
16
11
33
39
11
33
37
21
22
26
13
19
11
29
31
11
37
16
24
33
11
41
59
57
32
36
33
13
33
39
41
12
15
14
11
11
16
11
15
27
32
49
34
32
33
11
28
33
33
11
32
29
33
36
39
40
19
36
39
33
39
39
36
26
36
39
13
36
33
36
26
33
16
26
49
21
14
11
25
11
20
18
12
11
18
16
13
40
11
29
50
17
14
11
11
11
11
12
43
14
11
19
21
31
17
36
33
11
57
36
25
11
19
13
11
11
11
13
11
28
12
12
11
11
15
11
11
21
11
13
16
11
13
14
16
15
13
11
15
11
15
17
11
11
11
12
13
11
11
11
11
12
18
12
13
15
11
19
16
14
12
37
24
13
22
12
15
18
26
17
16
14
13
14
13
23
18
25
25
17
15
20
32
21
12
21
15
13
20
16
12
11
11
11
11
11
11
11
19
14
12
16
22
13
23
20
18
28
12
14
18
11
26
42
29
41
30
25
29
31
11
11
13
11
11
13
15
17
11
16
11
16
17
48
12
14
15
11
15
11
13
11
21
11
13
11
11
13
12
21
11
12
11
11
11
11
11
17
12
16
11
12
12
18
13
13
12
13
14
12
12
11
11
11
24
21
13
13
11
12
29
22
11
14
14
11
14
11
18
12
17
11
20
11
12
11
11
12
21
18
14
13
11
20
25
11
11
11
18
14
11
14
11
11
11
11
12
16
14
11
13
15
12
19
12
11
14
12
11
14
16
11
27
15
12
12
13
16
13
11
13
11
11
11
12
11
14
11
17
14
12
13
11
11
11
11
16
13
17
14
11
13
15
11
18
12
12
17
11
11
11
11
11
11
11
11
11
11
11
11
14
16
11
12
11
12
14
11
13
11
11
15
11
11
13
11
14
12
16
17
21
14
16
17
13
12
13
13
11
16
24
24
14
16
11
41
56
69
46
40
12
12
13
11
15
11
22
22
13
22
12
19
53
43
11
13
32
14
16
25
11
23
12
19
13
12
11
11
19
20
14
11
15
13
11
77
13
18
11
13
11
13
25
53
39
11
45
19
15
18
11
16
29
12
19
12
12
20
14
18
15
14
16
20
14
11
12
11
20
17
16
19
20
32
11
28
34
11
33
18
14
11
25
11
42
16
11
42
12
28
18
35
17
21
16
17
11
11
16
18
25
11
13
14
17
11
11
17
11
11
11
11
12
12
13
18
13
11
16
11
12
11
22
17
11
11
13
22
19
16
41
26
11
35
30
29
11
26
15
16
11
29
33
45
19
36
16
22
27
24
11
37
34
32
43
11
38
11
32
26
36
36
29
30
30
23
36
36
14
36
36
33
11
29
32
33
11
28
27
23
11
11
14
11
27
11
23
32
34
22
11
11
19
26
16
16
28
27
20
42
23
36
11
29
32
19
33
19
46
11
38
12
36
44
49
33
30
11
25
25
23
23
11
19
19
23
16
35
27
33
26
36
11
11
13
14
16
23
17
15
11
27
21
11
15
32
29
11
32
11
26
19
36
13
11
30
11
13
26
20
25
16
26
17
11
11
14
11
18
11
11
14
11
13
11
11
11
12
11
11
12
11
11
12
12
13
11
11
11
11
11
11
11
12
11
11
13
11
11
13
11
11
11
11
15
14
11
14
26
32
14
23
11
15
26
11
22
16
11
11
14
14
19
24
15
11
17
24
11
25
15
11
14
29
11
11
20
11
11
28
11
23
11
19
24
18
17
11
12
26
11
29
12
16
16
19
11
28
21
35
13
13
19
16
16
26
18
13
14
11
22
28
35
19
32
19
17
11
11
28
11
29
11
21
11
25
11
22
11
11
17
19
28
22
11
22
11
24
12
19
19
11
12
11
23
11
20
22
11
22
11
12
11
24
27
15
19
11
12
11
11
15
14
12
11
12
13
11
11
12
11
11
13
12
11
13
11
11
13
15
11
11
11
11
17
11
16
12
11
11
19
11
12
11
11
11
11
12
11
20
11
27
20
43
12
11
14
27
11
20
12
11
11
11
11
23
15
11
26
11
23
11
16
26
35
11
25
32
11
29
33
11
22
16
13
11
34
29
19
11
13
11
24
11
11
26
11
22
22
11
13
29
19
33
16
11
12
11
11
11
12
11
12
18
11
14
19
12
11
21
11
11
11
17
18
11
11
11
16
11
32
18
11
11
25
11
19
19
20
11
30
11
22
21
11
11
18
11
20
38
11
22
39
30
11
23
11
20
11
14
17
17
11
35
17
19
21
13
12
17
14
16
13
14
14
11
18
17
13
12
16
28
22
18
15
11
11
13
11
14
12
11
11
11
11
13
11
13
13
11
12
13
14
11
15
11
11
11
14
11
13
11
11
11
11
11
11
11
11
11
11
11
11
12
11
13
11
11
11
13
12
15
20
14
12
