11
34
53
43
29
26
26
12
12
13
11
16
13
15
15
24
13
16
16
15
28
42
17
15
13
16
14
21
14
17
17
16
11
11
11
11
21
16
21
28
11
12
11
11
19
19
11
19
32
28
12
31
38
29
35
11
44
12
38
35
22
38
38
33
23
36
11
19
35
12
19
28
38
14
11
28
19
46
29
23
19
12
48
35
36
30
23
38
35
12
27
19
11
35
19
29
16
24
38
37
26
19
19
11
11
18
30
29
53
23
43
29
19
16
24
35
17
22
11
19
28
36
11
15
11
28
23
38
24
23
11
18
38
25
22
37
38
39
34
19
23
42
24
35
13
38
38
38
19
28
33
39
23
38
24
19
19
22
33
29
23
36
11
19
29
19
43
13
28
43
13
36
11
38
29
39
43
40
38
30
39
30
38
47
12
27
39
39
39
39
39
29
32
11
16
16
29
13
28
47
38
24
29
13
36
12
38
35
19
11
24
19
19
12
38
28
42
29
19
12
38
28
36
11
25
19
23
37
29
36
13
43
23
23
24
35
19
11
29
38
19
34
22
19
34
19
12
37
11
19
42
29
21
22
37
15
29
14
27
28
36
19
46
19
12
39
24
19
19
19
11
11
37
30
19
43
13
11
35
11
25
19
12
38
25
12
11
18
38
28
39
34
24
28
19
34
19
22
29
28
28
37
12
39
25
13
38
24
19
12
34
23
26
11
13
22
19
12
39
48
11
11
24
19
13
38
14
19
19
12
28
45
12
34
29
19
12
34
23
38
19
28
38
25
19
12
39
29
29
37
11
21
11
15
19
16
16
29
36
11
25
29
19
12
19
35
14
33
16
13
11
13
11
28
33
36
13
19
12
11
45
18
11
56
33
36
23
24
31
27
30
13
13
13
33
26
11
58
11
24
29
43
29
24
11
31
30
41
30
12
19
16
23
18
16
11
15
18
20
11
21
14
11
19
11
17
15
20
11
11
11
12
11
11
11
12
12
24
18
21
11
12
11
19
17
11
11
13
14
18
13
14
16
11
11
11
11
11
11
33
21
11
11
35
20
37
21
18
11
22
11
21
14
14
15
13
11
19
16
12
18
11
11
17
11
18
25
13
11
14
14
11
12
19
13
11
12
15
11
11
13
11
18
16
17
11
20
11
15
15
14
20
13
15
12
15
15
13
17
15
11
11
19
11
13
24
12
16
25
21
11
16
12
14
11
11
11
13
11
14
17
13
15
19
19
11
17
15
19
25
11
11
15
23
19
28
16
11
25
11
21
11
34
11
19
24
22
11
27
32
15
30
