101
101
107
101
101
133
102
101
101
116
116
116
101
102
101
110
109
101
119
125
101
101
101
101
101
101
101
101
103
121
101
107
113
101
101
125
101
107
114
112
103
106
112
101
113
102
102
103
112
101
123
105
110
105
101
101
115
101
103
109
124
134
134
108
128
124
111
121
101
111
132
114
106
103
106
120
101
101
113
101
113
102
113
101
118
131
101
110
122
107
106
106
101
101
108
101
111
113
101
107
113
101
110
131
102
124
115
121
134
103
101
101
114
125
114
113
125
101
104
101
105
103
101
103
107
101
101
