101
102
116
106
123
102
107
104
107
101
107
104
101
101
114
101
102
125
121
115
106
136
123
101
113
116
123
119
120
101
101
101
102
101
111
108
103
103
110
101
101
101
101
106
107
118
111
103
104
110
125
112
101
107
109
104
102
101
107
108
101
101
101
101
102
101
101
113
110
101
119
106
123
109
102
102
101
104
114
101
113
129
123
132
114
103
106
111
109
101
101
123
124
131
123
106
101
104
104
101
107
120
125
101
101
101
112
101
106
105
106
101
101
101
101
102
104
102
109
106
103
105
111
102
102
133
102
101
105
101
101
