107
144
121
115
115
104
103
125
111
112
120
112
113
106
109
135
112
101
106
129
102
102
102
124
101
101
101
101
104
101
102
107
107
102
102
136
106
117
102
102
106
105
103
104
107
113
112
109
101
101
101
109
101
101
111
110
101
101
108
102
101
101
102
101
118
105
110
102
119
101
102
102
103
101
103
107
110
101
102
101
101
107
101
113
123
101
102
131
101
101
101
122
121
116
109
105
114
115
129
108
104
107
101
101
103
103
101
118
105
104
101
101
101
117
108
112
118
124
102
110
102
101
103
111
101
101
109
103
101
105
103
102
104
114
108
109
103
101
102
105
101
101
101
101
102
102
101
103
101
101
102
112
101
115
118
106
101
101
101
106
103
106
101
101
101
101
101
101
101
101
101
101
101
104
101
111
109
117
104
105
109
101
101
101
103
119
116
102
101
119
103
106
106
113
103
103
