16
19
22
11
20
19
19
29
26
29
21
11
11
16
11
15
14
11
11
19
13
16
16
11
11
44
19
11
13
19
32
16
16
21
16
11
16
13
14
11
32
14
29
13
14
31
38
25
13
19
18
11
11
12
12
38
35
22
28
18
11
27
24
23
43
29
19
22
30
24
39
36
33
42
29
29
13
35
44
29
27
42
11
24
24
42
29
29
19
19
17
19
19
12
25
34
19
38
38
29
38
19
41
33
33
33
29
36
33
43
39
39
39
39
36
39
39
39
33
33
28
47
43
39
33
33
11
32
39
39
33
33
29
22
47
39
39
39
39
33
33
33
27
38
39
33
31
32
36
27
11
11
12
12
11
11
12
25
20
31
19
33
32
27
11
11
12
11
14
11
18
17
13
12
11
15
14
20
12
16
14
12
12
25
19
11
15
14
11
14
19
11
11
15
11
11
11
11
11
14
14
11
11
11
11
11
13
11
16
15
13
16
16
14
11
18
11
18
12
21
11
13
12
11
11
11
11
11
23
11
13
11
11
15
11
41
14
13
26
25
36
39
12
44
11
17
11
14
13
11
11
12
13
12
11
15
24
11
12
13
14
17
11
18
21
13
11
12
12
17
17
36
50
11
38
11
48
20
11
34
11
35
11
34
37
52
11
29
39
34
44
38
25
11
29
23
17
22
11
18
11
41
52
31
27
21
14
26
33
36
11
44
12
15
22
17
17
19
14
11
11
21
12
11
15
15
16
14
12
13
15
22
11
15
29
15
48
17
14
14
11
11
17
13
11
12
15
12
11
15
14
14
11
15
11
17
11
14
13
13
14
11
16
19
26
19
17
14
12
11
11
11
38
42
48
12
14
14
11
11
30
26
11
11
12
18
12
18
13
19
11
19
14
15
11
11
15
12
11
12
17
11
15
11
32
13
11
11
11
12
12
11
12
17
12
14
17
13
13
15
12
17
11
12
11
13
42
32
25
39
11
49
42
32
14
20
13
11
12
15
11
12
12
12
18
11
28
30
42
11
26
11
11
14
12
18
17
11
30
44
19
38
18
11
26
16
32
16
20
12
26
26
36
44
16
19
15
11
45
23
11
32
19
11
45
22
48
15
20
11
31
36
45
18
22
50
26
32
43
16
13
31
19
11
14
11
26
28
13
11
16
31
11
19
17
11
35
11
38
29
11
11
26
29
21
11
13
23
11
11
11
18
15
19
13
11
12
15
17
13
17
11
12
15
15
22
14
22
16
20
14
34
29
11
28
33
35
44
30
31
11
34
28
34
23
28
33
11
27
18
17
25
11
32
11
26
11
25
35
36
35
24
32
44
16
33
33
35
37
27
19
29
16
16
24
35
11
38
13
36
26
12
19
11
21
32
11
35
11
18
20
11
29
29
13
11
24
11
16
35
31
13
27
39
36
11
25
32
51
11
26
27
31
43
11
30
48
16
16
22
17
36
13
16
19
21
41
30
32
17
20
11
29
31
36
32
17
11
28
27
13
33
28
24
33
19
11
27
28
22
11
11
31
11
19
11
37
11
17
29
14
29
35
26
11
16
11
23
11
11
11
11
11
13
11
11
11
11
11
13
11
12
12
11
12
11
11
11
11
11
11
11
11
16
11
14
11
11
11
11
11
12
11
11
11
11
11
18
28
19
17
11
30
34
11
25
11
11
30
11
11
15
26
26
17
18
11
23
11
11
27
16
11
21
19
24
19
11
21
11
27
11
17
19
11
11
18
16
11
25
11
28
35
11
24
26
27
12
11
31
33
28
15
11
34
11
24
37
12
11
22
11
30
12
11
11
15
11
14
11
13
11
11
12
12
13
13
11
12
13
11
14
15
16
11
15
11
11
12
14
12
11
11
11
11
11
14
12
11
11
11
11
11
16
14
11
36
21
11
14
11
22
13
16
33
26
29
11
28
29
29
23
27
11
14
11
28
13
23
28
22
29
29
26
26
13
11
19
32
25
11
12
23
13
11
25
13
12
32
16
23
13
11
12
12
11
19
19
19
11
28
27
17
13
26
23
12
16
21
11
22
15
17
17
13
13
31
14
11
26
11
11
13
11
24
11
17
13
28
20
29
16
25
11
25
14
11
11
14
11
17
11
11
11
12
22
15
11
21
11
11
17
11
11
20
22
11
24
11
28
11
15
17
17
13
26
11
29
18
11
14
38
11
15
11
11
11
11
11
11
11
11
11
11
11
11
11
11
11
11
11
11
11
21
11
17
13
11
11
11
11
16
11
11
11
11
12
29
13
11
37
27
28
11
13
19
29
30
16
11
28
11
19
11
11
11
11
27
17
11
11
11
25
11
11
32
34
17
11
11
25
16
27
25
24
11
21
19
11
11
11
20
16
11
14
14
11
13
