18
30
13
11
52
13
32
11
52
38
11
56
29
29
33
46
19
31
38
39
39
31
28
11
38
23
12
37
35
43
16
11
49
15
23
15
31
23
18
19
19
11
29
16
11
24
29
39
16
29
60
25
27
27
32
11
12
11
11
14
22
50
33
24
14
11
15
15
12
11
19
11
14
40
39
11
31
28
35
11
16
11
15
11
22
34
13
13
48
33
16
11
32
26
19
11
42
33
13
46
18
33
16
11
11
14
14
11
12
11
11
11
14
22
11
35
30
15
11
11
12
13
17
35
20
29
32
44
27
11
18
12
17
17
11
13
38
31
20
21
13
54
36
21
13
13
15
11
13
15
11
11
11
40
35
17
11
27
23
19
11
11
11
17
13
14
29
11
11
12
13
18
19
20
28
18
26
15
26
12
36
22
30
31
14
18
20
20
19
12
11
11
11
15
14
16
11
13
17
11
11
13
20
16
17
15
11
11
15
18
11
12
20
11
16
12
16
21
18
17
11
11
11
12
11
11
11
11
19
11
19
17
14
11
13
16
17
12
11
22
24
11
16
12
16
17
12
18
11
13
13
17
12
11
11
17
11
23
30
26
11
17
19
19
13
19
11
16
12
11
24
27
19
11
14
11
21
18
14
11
22
20
11
27
11
21
11
34
11
20
12
11
16
34
36
12
11
30
12
11
15
11
13
16
13
12
12
25
11
24
11
11
20
14
18
16
11
14
15
11
22
12
20
32
31
11
11
11
11
11
11
16
14
13
11
12
11
11
12
11
11
17
13
11
11
13
11
11
15
22
11
11
21
12
11
11
30
11
37
11
25
11
17
13
12
15
13
11
11
17
11
13
13
11
21
13
13
12
11
11
11
11
11
17
11
11
17
11
11
11
11
24
12
11
11
34
11
15
13
11
11
11
15
13
13
12
11
15
11
14
13
18
12
13
11
15
11
13
13
17
14
11
23
12
11
11
15
12
26
11
13
12
12
16
29
30
22
49
16
11
11
12
11
11
11
11
13
34
11
18
11
22
11
11
15
12
13
11
24
14
11
13
15
14
11
14
17
11
16
11
14
13
11
15
11
14
13
15
11
11
17
13
13
13
13
13
12
20
11
41
17
11
46
44
42
35
29
14
13
24
17
14
17
11
16
13
12
19
11
12
43
19
13
12
11
12
17
21
13
14
19
11
43
29
29
14
16
30
43
29
32
44
23
28
24
36
11
27
27
43
36
17
42
14
45
39
55
18
39
31
11
26
15
35
25
11
28
36
29
30
11
22
14
13
11
13
16
11
11
11
29
33
17
50
12
12
35
11
15
31
11
33
33
18
11
16
13
14
15
11
12
15
12
20
13
11
15
12
16
18
11
27
13
11
22
24
18
13
12
12
22
15
11
13
11
11
19
14
12
25
13
20
11
15
11
11
11
17
11
12
21
11
12
14
11
11
16
16
12
16
19
17
13
11
14
11
13
11
18
11
14
14
16
11
11
11
12
24
12
16
11
15
19
13
19
11
11
13
11
24
11
11
21
14
11
27
21
11
18
23
14
20
11
15
16
11
13
18
12
23
11
11
12
11
22
13
12
13
14
12
11
11
20
12
12
26
18
11
25
12
11
25
13
12
14
12
14
11
11
11
20
12
16
30
13
11
11
11
16
11
11
12
11
14
11
11
11
11
11
15
11
11
11
11
11
11
21
11
11
19
17
18
14
11
16
15
20
11
12
15
11
11
11
11
11
14
12
13
12
16
13
16
11
11
12
14
11
18
20
14
14
14
12
12
11
12
11
11
12
11
19
18
15
13
22
11
11
13
16
15
19
19
32
19
11
11
34
30
15
11
17
32
11
14
11
14
12
11
15
11
13
22
11
12
12
15
11
14
11
16
11
18
16
11
11
12
11
13
11
13
11
11
16
15
14
12
14
11
15
11
11
11
16
16
11
11
11
11
11
21
12
16
11
11
11
11
11
11
15
11
11
11
11
11
11
11
11
11
11
12
11
11
13
11
11
11
11
11
12
13
11
14
17
11
11
11
11
11
11
11
11
11
11
11
11
11
14
12
11
12
11
11
14
13
11
14
14
11
14
11
20
11
16
11
11
12
11
11
14
13
11
12
11
11
12
11
12
11
12
14
11
11
13
13
13
11
11
11
14
12
11
12
11
14
11
11
12
14
13
15
11
12
11
11
12
13
11
14
12
11
11
13
11
11
13
14
11
13
11
11
17
11
11
11
11
18
11
12
11
11
12
12
11
12
11
34
24
27
11
11
11
20
17
15
11
28
11
12
17
14
15
18
15
19
27
25
20
28
11
11
11
11
11
11
15
13
12
11
11
11
14
13
11
11
12
13
15
11
11
13
12
11
13
13
11
11
11
12
12
11
12
11
18
11
12
14
14
17
14
15
14
12
12
11
14
17
14
11
12
13
11
11
12
16
11
11
14
13
11
22
11
14
15
11
16
11
11
12
12
11
11
15
11
12
11
11
15
11
11
14
11
20
19
16
11
11
14
11
11
14
11
25
11
11
14
11
16
17
11
11
18
11
17
14
19
11
11
29
11
20
18
18
13
11
12
11
24
18
18
11
11
13
13
15
14
11
11
13
11
12
18
14
12
11
12
11
12
20
12
16
11
15
15
16
14
11
11
11
12
11
16
12
12
11
11
11
13
11
12
11
11
11
11
11
11
11
15
11
12
27
11
30
27
23
13
11
28
11
22
11
11
11
16
13
11
20
14
32
26
11
14
22
17
11
11
11
12
13
12
17
16
17
11
15
22
22
11
20
23
15
12
13
11
27
29
29
16
29
29
29
16
29
29
29
29
11
15
11
15
11
15
11
13
11
14
11
12
16
11
15
11
11
