101
119
101
105
103
101
101
101
106
102
101
101
105
101
106
128
119
102
107
130
119
101
129
104
102
107
124
108
134
117
101
101
107
102
130
107
102
111
105
105
105
105
102
103
101
101
101
111
105
102
101
101
102
102
101
101
101
105
106
101
102
102
121
101
104
108
102
101
101
111
101
105
101
102
101
158
101
102
101
101
103
101
101
101
102
119
101
102
108
101
112
120
116
110
103
127
115
113
108
117
101
101
127
102
101
101
109
117
101
110
101
104
104
101
102
105
123
111
104
112
103
101
101
112
104
105
101
112
101
101
101
103
102
101
106
107
101
