11
57
15
11
17
33
18
14
29
46
21
12
22
36
33
36
14
27
25
11
30
23
16
30
13
31
16
17
12
14
14
33
11
11
13
21
11
32
27
20
15
16
11
12
11
11
11
11
12
13
11
13
11
12
12
11
11
13
11
11
15
11
11
11
12
12
11
14
11
14
13
11
12
11
12
11
11
14
11
14
11
13
18
12
11
11
25
11
11
23
11
13
24
11
11
11
17
23
11
11
11
29
11
17
24
11
11
11
11
11
11
11
11
11
11
12
18
11
20
16
16
22
13
25
21
15
13
11
11
23
12
11
18
22
16
11
20
14
11
11
13
15
11
11
11
12
14
17
14
24
24
11
28
11
17
17
16
23
49
11
40
11
11
11
11
11
11
12
16
18
20
28
11
14
11
11
18
11
18
11
15
16
13
21
18
13
11
14
14
11
33
11
23
16
26
26
26
26
24
18
30
30
20
12
16
38
24
39
11
48
16
27
18
11
41
39
50
40
40
12
16
24
39
36
30
13
11
14
12
14
11
15
12
14
20
12
11
11
45
29
26
43
20
39
11
44
19
16
19
19
18
24
23
46
12
38
28
39
38
25
12
36
19
16
29
33
46
39
28
24
23
38
24
33
39
33
24
38
47
39
33
29
23
43
29
39
39
39
33
29
32
37
39
38
20
28
37
24
23
38
19
38
48
35
12
24
23
19
37
11
47
38
34
11
22
38
19
38
28
29
36
19
11
15
23
39
33
24
36
22
38
29
25
12
38
28
38
19
28
38
19
29
35
11
38
36
11
11
14
19
19
19
12
33
23
38
24
14
35
12
37
12
17
11
11
34
12
38
29
38
25
19
12
33
23
36
12
32
36
38
26
12
38
29
47
32
25
34
24
38
19
29
38
34
29
12
34
23
38
39
25
11
18
12
19
34
13
13
23
20
27
38
34
29
23
43
24
25
19
12
38
28
54
29
22
28
35
29
19
16
29
19
19
11
28
35
19
11
19
36
11
15
19
19
19
22
18
45
12
33
23
36
12
43
23
40
38
38
35
23
46
19
29
19
16
11
11
11
37
11
15
13
19
29
16
14
12
22
13
11
11
19
16
13
11
11
13
11
23
12
26
36
16
45
39
43
39
37
36
11
34
18
23
15
27
11
33
16
13
11
14
31
11
18
21
11
26
16
20
14
25
11
31
13
23
11
11
19
11
13
11
11
11
35
11
11
13
11
17
12
19
14
11
11
17
12
12
13
22
12
19
25
15
17
17
28
29
16
39
23
38
34
22
24
29
23
38
24
29
23
43
23
29
28
45
11
21
32
12
34
23
36
11
15
23
13
25
34
11
15
25
11
30
26
28
18
11
35
11
11
11
19
11
28
29
38
11
32
29
12
38
35
12
38
28
39
34
23
28
39
34
19
19
11
14
29
19
11
29
26
11
18
11
55
12
38
25
19
11
11
37
19
27
24
25
28
28
11
11
34
11
29
28
27
19
29
29
19
28
29
29
28
29
28
19
19
19
19
19
19
19
28
24
14
18
29
19
20
19
19
19
30
27
30
28
19
19
19
20
19
19
19
19
19
45
28
27
29
29
11
12
11
22
16
16
14
15
11
15
18
11
24
18
11
25
18
13
11
11
18
11
20
21
11
24
18
11
25
13
11
13
11
13
16
27
11
26
11
11
11
22
16
11
23
14
11
31
14
11
24
17
18
11
24
18
11
25
11
26
15
18
15
16
11
31
14
11
22
15
11
21
20
14
29
11
24
11
24
11
23
11
27
11
28
11
21
11
36
23
12
12
11
13
22
11
14
11
11
24
11
24
16
16
19
13
11
13
15
11
27
11
25
11
24
11
26
11
23
11
26
14
16
16
23
11
18
11
16
11
22
12
19
11
17
27
11
19
12
11
12
12
11
16
16
11
22
29
29
29
13
29
26
29
29
29
25
30
29
29
29
29
29
29
29
29
23
11
15
11
15
11
15
11
22
29
29
29
29
25
11
30
13
23
11
15
11
15
11
12
11
22
29
25
11
13
11
15
23
11
15
11
15
11
15
11
15
29
11
15
11
15
11
15
11
15
26
29
29
11
15
11
15
11
15
11
18
19
39
29
21
28
29
33
30
11
24
11
29
14
11
30
11
18
14
15
19
22
24
29
11
27
21
11
26
31
11
22
29
29
23
11
15
11
15
11
15
11
15
29
29
29
29
29
29
29
29
29
29
29
29
29
29
