101
102
119
106
103
109
104
102
105
101
110
106
101
101
101
101
104
113
124
118
114
101
101
101
109
101
112
106
112
141
101
101
103
112
127
115
105
102
124
107
139
111
104
110
103
114
104
105
127
117
107
107
102
112
102
101
101
111
101
101
101
130
102
116
109
103
113
130
129
103
101
102
106
106
101
119
125
103
101
102
110
103
106
112
102
104
105
104
110
102
129
119
121
116
128
116
131
123
120
110
101
106
101
112
116
106
119
130
110
125
130
126
128
101
123
101
102
106
116
101
119
101
108
119
101
109
123
116
101
112
106
106
106
113
101
101
110
116
111
101
101
105
101
111
101
105
101
101
101
102
101
101
106
105
101
101
101
114
101
101
109
101
106
101
111
116
114
116
101
101
106
101
101
101
101
101
104
107
102
101
101
111
101
101
107
113
106
108
107
104
101
