39
44
14
25
21
21
14
16
21
16
14
19
38
28
13
15
11
26
29
30
15
11
19
18
17
13
21
11
51
25
29
46
15
50
29
13
23
29
36
11
30
11
42
26
44
11
36
26
43
39
33
29
36
35
11
23
19
29
13
40
35
23
35
37
43
15
26
47
19
16
13
36
33
36
53
30
33
38
17
36
14
16
33
30
31
44
33
23
28
37
30
18
16
14
36
11
14
20
11
11
11
14
11
12
14
11
11
13
11
11
11
11
11
11
11
11
11
13
11
11
19
11
15
11
11
13
13
11
13
11
11
11
11
18
13
13
11
11
12
11
11
16
11
25
35
27
18
11
17
26
18
17
14
22
34
11
24
40
38
12
34
15
37
47
17
16
35
37
36
12
33
50
43
29
13
25
31
21
20
41
23
27
32
13
22
24
28
36
15
20
19
13
19
13
19
14
18
16
16
46
13
37
19
24
11
18
33
20
11
25
11
29
11
20
11
19
11
11
12
22
21
15
11
25
11
13
12
21
14
11
11
15
18
18
11
19
11
20
42
12
11
25
15
21
11
49
18
24
11
30
11
17
11
14
12
11
16
11
12
13
11
16
15
11
13
11
19
12
20
13
11
13
11
20
14
11
13
22
11
38
11
49
19
11
25
40
23
15
36
11
17
12
11
18
11
11
24
13
11
18
35
20
16
52
28
33
29
43
23
17
13
35
44
52
11
32
13
19
17
45
11
34
30
13
36
43
19
37
29
25
27
23
29
40
11
28
11
28
19
18
26
11
32
23
39
54
37
34
36
43
36
29
33
13
33
16
11
28
25
46
34
33
36
23
26
11
20
38
33
23
33
32
29
30
36
33
11
32
43
27
17
11
37
25
17
13
21
18
11
26
11
23
11
11
29
11
34
27
11
24
40
23
13
36
19
20
32
24
19
28
20
37
18
18
11
41
11
11
11
17
11
40
18
36
18
13
22
30
11
36
23
15
20
15
23
43
23
17
12
41
17
17
18
12
22
19
18
24
39
46
15
11
30
51
16
35
24
23
29
27
15
27
12
37
12
13
13
36
14
15
13
20
30
30
22
11
17
15
16
11
15
20
17
27
21
24
14
26
30
33
11
24
11
36
37
36
13
43
26
29
47
15
11
65
33
15
18
18
26
11
26
33
30
18
11
27
28
35
26
43
11
45
12
34
40
16
44
49
51
23
67
22
29
11
39
45
11
30
36
36
13
32
17
29
19
19
11
24
22
14
32
11
23
12
23
11
17
16
11
11
11
12
41
15
27
32
23
11
11
21
11
21
34
11
12
24
12
11
11
11
13
14
13
19
14
18
11
11
14
15
13
18
18
16
23
16
13
15
22
11
21
11
11
16
16
18
11
12
17
13
11
13
20
