122
101
108
113
103
106
101
105
116
106
101
101
102
119
121
101
106
139
126
116
119
101
101
116
119
116
106
106
106
109
123
112
117
101
105
101
101
106
113
113
129
101
120
113
106
106
106
106
116
119
119
113
113
101
108
101
106
101
123
101
116
101
101
111
101
101
101
101
121
126
101
103
101
108
112
101
102
101
101
104
103
122
105
118
105
104
105
112
101
101
103
119
113
109
102
104
102
104
103
130
103
113
131
101
101
106
101
108
109
103
109
101
101
105
104
104
103
109
104
101
114
107
101
112
123
112
102
121
119
106
116
106
101
