104
110
116
120
113
109
109
129
129
127
103
116
102
140
105
101
101
101
120
102
101
106
120
101
101
116
126
109
103
101
110
106
101
106
113
113
101
115
101
126
126
112
101
101
105
109
103
143
119
116
107
101
101
120
106
126
109
121
101
108
125
103
109
126
124
119
135
116
113
106
111
115
101
110
101
101
101
133
126
116
113
106
101
101
117
109
103
101
138
103
127
116
101
101
124
105
103
106
108
109
103
108
129
106
121
115
106
106
121
106
101
133
130
101
101
115
112
114
101
122
101
101
101
101
114
116
121
103
119
106
106
114
107
101
101
101
101
110
101
111
117
109
101
101
103
101
101
101
106
101
101
101
116
101
101
103
104
101
110
101
108
103
102
107
114
101
112
111
101
101
107
112
106
108
110
117
101
112
101
108
101
101
121
105
101
101
108
106
105
