42
17
26
16
30
36
15
24
11
11
11
11
11
11
11
11
15
12
13
33
11
11
18
18
11
15
11
44
44
21
15
11
20
11
18
13
12
11
20
16
11
11
17
16
11
12
23
15
24
11
17
16
13
14
12
11
16
23
15
11
14
21
16
13
11
11
13
21
13
16
17
13
16
13
15
13
11
16
21
11
12
16
11
21
13
11
11
11
11
11
12
21
12
15
12
11
24
26
23
33
36
23
26
26
23
19
23
16
16
11
19
14
12
28
19
16
17
22
15
11
11
13
20
18
25
12
11
13
11
12
12
11
21
16
34
35
19
26
26
36
33
19
37
29
33
43
39
33
33
11
28
36
39
39
23
39
43
39
39
39
16
26
26
26
26
26
39
36
16
33
33
39
43
33
29
29
33
43
39
33
33
33
29
16
30
32
36
28
14
33
33
33
13
29
33
36
33
33
33
23
39
43
29
33
16
27
25
33
33
26
24
11
27
26
56
33
33
26
33
46
26
29
33
30
16
29
26
26
26
33
33
36
16
33
29
26
22
14
13
14
12
40
29
29
33
39
43
22
40
13
18
11
14
26
15
11
11
11
13
12
11
11
18
20
17
12
13
11
42
32
11
16
17
28
19
11
14
14
12
12
22
16
20
18
16
20
26
16
17
13
14
13
17
11
17
21
13
11
17
29
19
21
11
31
18
34
12
15
21
15
14
35
13
11
24
12
11
23
19
13
20
13
11
33
12
12
17
11
11
11
11
12
11
15
11
11
20
13
14
20
16
44
11
44
49
23
36
53
39
23
36
44
11
14
29
46
31
23
51
33
11
25
21
26
11
34
18
32
16
13
23
11
26
20
15
15
12
11
16
15
12
18
16
36
27
32
36
33
43
34
34
39
26
13
17
11
27
19
35
11
27
35
11
14
22
11
36
25
33
30
39
20
15
17
11
12
24
15
19
27
44
28
47
33
11
26
19
14
20
51
22
36
37
41
30
36
26
40
28
22
14
27
32
30
13
19
18
21
11
41
15
11
43
21
29
11
24
16
26
26
30
11
21
30
11
35
11
13
16
11
42
18
11
34
38
22
42
23
11
15
26
13
16
19
17
29
14
13
21
18
16
18
11
11
11
43
39
37
42
34
21
46
17
28
40
49
53
38
36
11
16
12
47
41
11
21
18
24
11
45
11
22
12
23
20
16
39
67
39
44
51
20
42
46
11
31
31
31
30
23
11
20
29
16
16
33
25
28
34
40
20
13
28
11
20
26
21
17
11
21
14
11
14
13
16
14
17
13
12
12
11
11
13
11
11
14
17
11
12
21
14
12
16
18
11
15
11
11
11
19
15
13
22
11
11
11
11
11
15
18
24
13
18
11
11
12
11
13
11
13
11
13
12
11
11
20
18
13
15
13
14
14
11
11
11
16
11
14
14
11
11
13
14
11
11
12
12
11
12
13
11
11
11
13
11
17
18
12
11
11
15
11
12
11
11
14
