11
24
43
29
23
19
11
28
20
16
16
11
11
17
18
27
26
26
26
26
26
26
20
11
18
19
11
17
13
11
35
14
11
14
11
13
11
19
16
12
14
11
17
14
11
11
11
13
16
12
21
11
20
11
21
11
13
11
13
12
14
11
11
14
12
19
11
12
16
12
20
15
11
12
11
25
12
12
11
15
13
11
21
12
12
12
19
11
13
12
21
12
21
35
14
14
35
50
17
16
12
12
14
11
11
48
18
53
71
30
25
36
25
34
39
40
33
33
33
39
11
46
11
12
12
11
15
18
11
35
11
11
11
20
22
19
46
29
41
38
39
33
23
22
21
18
19
20
17
11
17
12
11
16
11
33
27
67
44
44
12
12
14
54
11
63
26
46
30
32
36
28
14
14
45
34
34
14
11
16
11
18
42
22
11
43
11
12
34
15
32
11
22
33
11
11
13
11
30
47
15
44
16
36
35
11
40
16
36
30
27
15
11
27
50
48
36
26
17
18
16
13
23
14
38
43
14
18
31
11
42
19
12
14
26
49
39
35
52
20
12
11
22
11
40
40
34
20
12
14
11
14
12
12
15
26
11
13
29
21
19
11
24
27
35
23
15
11
18
18
38
37
24
34
27
21
16
13
15
17
16
29
36
44
27
21
24
26
22
45
18
12
11
22
35
30
11
39
19
19
11
38
11
19
38
28
14
11
11
43
11
33
29
12
15
11
40
23
11
45
23
32
39
42
31
11
19
11
12
11
33
49
39
39
49
53
41
15
43
36
36
30
36
36
33
26
29
16
33
16
16
32
33
33
33
23
31
29
29
33
33
29
33
39
35
31
33
39
43
22
11
40
23
14
19
13
11
11
18
31
17
11
37
20
23
11
35
11
24
11
30
31
19
24
12
14
18
29
13
43
29
35
20
18
28
39
36
40
19
13
37
32
18
11
40
22
19
16
14
14
42
26
19
27
11
34
11
28
20
12
48
31
35
16
13
17
20
17
11
34
11
33
18
16
20
22
38
27
15
46
41
14
26
21
27
32
42
28
48
17
11
13
31
12
24
23
43
29
19
18
24
36
11
15
29
19
14
36
25
14
35
11
25
19
13
48
35
22
24
24
35
12
39
38
28
19
38
28
44
23
43
29
13
36
12
38
38
28
34
22
43
23
38
29
35
19
16
29
23
37
35
23
36
19
26
16
19
23
36
46
12
39
41
26
37
19
11
15
11
30
11
11
13
11
18
11
18
11
29
20
26
19
31
29
32
23
11
28
42
24
28
36
30
36
11
11
19
19
28
39
34
23
36
11
19
26
12
33
13
28
37
56
11
18
20
28
37
11
28
28
18
11
11
27
11
37
35
11
38
19
36
20
29
29
27
19
29
30
27
29
29
24
29
29
29
33
17
11
11
13
29
11
15
26
20
29
33
11
15
11
15
11
18
11
15
33
29
29
29
21
11
14
11
12
13
29
16
40
29
25
11
22
19
20
19
19
19
19
19
19
19
13
14
19
19
19
11
17
17
20
19
19
19
11
17
19
19
18
11
19
19
11
36
29
14
14
20
19
19
19
13
15
11
14
11
11
11
11
11
13
16
11
11
12
11
15
11
11
11
11
11
11
11
11
11
11
11
11
11
11
11
11
11
12
11
13
15
12
13
11
11
11
11
11
13
12
11
24
27
24
24
14
14
17
26
11
27
11
25
14
11
12
11
15
11
28
11
11
16
14
11
26
11
22
17
11
28
11
11
12
14
21
11
25
11
23
11
22
11
11
11
24
11
16
29
28
11
28
19
19
19
19
14
18
11
18
28
38
29
27
29
29
29
29
28
29
27
29
29
27
29
28
27
29
19
19
19
19
19
11
17
19
28
28
18
29
19
19
19
19
19
20
20
19
19
19
19
29
29
28
20
19
18
19
19
19
28
28
29
27
20
13
18
11
14
11
13
19
11
18
13
17
11
11
12
11
11
11
11
15
12
15
11
16
11
21
27
19
19
29
29
19
20
29
13
29
15
11
26
11
22
11
12
16
11
15
11
15
19
11
15
11
15
23
11
13
11
14
11
18
11
15
11
15
11
15
11
15
11
15
11
23
11
14
11
15
11
15
11
15
11
15
11
15
11
15
11
15
11
17
11
16
11
15
11
15
11
15
11
15
11
15
11
15
24
11
14
11
12
36
11
11
