11
33
39
13
12
31
11
19
20
46
36
47
11
19
25
41
11
35
39
19
15
32
45
31
16
18
17
39
46
13
37
11
37
19
19
21
45
11
20
11
33
31
24
30
11
33
25
30
43
46
22
37
16
16
16
25
37
26
31
19
25
29
21
37
35
45
29
36
36
13
16
16
23
27
38
36
11
36
35
29
43
16
11
11
29
44
22
18
49
28
32
27
11
35
29
16
12
13
11
12
16
25
11
12
11
25
42
40
11
18
11
11
12
45
23
34
11
11
13
11
41
19
13
11
17
29
11
15
13
11
18
11
18
27
29
20
29
53
29
37
12
23
49
41
18
11
22
11
32
26
15
23
31
11
11
37
29
11
37
37
36
25
11
23
11
25
12
24
11
18
11
31
36
11
36
25
16
35
41
24
24
11
20
19
13
11
35
19
30
43
33
18
31
11
31
27
34
38
17
11
16
11
11
19
13
13
11
11
13
16
11
11
11
13
11
13
13
24
12
15
11
22
16
11
17
26
11
26
11
36
11
11
11
11
11
22
11
22
19
19
19
13
13
17
15
13
11
12
11
11
16
11
13
11
11
14
15
11
11
11
15
17
15
18
15
13
16
13
19
12
13
18
14
16
26
14
15
30
33
18
35
32
11
12
12
11
11
11
11
18
11
11
14
14
12
19
24
24
13
24
18
13
11
14
16
13
11
19
19
14
11
12
16
13
12
11
12
11
18
19
13
18
17
15
14
15
16
11
14
23
13
11
18
15
11
11
14
11
14
12
19
15
11
13
13
12
11
14
12
12
11
12
12
11
12
11
11
11
15
11
20
16
13
16
11
18
12
12
11
11
11
11
18
11
19
12
11
11
13
13
11
15
11
11
11
11
11
15
18
12
11
11
12
11
11
22
13
23
16
13
11
23
15
13
12
25
11
22
23
42
29
47
32
22
14
25
11
17
11
15
24
23
52
24
29
38
24
23
34
11
11
16
12
14
19
16
11
11
12
11
12
12
15
16
11
11
15
12
21
16
11
11
11
11
12
18
11
15
11
11
11
11
12
11
11
12
11
11
11
13
11
11
11
11
11
13
11
17
11
32
12
11
19
30
12
17
11
19
11
11
11
12
12
13
11
22
18
15
12
12
15
15
12
23
11
14
18
15
16
22
14
11
12
14
19
11
21
56
39
22
14
20
14
30
14
24
22
11
31
43
29
13
14
14
11
12
11
11
15
17
11
17
13
11
15
13
11
13
13
11
11
11
13
27
11
11
14
14
13
11
11
12
17
11
12
22
13
11
11
11
15
15
18
18
17
23
48
15
18
29
39
43
39
36
36
33
29
29
33
26
29
33
29
26
29
36
27
12
26
46
15
37
33
23
29
33
33
36
29
33
36
29
31
44
31
32
26
46
46
53
46
35
17
11
14
11
12
13
13
11
11
11
11
11
11
11
12
13
11
12
11
19
19
13
12
11
15
11
11
21
11
20
15
20
13
11
11
30
16
11
31
16
23
17
24
11
11
12
12
18
11
28
11
29
11
22
11
20
27
23
47
27
15
13
27
12
24
11
25
19
25
12
28
25
33
11
15
11
29
25
23
11
24
11
28
15
11
24
11
25
16
11
28
12
11
26
16
16
11
