125
109
106
140
129
101
117
102
108
103
118
114
114
102
123
104
126
110
122
109
106
101
104
102
101
101
117
102
110
104
101
101
101
101
111
112
105
115
105
104
107
115
101
101
107
104
101
104
101
101
103
101
102
101
101
101
101
101
102
101
105
102
104
121
103
112
101
101
101
101
102
102
103
101
103
133
101
102
102
103
104
104
101
112
119
107
103
101
104
102
106
104
106
113
109
111
140
101
117
106
105
102
111
103
108
101
112
103
101
112
103
101
107
107
101
103
106
113
105
116
111
103
103
101
101
104
104
102
102
101
101
105
102
105
104
106
102
110
107
101
101
101
101
105
102
102
101
101
101
101
101
101
101
101
102
103
101
109
101
101
106
104
122
101
101
102
106
104
101
104
107
101
101
105
101
101
106
101
101
104
101
103
108
103
102
115
109
101
110
106
105
101
101
106
119
104
101
