128
118
107
126
119
119
106
116
113
116
101
102
136
104
101
130
133
113
122
104
101
101
122
116
121
101
110
103
113
103
123
113
101
106
101
106
101
132
103
101
101
113
113
101
112
101
112
103
103
116
109
103
113
106
103
133
103
106
106
109
113
101
125
101
128
126
113
112
101
101
106
113
109
105
101
106
113
104
118
101
101
106
101
111
109
124
101
123
101
102
101
112
110
112
101
104
116
103
101
106
117
133
111
101
122
121
101
116
101
103
101
137
101
110
131
104
103
108
102
103
101
102
103
102
102
101
101
101
104
101
103
106
116
101
102
101
118
106
105
102
103
107
109
119
103
106
116
109
101
101
113
105
121
109
109
109
113
103
103
101
101
106
114
101
101
101
101
116
107
104
110
101
107
107
122
101
117
101
103
103
116
106
101
101
101
101
101
101
101
102
101
