107
107
115
101
103
109
101
101
105
101
101
101
103
101
105
111
104
101
107
102
102
114
103
106
101
101
122
116
107
102
105
104
120
102
106
103
101
109
108
101
108
101
113
101
101
106
101
101
102
102
101
103
101
121
101
106
114
102
105
101
102
101
101
120
101
106
111
119
101
139
112
101
101
101
113
101
110
103
113
101
128
110
109
103
107
121
102
103
107
124
107
116
101
118
118
114
122
102
108
101
101
101
113
101
101
101
103
110
101
104
101
103
102
127
133
105
126
114
101
103
101
101
103
101
101
106
106
101
101
113
113
101
101
119
106
116
101
118
103
109
105
107
103
118
101
101
106
101
105
105
105
101
101
101
108
102
110
101
101
105
101
102
101
101
101
101
109
101
107
113
116
116
119
101
101
114
112
101
102
104
107
101
117
104
101
101
102
101
101
101
101
101
101
102
104
102
