115
119
101
101
107
111
105
101
101
112
106
104
101
105
104
104
103
151
101
127
113
136
136
126
119
113
101
120
133
106
109
119
106
130
104
114
104
105
120
108
109
103
101
101
112
119
116
123
101
133
113
101
101
108
123
109
106
109
101
116
121
105
131
113
103
129
119
112
106
102
103
126
103
108
106
101
113
105
107
102
125
116
104
101
103
105
112
103
119
113
110
112
117
123
111
103
105
134
101
130
101
121
109
101
132
111
101
101
121
116
109
104
104
104
102
118
116
101
118
102
101
101
103
101
101
116
101
104
101
105
109
101
104
101
105
101
101
109
103
101
115
106
101
101
107
101
105
109
101
102
101
108
110
101
101
101
103
103
106
103
106
107
112
101
101
103
101
101
101
105
101
101
101
101
101
114
104
103
111
108
101
103
102
103
109
101
101
106
106
109
101
120
