11
34
36
53
13
26
29
26
35
20
23
16
16
19
23
33
36
29
29
11
32
33
39
33
33
33
33
33
33
39
46
43
39
39
33
33
26
11
38
39
33
36
35
34
36
33
39
39
43
33
30
39
43
36
36
11
28
53
46
46
46
39
39
40
39
36
39
39
33
26
26
26
11
32
33
27
30
35
26
36
39
39
39
39
39
36
39
39
16
23
33
33
36
33
43
39
33
30
33
39
39
33
33
30
36
46
40
13
39
39
33
11
28
33
31
42
39
33
33
23
26
36
33
33
27
18
33
27
32
33
33
33
39
43
39
16
27
38
39
36
33
33
27
38
11
35
39
39
39
33
33
33
39
39
33
33
33
33
39
39
33
33
36
39
39
33
33
33
33
39
39
39
39
16
39
23
39
39
33
33
33
33
39
36
33
33
33
33
33
33
39
36
33
24
32
39
11
38
33
33
33
33
39
36
39
33
33
33
33
33
28
31
33
33
33
11
28
33
33
11
28
22
34
32
14
33
27
15
36
33
26
36
23
33
33
33
29
31
32
33
27
19
35
33
33
23
23
12
25
11
26
14
11
28
40
14
14
19
11
29
28
24
30
13
13
12
14
14
18
11
22
38
13
11
11
15
21
14
11
12
12
17
14
11
28
11
25
24
31
11
11
27
16
19
16
33
20
15
17
11
11
19
29
11
33
11
15
12
14
16
24
35
16
19
11
12
13
21
14
14
13
11
11
13
44
11
37
13
42
23
33
23
29
32
11
22
34
25
46
36
33
16
29
44
18
46
33
36
36
39
43
13
23
35
35
41
47
15
26
27
11
21
20
19
11
32
26
13
13
39
18
22
16
12
28
28
14
11
11
11
11
25
11
25
17
12
11
23
22
14
36
23
30
45
39
19
11
23
14
20
12
41
15
23
18
16
34
37
32
11
30
32
11
24
35
17
15
18
15
42
43
29
43
11
34
11
16
17
11
30
28
14
24
14
11
26
16
11
27
51
36
11
42
36
12
29
22
18
27
11
15
22
13
15
26
14
50
23
11
20
11
14
14
12
23
22
14
30
12
13
19
35
31
39
39
43
36
36
33
33
33
11
28
33
22
33
14
16
28
27
29
30
29
25
15
17
11
28
28
26
22
11
24
27
22
20
26
19
33
29
33
23
26
29
29
31
22
19
33
11
18
11
28
30
12
22
15
25
16
11
42
26
