123
101
112
107
101
101
103
130
101
101
101
101
101
105
103
108
101
101
121
116
101
105
101
102
101
108
136
116
123
113
116
106
129
113
116
101
114
113
108
105
133
101
101
105
101
104
119
103
123
106
126
129
113
101
115
101
113
123
109
101
101
114
101
110
123
119
123
101
135
126
101
116
106
101
105
109
101
106
133
119
116
103
109
103
101
102
109
101
102
103
101
104
101
102
103
101
102
101
102
101
142
101
101
101
109
105
103
106
107
105
110
124
133
101
125
133
106
112
113
113
116
101
105
101
106
101
115
112
101
126
107
107
101
101
101
101
101
101
102
101
101
107
101
101
101
101
101
101
101
102
102
121
105
105
101
106
104
101
101
101
101
101
101
104
101
101
101
101
101
103
103
114
101
101
101
117
108
112
101
102
106
101
101
103
101
101
103
101
101
103
119
119
119
