11
11
36
27
28
16
21
32
22
26
11
16
19
11
12
15
11
11
11
13
11
11
11
13
11
11
11
11
11
12
11
11
16
15
14
20
16
12
15
15
16
31
14
11
11
11
13
19
11
12
16
17
12
11
19
11
15
17
11
16
17
19
11
13
17
16
16
12
17
17
11
17
11
11
20
21
11
14
14
11
23
11
11
22
13
17
35
11
13
11
11
17
11
13
15
11
11
12
16
13
11
15
12
15
31
12
48
23
11
11
11
11
21
44
57
50
45
35
40
13
33
39
39
39
33
33
27
32
43
33
19
36
46
27
32
33
33
33
23
31
31
36
39
36
23
36
37
22
39
39
39
11
38
43
39
16
33
33
23
33
43
33
16
26
36
39
29
33
11
32
31
46
53
22
17
11
17
14
12
54
11
26
27
13
13
34
35
11
18
30
11
27
16
14
13
28
11
51
28
11
35
17
15
19
41
29
18
11
29
31
18
13
33
37
25
43
23
23
11
22
11
37
19
13
30
46
23
13
11
25
21
35
22
36
12
38
11
13
47
14
31
19
16
14
29
36
47
11
38
21
23
22
11
11
22
12
17
24
37
34
13
11
25
11
38
11
24
26
35
11
15
11
34
24
38
11
33
32
15
17
26
11
21
11
36
11
31
32
17
16
21
36
33
15
23
23
38
11
20
15
11
33
27
34
47
35
26
16
44
23
46
21
27
36
13
15
16
11
32
31
11
53
28
48
23
19
47
28
38
11
46
16
11
33
14
37
11
41
12
13
13
11
11
17
11
18
15
21
13
11
15
11
18
12
19
42
51
11
31
11
13
21
12
11
13
18
14
11
36
22
36
11
26
11
12
17
13
37
11
32
20
21
19
12
11
11
28
23
11
21
16
11
32
15
16
27
27
17
12
11
32
14
11
24
32
11
31
29
19
25
17
16
30
25
11
11
11
14
26
24
11
14
17
35
17
17
11
46
27
20
35
29
46
43
16
43
43
34
42
43
46
23
36
38
35
39
36
36
37
35
44
19
32
11
27
33
15
24
11
26
34
31
11
23
16
19
11
39
13
20
21
22
16
16
34
44
13
36
50
36
39
13
41
11
42
27
11
18
39
24
19
37
12
41
11
43
12
23
16
15
21
11
11
11
20
23
33
42
21
19
28
41
15
11
42
21
11
11
11
11
26
36
35
23
46
11
40
29
43
43
43
25
40
12
12
12
19
36
11
11
11
23
11
31
14
11
26
11
11
12
26
14
14
11
15
15
11
11
13
11
11
26
36
33
39
39
36
39
28
32
33
33
27
25
33
33
16
19
43
33
22
37
29
30
17
11
28
29
26
17
11
34
11
23
11
27
16
13
16
23
11
25
36
21
28
29
29
23
13
11
28
33
23
17
12
13
33
11
28
13
11
26
42
25
21
29
13
29
14
28
33
11
22
20
23
19
11
11
24
11
22
11
11
14
11
15
16
11
22
11
15
26
11
11
11
16
11
15
23
11
11
11
16
11
15
23
11
11
11
16
11
15
11
15
11
15
11
15
11
15
11
18
19
11
18
11
11
11
16
19
11
18
11
11
11
19
11
22
23
11
18
11
12
29
29
29
11
28
29
30
11
28
11
19
29
20
29
29
33
11
25
29
11
25
11
28
11
11
23
11
26
11
15
11
22
11
25
11
18
11
22
11
25
11
22
11
18
11
25
11
22
11
18
11
18
15
11
23
11
11
11
17
15
27
16
20
12
13
14
13
19
11
22
11
11
11
11
11
11
11
13
11
11
11
12
13
11
11
11
17
11
11
21
11
11
13
17
18
11
11
11
13
15
17
11
11
11
13
11
11
11
11
13
11
11
12
16
12
11
14
11
26
27
11
13
11
11
11
12
11
12
11
15
12
11
12
12
13
15
18
11
18
11
11
15
14
14
11
11
11
12
11
11
11
11
11
11
11
11
11
11
11
11
11
11
13
11
12
11
11
11
11
11
11
11
11
13
11
11
11
11
11
11
11
11
11
11
12
11
11
11
11
11
11
11
12
11
11
11
11
19
29
11
12
23
16
11
13
11
11
11
11
11
11
11
11
11
11
11
11
11
11
11
11
11
11
11
11
11
11
11
11
11
11
11
12
11
11
11
11
11
12
11
12
12
16
11
15
11
11
11
16
22
26
32
11
22
12
11
11
11
18
11
28
11
11
11
11
30
47
22
17
16
14
14
22
11
13
26
27
14
11
14
18
14
11
11
11
11
12
39
11
15
29
29
14
28
29
11
25
12
12
22
11
15
11
28
13
16
29
19
28
14
11
15
11
22
29
29
27
18
29
29
24
22
29
29
29
19
11
27
11
11
11
24
16
29
11
15
19
34
