119
105
105
101
103
104
105
103
102
101
104
101
103
101
102
101
110
133
101
118
137
122
103
102
113
106
101
101
101
101
103
143
112
104
108
106
102
107
118
101
101
101
108
110
101
104
102
104
122
101
103
101
103
101
104
107
114
101
105
101
128
101
101
107
101
107
124
122
101
120
124
125
112
101
108
106
103
123
103
107
106
101
111
109
113
101
101
107
105
124
113
101
110
120
131
110
108
101
119
103
106
126
128
101
105
102
104
103
101
101
104
106
101
105
101
101
104
101
101
110
119
107
103
101
101
104
104
107
101
101
101
114
103
101
104
