104
119
119
122
133
106
133
116
113
109
101
102
106
109
111
106
140
126
101
101
116
101
108
119
116
119
103
116
103
113
113
119
101
132
103
116
106
101
113
101
110
106
119
106
106
106
106
103
113
101
112
116
123
126
109
101
110
103
116
119
116
101
101
126
101
101
106
119
101
120
103
121
110
101
107
102
102
105
118
102
102
101
107
112
101
120
128
103
101
118
118
117
101
101
102
114
110
112
111
103
101
101
106
116
101
126
109
105
126
125
133
101
106
109
103
103
104
101
101
101
101
107
102
103
101
101
101
102
101
101
117
110
101
118
103
101
106
113
113
101
106
106
101
101
106
106
107
103
109
111
101
104
101
106
108
101
101
101
104
101
118
101
101
110
115
101
116
119
119
109
116
106
111
101
103
109
109
109
109
109
101
102
103
101
109
103
103
101
101
107
109
