11
15
23
11
15
11
12
13
40
11
21
23
13
49
43
29
26
26
26
26
26
26
31
29
33
33
36
26
23
26
11
32
28
42
34
15
12
41
11
43
23
46
17
30
47
36
49
30
29
21
43
21
19
14
17
22
11
11
28
21
18
15
12
20
15
23
12
20
15
20
15
21
14
21
16
20
12
19
23
52
27
33
44
16
27
12
20
20
23
18
12
18
17
15
11
23
17
15
14
13
11
24
12
17
13
33
26
33
39
33
33
27
26
32
26
26
36
39
39
57
39
33
39
39
39
49
36
36
18
19
36
17
27
42
11
11
17
11
14
13
11
37
32
12
28
34
47
14
38
22
30
23
29
35
21
11
11
11
26
36
17
24
36
39
29
36
31
15
16
37
11
26
15
12
11
19
17
12
13
11
12
16
11
11
16
14
19
11
11
18
13
12
26
20
11
16
11
13
11
16
15
11
17
31
39
33
21
38
49
25
36
11
32
15
15
56
26
26
29
26
29
33
33
29
29
34
28
26
16
29
29
29
39
43
35
11
23
36
29
33
36
28
17
31
15
33
13
26
39
25
49
11
27
33
29
33
33
36
33
33
33
11
25
29
26
33
39
53
39
33
11
25
36
30
32
33
11
38
33
26
11
32
29
40
36
33
26
23
36
16
33
36
13
23
30
29
26
39
16
39
47
33
39
33
33
26
23
33
29
19
32
19
31
26
29
11
28
24
32
24
11
27
33
16
33
39
33
33
26
21
26
35
23
11
28
36
36
39
36
23
29
33
29
26
33
26
36
26
29
29
26
26
26
26
26
26
26
29
26
33
23
25
13
11
11
11
13
11
11
11
11
11
11
12
11
15
12
11
11
11
11
11
12
12
13
11
11
16
11
13
13
18
19
12
12
11
18
11
12
49
40
26
32
13
12
70
39
23
39
36
43
16
19
38
15
37
15
12
19
19
19
11
25
19
12
38
11
28
29
39
37
16
14
28
19
44
22
23
35
34
22
19
28
38
24
33
43
19
35
34
23
49
39
11
22
35
15
11
46
28
46
22
25
11
34
16
42
19
14
14
23
14
21
35
16
20
33
21
14
16
15
11
45
11
42
19
35
11
46
43
43
11
38
23
11
18
11
31
14
11
18
20
19
17
17
25
27
27
16
23
11
26
13
19
21
12
12
11
11
21
11
13
11
13
12
11
11
12
11
11
11
16
11
16
12
11
11
22
11
11
11
18
11
11
21
23
14
11
11
21
18
12
11
11
16
14
15
14
18
11
11
13
11
11
11
11
14
13
13
15
12
16
14
13
12
25
11
12
12
16
13
23
16
15
12
16
22
28
11
19
11
20
15
11
12
11
15
14
29
11
17
11
11
12
11
11
11
17
19
16
11
35
11
15
11
25
30
19
19
29
11
28
13
29
29
26
