11
25
13
22
27
29
23
29
18
21
49
33
16
26
26
26
26
26
29
36
11
28
33
33
16
31
29
23
17
11
11
17
27
33
11
26
33
16
19
11
16
14
11
11
11
22
13
11
14
12
15
13
12
14
19
15
12
14
15
11
13
12
15
21
15
14
11
13
13
15
17
13
14
11
23
15
14
14
11
13
14
26
16
21
11
40
30
27
30
30
11
26
11
14
39
19
11
25
15
20
17
32
11
26
12
44
23
12
11
11
11
15
11
22
11
14
11
11
11
15
11
12
13
14
17
23
19
35
11
11
15
14
18
16
15
11
19
48
23
25
12
13
14
16
14
11
32
23
29
27
14
30
11
19
13
15
30
16
56
33
31
51
62
38
46
23
24
13
15
14
11
11
11
20
23
13
19
14
11
29
14
11
13
17
11
30
46
13
11
17
31
34
19
29
11
13
13
12
16
22
18
15
13
24
15
11
41
17
16
26
24
12
13
11
17
11
12
18
15
12
17
11
16
14
11
14
22
19
14
27
11
13
13
22
14
19
13
12
11
12
14
11
11
18
13
16
23
11
11
11
12
11
13
14
15
21
16
17
14
18
16
11
11
12
14
14
12
11
11
11
12
18
16
12
18
19
12
11
14
11
16
12
13
11
17
15
11
20
27
13
11
23
12
12
12
11
13
12
16
13
14
12
12
15
11
13
13
13
16
12
11
11
11
20
11
28
11
13
11
15
17
11
13
12
11
24
11
18
18
14
26
43
12
22
11
32
27
22
21
13
14
13
13
18
11
14
11
27
22
29
11
20
12
12
11
25
16
16
12
18
13
13
11
18
20
31
27
11
13
11
24
11
28
26
11
12
11
11
35
11
27
27
13
11
18
15
25
11
19
30
11
13
13
15
11
12
16
13
12
15
12
13
13
19
27
13
15
11
11
14
44
19
32
13
11
13
12
14
13
12
16
12
11
16
20
12
11
14
11
16
11
14
12
15
15
20
14
14
29
19
23
11
15
11
11
11
70
28
38
11
18
11
14
13
11
13
20
11
17
15
23
14
16
11
11
13
16
13
12
12
12
12
13
11
11
13
11
11
12
13
11
20
13
21
11
17
11
14
13
12
15
11
19
11
17
12
14
18
12
19
18
12
38
29
32
30
14
49
43
22
12
11
26
21
11
17
17
14
18
13
11
11
36
35
20
15
12
23
25
15
13
15
11
18
20
18
16
19
11
30
14
28
29
12
11
26
36
36
37
36
43
41
18
30
39
11
46
48
29
36
39
23
18
32
33
30
45
17
21
34
43
37
20
11
11
14
17
16
15
13
11
16
11
11
13
11
36
11
11
34
16
29
11
25
11
11
13
11
16
11
11
23
14
12
17
11
11
21
13
11
31
20
15
14
17
11
27
11
12
16
20
29
19
15
15
11
28
11
11
12
12
12
11
12
14
23
13
11
14
11
18
12
20
11
12
19
14
18
11
17
26
11
14
15
11
11
14
14
11
11
15
11
12
18
14
11
11
11
11
11
22
13
17
11
14
11
18
12
12
12
11
14
11
18
17
11
11
27
11
12
20
14
12
20
18
15
21
22
11
34
21
14
12
24
11
11
18
11
21
17
15
15
11
11
34
11
15
11
12
11
11
11
12
11
13
11
11
16
11
12
11
14
14
11
11
11
26
12
11
17
11
16
18
17
14
11
21
21
16
19
15
14
25
14
12
15
15
21
11
18
12
23
13
13
11
11
12
13
19
11
18
11
11
15
11
17
14
22
11
11
16
14
11
11
13
13
12
11
12
15
11
13
11
12
11
13
13
12
12
16
15
16
11
12
19
11
22
11
12
11
16
15
22
11
29
11
17
11
23
11
11
21
11
15
13
14
16
11
17
13
