12
21
13
28
56
36
49
50
52
33
19
26
53
28
21
52
43
11
20
21
11
21
13
29
19
26
16
11
12
11
11
33
24
19
19
11
12
14
12
38
24
23
46
11
11
24
11
15
24
35
19
11
28
35
12
24
19
19
12
34
19
19
12
24
23
31
11
15
35
11
18
11
11
19
38
46
12
24
19
22
38
39
38
24
23
39
29
24
33
38
19
34
19
12
28
28
38
38
30
38
24
29
22
43
23
38
34
19
11
27
11
35
19
11
11
39
29
42
29
23
36
19
11
22
23
19
12
24
23
38
39
29
36
22
24
11
23
28
43
11
18
19
11
29
28
38
35
23
38
25
20
19
11
11
14
29
23
32
29
24
23
34
34
19
19
11
34
22
38
25
22
38
25
11
11
38
35
22
19
28
19
29
22
47
12
24
23
28
39
38
36
13
39
20
27
46
11
28
35
16
24
38
38
35
19
13
36
11
28
38
24
19
19
19
11
11
24
29
19
11
24
18
30
12
11
23
19
12
39
24
23
37
19
29
36
16
34
35
16
24
15
12
38
29
43
29
22
38
32
32
11
28
11
15
22
38
28
36
12
44
18
23
29
38
38
14
24
35
11
15
24
29
30
36
11
35
11
28
19
11
25
19
12
34
23
36
11
25
13
30
42
11
18
12
39
38
29
36
11
19
35
11
11
24
19
13
36
12
39
25
19
12
38
28
36
11
19
28
36
11
35
12
39
11
19
39
25
14
35
11
28
36
11
38
12
33
12
24
29
16
34
35
19
11
25
13
38
19
28
39
34
23
36
12
27
33
23
22
24
29
38
29
19
42
24
35
14
35
11
15
13
26
11
18
19
11
42
44
38
38
29
35
12
24
23
28
38
22
35
38
29
43
29
42
38
29
38
19
35
24
35
19
16
29
24
38
37
19
29
28
29
28
34
23
38
38
30
36
11
18
11
11
34
23
36
11
45
23
23
24
38
38
35
19
41
29
29
36
11
20
28
38
17
11
25
19
19
12
37
29
48
35
23
48
28
26
19
12
34
23
36
11
25
19
19
11
19
38
24
29
19
19
12
43
29
32
29
34
19
12
19
38
38
29
35
19
12
29
35
12
28
35
14
31
20
11
35
29
12
43
13
36
12
38
11
17
11
27
27
29
20
16
40
28
28
39
20
26
14
35
11
11
37
38
19
28
38
28
36
11
29
29
39
34
23
38
39
19
28
38
28
37
25
11
11
31
42
11
28
