132
136
106
108
117
103
101
111
108
101
126
108
111
101
101
136
117
102
116
126
128
107
120
116
106
133
109
113
101
112
106
119
101
101
113
112
121
109
125
105
119
128
127
106
105
112
110
102
116
101
101
101
117
104
110
123
101
125
101
104
101
119
106
103
110
103
119
103
116
109
104
107
101
114
126
112
106
107
102
101
102
101
102
116
103
121
101
113
103
115
106
114
129
115
115
107
122
116
109
105
124
101
126
113
101
115
113
123
101
122
128
101
101
102
133
101
101
105
114
110
124
105
102
101
115
117
