13
23
23
23
56
29
26
26
18
11
11
11
11
14
16
28
11
11
16
38
37
11
18
17
11
14
27
11
13
26
11
12
18
15
17
16
27
34
19
18
11
11
28
12
38
28
28
11
34
11
15
29
23
38
21
36
48
28
43
23
42
24
28
37
25
13
43
29
12
38
25
12
39
49
45
12
36
27
23
38
28
39
37
42
36
38
29
38
43
29
16
24
28
28
38
29
29
42
33
36
11
19
38
24
29
22
39
44
19
12
38
25
13
38
24
33
26
12
39
19
11
41
34
35
13
37
25
19
23
38
35
23
36
11
11
24
19
12
33
20
19
11
24
24
38
23
23
26
42
19
28
39
38
24
19
14
17
20
37
36
11
11
28
36
11
19
38
34
23
29
34
23
38
24
23
24
35
19
12
43
24
28
36
11
15
14
27
11
36
12
20
29
47
33
29
13
38
35
19
16
29
13
36
13
43
29
19
16
24
28
39
38
35
19
11
28
19
31
26
35
12
39
28
33
28
19
19
13
42
29
23
36
19
29
33
29
19
11
24
23
43
23
36
11
20
48
42
29
29
11
11
38
38
34
29
19
12
38
19
35
12
34
24
29
29
43
14
11
27
28
34
19
12
38
25
19
12
34
29
11
11
27
11
25
19
12
38
19
29
36
11
19
28
33
24
29
36
12
32
31
23
36
11
15
19
19
12
34
17
34
38
19
36
11
13
24
12
34
23
39
38
28
43
29
16
25
29
28
43
29
22
38
25
19
12
37
36
11
11
17
11
15
23
34
11
31
11
18
11
11
20
16
19
19
11
12
27
38
38
35
14
28
38
25
11
40
44
23
28
24
33
38
24
29
22
38
35
19
11
38
19
38
25
13
26
16
23
11
28
33
19
23
36
16
24
35
24
35
22
19
34
23
42
24
35
11
35
23
38
19
35
11
20
24
13
36
13
39
38
25
19
13
43
19
26
39
19
23
43
29
22
38
30
35
11
12
38
25
29
12
43
14
28
19
38
28
36
11
15
33
42
29
23
19
36
11
11
18
28
38
18
35
12
44
19
19
11
29
29
36
11
11
28
48
28
35
16
34
35
12
24
29
23
43
29
19
19
11
29
38
20
39
36
23
11
32
33
11
21
14
16
26
13
12
11
26
11
14
11
32
21
25
11
20
18
12
17
11
34
12
33
19
11
38
15
23
34
23
38
24
29
19
12
34
19
19
12
33
30
19
19
11
11
17
11
25
13
38
19
28
33
23
22
11
14
11
12
33
38
38
28
17
13
26
26
26
20
49
12
33
12
28
34
13
26
13
29
36
29
33
29
29
16
13
24
