102
114
106
102
118
101
101
114
101
119
116
109
123
120
106
106
103
119
101
101
109
118
114
101
101
102
122
124
123
115
101
105
101
116
101
111
103
119
116
101
108
108
104
104
109
109
104
101
101
101
102
101
103
105
106
103
108
101
101
102
101
106
102
101
103
109
101
120
101
101
103
101
103
101
102
101
108
103
108
105
101
108
101
135
122
106
104
124
112
105
112
101
101
108
108
109
105
138
101
113
113
101
101
103
102
134
101
120
101
107
102
108
110
129
104
101
107
112
109
114
124
103
112
106
101
103
101
121
110
110
102
106
