11
13
28
11
17
41
14
15
14
31
11
17
19
40
14
11
20
11
32
16
19
19
15
34
37
16
19
22
13
28
11
11
15
17
22
11
14
11
11
13
31
16
18
11
20
11
11
11
13
13
11
12
11
14
11
11
14
11
11
15
11
11
11
12
11
11
12
11
12
21
12
12
11
12
15
11
12
11
11
11
22
11
19
20
11
12
20
11
13
12
11
11
15
15
11
11
27
22
11
16
20
26
12
11
37
11
29
19
39
46
46
46
51
25
61
33
36
23
33
43
33
55
33
16
13
13
15
44
32
34
35
16
33
38
24
23
34
13
24
11
13
47
11
11
11
12
19
25
14
15
32
23
13
24
49
14
30
49
60
28
14
11
11
16
29
73
20
11
19
12
11
23
11
13
11
11
15
12
11
11
11
11
11
11
11
11
16
16
11
11
11
11
11
15
13
13
19
11
13
11
12
16
11
11
12
11
13
13
19
13
11
16
13
11
17
44
32
33
11
21
17
11
13
13
11
24
12
13
11
16
11
11
12
14
16
12
12
14
17
22
17
12
11
12
11
14
11
20
12
11
15
12
17
11
12
19
17
11
14
27
14
12
18
11
11
14
11
11
13
11
14
11
19
11
14
16
18
14
15
14
11
12
11
18
29
17
16
20
17
11
17
20
44
32
12
32
14
13
11
29
11
13
14
12
15
13
11
11
11
11
16
13
11
13
12
13
16
11
15
15
13
14
17
14
16
11
23
24
27
49
13
23
23
22
27
16
19
16
12
11
11
30
11
12
12
11
44
33
39
34
11
42
31
26
43
26
41
18
16
11
23
11
29
11
28
11
34
12
39
20
17
39
33
11
32
26
11
42
11
40
11
11
11
33
19
11
15
11
29
13
13
17
17
11
40
23
43
46
34
15
35
37
36
39
23
23
26
39
30
25
47
25
34
33
36
36
33
33
36
36
36
16
33
32
37
33
33
39
34
29
31
14
20
11
11
27
14
15
11
17
28
17
11
11
31
15
11
28
19
51
12
28
39
33
32
17
15
15
21
11
28
28
16
39
18
22
26
15
20
20
12
36
39
38
11
35
11
23
20
23
34
11
18
18
23
14
11
24
15
38
22
13
25
27
20
11
35
25
11
15
30
49
19
23
50
16
18
25
24
15
12
12
17
12
23
20
11
11
12
16
16
15
24
18
26
23
27
51
53
42
11
20
32
11
26
35
37
49
41
22
11
12
19
11
16
21
11
16
21
16
13
14
20
15
21
13
11
21
11
11
11
13
11
11
11
12
11
12
11
14
17
30
13
19
11
21
15
11
11
11
15
11
22
12
12
11
11
14
11
16
13
16
11
11
11
20
11
11
14
11
18
11
11
12
11
11
12
12
14
11
14
19
22
11
23
18
11
13
11
15
11
16
11
14
11
22
14
16
12
12
11
26
13
11
31
14
14
11
13
15
16
17
11
18
13
30
11
13
11
11
13
26
11
14
15
11
14
11
11
11
18
11
17
16
33
14
25
19
11
19
12
21
12
11
12
13
12
12
13
14
12
11
20
11
25
11
11
13
21
18
13
16
21
11
12
14
20
14
11
11
11
12
13
11
11
13
28
12
12
16
23
22
11
11
18
11
12
14
11
12
11
13
17
27
16
12
11
13
11
15
11
11
16
11
19
11
11
11
24
19
28
36
11
11
17
11
21
30
11
11
22
11
22
11
11
15
29
11
12
16
16
12
11
16
13
