104
124
119
113
103
106
106
119
116
101
113
106
109
116
126
101
140
119
123
103
107
105
103
113
113
101
113
133
103
104
111
114
111
105
101
121
109
120
103
115
103
105
101
106
104
103
106
108
101
101
104
118
106
114
101
101
104
103
111
103
102
103
107
105
101
102
101
102
117
101
101
101
101
101
101
102
102
102
113
104
121
116
139
113
106
116
101
101
115
101
102
119
101
112
106
109
111
105
107
103
106
119
113
119
101
106
121
101
113
113
101
120
129
120
113
116
119
113
126
118
113
101
101
101
116
125
137
109
103
101
101
104
101
101
