22
30
31
16
11
33
50
23
29
63
29
26
26
26
26
26
24
17
17
15
29
14
11
13
21
20
11
17
13
14
11
11
20
11
17
11
17
12
11
12
11
15
11
14
12
11
13
11
12
14
11
11
12
15
11
13
14
13
12
17
16
11
18
12
15
12
11
19
11
24
14
11
17
24
18
17
15
15
14
13
14
11
11
12
23
11
11
11
11
11
15
12
28
50
27
12
19
11
12
27
15
26
60
41
26
56
23
36
29
16
33
39
33
33
33
33
11
38
33
56
39
61
16
11
31
15
48
32
23
11
12
27
13
54
33
39
46
39
39
34
15
39
23
40
36
33
33
26
33
19
26
49
29
11
35
29
33
36
23
43
53
16
34
11
13
16
11
16
18
11
51
39
11
32
15
11
11
11
16
12
12
13
35
31
12
11
35
36
12
38
35
13
11
35
14
19
33
13
34
36
17
33
14
21
11
19
11
30
16
36
11
26
18
28
29
37
24
17
11
29
40
13
11
13
36
19
19
20
11
39
23
11
31
24
29
13
11
34
24
40
41
23
12
11
30
19
11
25
16
14
27
33
31
11
25
35
52
18
11
11
30
18
17
35
16
11
25
11
11
21
25
12
38
13
26
29
25
34
13
11
22
18
28
22
11
21
38
36
30
36
32
17
21
11
33
39
35
44
11
42
11
38
11
38
11
32
29
27
11
19
11
26
21
48
23
40
30
17
41
41
20
20
20
11
25
28
38
36
11
46
16
29
19
13
36
33
26
14
15
16
19
41
11
32
21
29
33
29
19
24
22
23
13
29
66
12
29
33
11
38
11
31
13
11
38
18
11
28
11
24
42
20
16
44
11
27
11
21
47
13
16
20
11
20
11
36
33
50
11
28
27
27
38
45
15
40
25
47
49
16
33
12
43
11
42
16
23
26
23
11
25
11
39
11
28
50
38
34
11
19
39
20
22
50
37
35
15
24
51
11
12
28
46
19
26
39
47
16
11
24
11
11
13
12
20
24
18
36
18
19
11
11
11
40
11
21
40
11
25
21
14
20
14
11
15
21
12
28
29
11
15
13
16
25
12
11
11
18
13
11
11
12
11
11
16
16
29
14
11
33
31
12
22
11
24
31
11
22
11
35
13
19
14
12
12
12
13
11
11
12
14
11
13
12
13
11
15
16
15
11
11
35
61
23
58
17
35
23
13
11
27
14
11
12
20
15
13
11
13
12
13
11
19
15
14
16
14
13
11
17
28
12
15
16
21
11
21
11
11
21
12
11
24
11
11
36
11
22
19
16
11
28
34
22
36
