101
119
106
106
101
117
101
123
101
101
103
101
112
119
108
118
101
123
101
133
106
106
118
105
128
127
103
106
106
101
111
126
106
117
101
121
103
101
106
117
103
101
129
103
110
101
102
111
112
102
101
101
107
102
104
119
118
101
106
102
101
103
108
101
101
105
107
106
126
113
121
105
107
102
109
119
102
122
123
130
111
121
109
101
101
121
101
101
124
105
119
103
101
102
102
105
109
125
103
107
116
113
123
129
114
105
101
101
101
104
119
139
109
114
121
101
109
110
116
101
101
101
101
105
103
103
108
110
119
101
101
111
101
101
101
101
101
101
102
109
101
101
101
120
109
109
101
101
111
101
101
101
105
101
101
101
101
111
103
102
101
102
101
101
103
101
101
101
101
101
101
101
101
107
101
102
113
106
109
109
103
105
101
102
101
101
102
101
101
101
101
101
101
