112
106
110
101
103
106
116
102
101
122
108
121
101
105
102
123
106
126
109
117
105
127
101
115
119
116
106
119
106
123
101
127
113
133
104
103
101
105
108
104
101
111
106
106
105
103
107
101
101
124
102
106
102
101
137
108
113
136
115
108
102
137
101
128
104
101
103
141
101
102
107
109
137
101
112
104
104
104
101
102
106
102
125
101
104
131
101
104
114
101
132
108
101
113
115
137
102
105
107
126
101
102
111
101
101
114
108
106
107
101
101
101
107
101
119
113
103
116
101
101
103
107
103
120
101
128
109
113
101
108
116
101
118
106
106
104
106
101
101
101
101
125
101
107
103
101
101
112
110
109
124
101
101
101
101
101
103
127
101
101
112
106
103
101
101
101
107
121
108
105
101
109
121
101
101
106
101
101
108
103
101
109
103
101
112
104
101
102
116
109
102
101
