16
38
23
13
24
51
48
15
29
15
24
14
16
21
11
16
11
12
17
17
15
12
18
15
14
37
25
11
13
11
11
11
13
12
11
12
13
11
11
20
13
27
11
11
19
17
12
16
11
21
18
14
17
11
11
17
20
14
11
11
11
11
14
11
15
13
11
11
11
11
16
20
16
24
11
11
15
27
12
12
19
12
16
13
11
13
11
11
13
11
13
16
14
13
19
19
26
23
30
32
23
26
26
26
16
23
29
14
21
20
21
16
26
23
19
19
12
11
27
11
18
20
17
13
12
16
12
18
12
15
24
13
17
33
42
29
33
43
32
29
33
29
39
33
33
33
33
23
39
38
24
39
16
39
39
39
39
26
26
29
26
26
39
39
33
33
39
36
39
29
29
34
43
39
33
33
33
29
43
29
29
11
25
13
11
28
33
33
33
11
32
36
33
33
27
25
43
43
29
33
36
33
33
33
26
27
11
24
26
29
39
33
33
33
36
16
26
29
11
28
33
26
29
26
26
24
12
16
16
11
12
12
53
29
29
25
14
33
11
29
26
29
24
16
31
27
14
11
16
35
16
22
41
15
17
11
12
11
12
15
37
11
11
11
19
19
11
22
18
31
17
13
31
16
15
11
15
16
12
18
13
11
23
16
16
18
17
22
12
13
13
12
15
11
16
19
11
14
11
13
12
15
18
15
16
11
12
12
11
11
11
11
14
13
23
11
26
11
12
11
23
15
12
13
24
17
11
11
14
11
12
12
17
11
17
19
15
11
11
14
17
18
11
12
14
12
19
37
14
12
13
11
21
33
15
21
15
19
16
36
18
12
11
11
18
13
15
11
13
13
16
17
11
13
11
11
12
11
12
14
11
14
19
40
29
26
26
39
29
23
33
36
39
29
33
29
26
39
33
33
33
11
11
31
23
33
16
33
16
33
11
38
36
56
33
27
49
32
33
26
29
29
29
26
26
26
26
26
26
26
33
13
36
19
16
18
11
27
11
11
11
12
12
12
11
11
15
11
12
11
27
30
27
28
34
29
33
14
11
11
26
29
21
16
18
11
31
27
11
11
11
16
13
25
11
11
13
12
11
11
14
13
11
11
14
11
13
11
11
11
11
11
11
15
14
11
11
15
11
15
14
13
14
17
19
11
20
12
15
11
11
12
11
19
13
12
13
11
20
11
11
12
12
21
11
12
11
11
15
11
12
11
12
11
16
11
11
11
15
21
44
47
48
11
15
35
20
11
16
26
15
27
22
13
11
37
12
15
24
12
20
15
18
14
12
33
11
29
21
11
16
11
17
15
22
11
28
12
18
18
11
13
12
29
17
16
15
12
11
18
15
14
11
14
11
12
13
22
11
14
11
11
12
12
11
11
46
41
31
53
35
13
11
14
13
13
11
12
11
11
11
14
18
11
11
11
12
14
11
13
16
11
25
15
12
12
11
11
39
11
18
42
17
19
12
26
11
25
11
32
35
13
34
14
15
11
11
18
26
16
19
16
18
17
16
25
13
11
11
11
29
11
49
19
16
39
18
11
24
13
13
14
15
15
17
13
11
24
13
16
12
19
11
17
11
13
22
14
11
16
20
13
11
12
13
11
18
11
13
14
27
30
12
36
13
28
21
12
11
27
18
17
15
11
30
11
25
12
11
35
11
13
11
19
11
12
11
11
20
36
12
17
12
29
16
26
14
11
11
15
11
13
13
12
11
11
12
14
24
14
11
11
11
11
12
15
11
18
11
15
11
11
15
11
31
31
11
26
11
11
11
26
11
11
26
11
22
16
16
11
11
14
11
11
27
12
12
18
13
21
11
24
13
19
11
11
14
18
11
11
11
23
11
29
12
14
40
26
33
26
26
29
33
23
24
28
26
26
13
29
29
29
29
27
21
11
16
11
12
33
11
32
13
13
11
11
13
11
11
13
13
11
13
11
15
11
13
11
12
11
11
11
11
12
11
11
13
11
11
11
11
12
11
11
18
11
12
11
13
14
11
15
11
15
28
19
28
19
11
36
19
19
19
11
18
19
28
26
11
28
20
19
18
20
19
19
19
19
19
11
17
28
29
19
19
29
23
14
20
19
19
19
29
21
26
19
19
19
19
14
28
26
11
11
28
29
29
27
11
28
28
30
27
30
28
28
29
28
19
28
28
28
29
19
19
19
19
14
14
19
28
28
19
28
19
19
19
19
19
19
20
19
19
19
19
19
29
26
11
43
29
19
42
27
29
28
25
11
11
11
18
26
11
15
14
14
14
12
11
13
28
29
30
14
25
23
21
11
11
13
11
11
11
11
12
11
11
11
11
11
12
11
11
11
15
11
12
16
16
11
20
11
28
27
11
17
38
11
14
12
29
11
15
11
12
11
18
11
15
11
15
11
15
11
15
11
15
11
15
11
22
11
15
11
15
11
15
11
15
11
15
11
15
11
15
11
18
11
15
11
15
11
15
11
15
11
15
11
15
11
15
11
12
26
11
15
19
23
16
11
15
