134
101
108
113
103
106
101
105
129
106
116
105
104
123
103
116
139
133
119
116
113
104
128
119
116
101
103
116
101
108
101
133
113
106
106
119
113
126
116
123
109
101
125
106
113
101
112
103
113
101
118
101
113
101
108
101
105
126
123
101
115
101
101
101
101
122
127
101
101
125
116
117
132
116
109
105
101
122
105
107
103
104
106
101
129
113
101
107
116
109
106
119
113
117
115
111
107
122
101
136
110
112
107
107
104
119
118
116
107
126
101
102
103
116
105
116
111
116
101
122
116
101
111
108
101
111
113
123
106
