140
103
117
115
101
104
115
121
102
118
106
101
129
112
128
107
125
105
117
111
101
101
112
123
106
110
101
123
121
106
105
102
101
111
129
101
104
107
101
120
103
109
104
110
111
106
110
109
131
101
105
102
125
109
113
103
140
102
101
130
101
126
116
116
101
128
101
115
112
106
118
104
109
106
116
101
116
106
124
115
107
111
106
119
125
115
105
101
113
101
115
101
102
108
111
102
101
126
116
126
116
101
116
103
109
108
111
110
135
114
102
116
101
101
102
121
101
103
106
123
116
106
116
128
105
104
105
111
116
116
109
101
