11
17
47
48
14
33
63
43
33
56
27
52
50
29
43
30
46
17
35
23
46
15
29
11
11
29
48
11
37
11
28
29
11
11
17
29
23
17
11
38
14
11
19
31
19
12
19
26
11
35
18
11
16
11
18
11
11
13
11
11
11
11
11
14
11
12
16
27
31
11
12
24
29
30
11
22
12
32
14
16
13
26
19
35
26
18
31
24
19
14
11
26
23
33
28
48
39
14
13
11
14
11
11
11
16
23
44
13
14
33
30
11
13
15
11
13
12
15
11
11
11
11
13
20
23
28
26
16
13
11
11
11
11
11
26
35
39
21
37
11
32
13
11
11
13
13
13
15
33
17
12
12
23
25
20
22
39
24
19
11
35
25
20
11
25
16
11
36
39
56
29
31
27
11
26
13
21
17
44
11
11
24
36
29
25
47
19
21
25
30
34
28
19
20
11
33
33
34
34
11
35
22
20
13
16
25
16
46
33
28
15
11
26
11
18
24
25
36
11
14
11
14
21
17
13
12
19
11
25
11
42
25
36
44
18
49
18
11
13
29
19
11
26
21
15
42
39
24
17
27
37
40
11
13
24
12
28
33
16
17
45
23
19
11
36
13
34
14
11
27
31
13
26
18
46
18
20
21
44
26
13
19
11
11
26
16
22
17
37
11
13
28
28
23
32
22
27
33
39
23
49
15
24
11
11
34
31
24
33
36
11
19
19
17
18
15
25
14
11
25
15
11
49
15
31
36
21
11
17
23
17
15
11
27
14
13
36
19
22
20
11
38
11
30
26
11
14
21
14
45
33
29
30
19
12
26
35
23
11
21
33
14
11
29
38
33
20
46
15
20
21
11
24
11
15
25
19
11
38
18
11
24
40
27
11
35
43
11
14
16
20
22
19
17
11
12
11
21
12
11
29
17
12
28
43
22
50
43
33
27
32
23
12
20
11
42
36
40
11
41
23
24
18
37
22
11
21
47
20
32
17
11
48
50
38
11
30
41
11
28
31
28
15
12
43
24
23
19
22
20
43
24
15
11
11
37
14
28
39
21
28
43
38
12
37
34
14
31
30
32
31
25
11
11
25
20
11
12
29
19
35
11
35
25
17
19
13
16
11
11
11
16
11
22
13
12
16
12
15
13
14
16
12
18
30
18
29
12
16
14
14
16
13
11
15
15
13
12
14
15
19
13
13
12
13
11
16
11
12
11
12
12
11
12
19
26
12
11
19
14
11
63
11
11
50
46
43
17
19
18
14
22
13
15
14
15
11
19
15
11
11
14
18
11
11
11
12
21
27
16
12
11
14
14
11
17
20
11
18
16
11
13
21
15
20
11
11
20
33
11
35
11
35
32
33
11
11
14
13
38
11
14
26
13
11
11
11
11
11
12
11
15
21
14
42
35
24
18
14
16
11
20
35
22
17
21
11
33
16
37
25
11
44
11
12
31
16
11
22
12
