108
106
103
108
101
101
105
104
101
101
101
101
102
106
103
123
113
101
105
101
109
119
108
126
106
106
116
103
123
109
119
119
116
136
106
110
112
101
106
101
105
107
118
146
126
103
109
113
119
106
126
116
106
103
103
101
102
112
102
105
113
116
115
111
101
101
101
114
108
117
109
107
107
101
104
101
127
101
107
101
123
101
122
105
101
101
101
105
101
104
118
105
126
119
106
103
131
102
115
101
103
115
114
113
101
128
121
132
109
106
135
110
106
119
101
109
109
101
101
105
101
101
101
103
103
108
101
101
101
101
