38
39
43
19
26
23
29
16
23
11
28
26
18
24
33
36
29
24
35
13
33
39
33
33
33
33
33
33
39
11
35
29
39
39
33
33
27
28
39
34
32
36
36
33
36
39
39
39
11
32
33
45
38
43
19
29
31
45
46
46
46
46
39
39
39
36
40
39
26
26
26
26
36
33
33
33
32
34
37
38
39
39
39
39
36
39
39
39
33
33
36
26
43
39
33
33
36
33
39
39
27
26
28
36
39
35
37
39
39
33
33
33
26
39
39
33
29
33
36
33
33
29
16
33
33
11
28
33
39
39
39
43
29
26
26
39
36
33
33
28
31
39
39
39
39
39
33
33
33
39
39
33
33
33
33
39
39
33
33
36
39
40
33
33
20
33
39
39
39
39
36
36
33
39
39
33
33
33
33
39
36
33
33
33
11
28
33
39
36
33
28
14
29
16
36
39
33
33
33
13
39
36
39
33
33
33
33
33
33
11
11
37
27
32
33
33
33
33
31
32
26
26
40
33
33
33
33
29
30
33
33
33
30
30
32
33
33
33
11
32
33
27
23
36
18
22
13
11
25
14
18
11
28
11
29
24
24
23
33
27
11
12
14
25
26
12
15
22
42
14
11
32
12
14
11
20
15
14
11
11
11
26
11
15
19
21
13
14
15
13
11
11
19
21
20
53
31
17
56
25
16
11
11
11
25
14
28
12
11
11
11
12
11
16
16
26
14
14
11
11
12
14
21
17
12
15
18
19
16
14
15
19
13
13
19
16
19
11
15
13
15
20
19
49
27
11
31
14
17
12
13
35
15
45
18
11
30
26
15
13
22
11
11
11
11
20
21
11
19
15
20
12
24
11
19
17
12
17
11
23
15
13
13
14
11
11
15
11
11
13
13
17
15
20
16
12
16
11
17
42
38
42
39
23
39
39
15
24
33
30
29
32
38
32
33
33
11
25
39
29
29
23
16
29
36
33
36
29
33
33
11
32
23
33
23
29
37
11
11
44
36
26
46
46
53
39
41
11
11
13
11
11
11
11
12
11
19
16
15
18
18
13
17
11
11
11
12
11
13
15
13
12
12
16
11
18
11
14
16
18
11
21
14
23
20
12
11
26
18
22
14
13
16
11
11
14
13
15
13
21
12
36
14
28
31
12
22
15
11
12
11
45
15
25
12
11
29
36
36
11
25
50
35
35
11
34
31
38
37
25
11
29
32
50
33
11
32
11
32
29
32
44
11
11
24
34
11
24
18
11
30
19
26
23
11
32
25
27
22
11
33
29
