102
101
101
102
118
102
105
101
117
106
120
110
109
101
101
133
106
111
101
101
103
110
112
109
105
131
116
120
112
128
101
102
105
106
115
106
106
105
105
101
115
120
112
116
121
111
101
128
118
101
120
113
109
103
101
109
127
112
106
101
116
101
101
104
105
103
101
101
104
101
101
101
102
103
101
101
102
102
101
101
110
106
102
101
113
106
123
101
105
101
105
103
102
101
113
103
101
122
101
108
101
101
116
107
103
101
101
101
101
104
113
114
115
106
101
121
123
101
134
101
101
116
101
101
101
102
129
