14
25
36
24
44
11
17
11
49
46
25
17
24
21
12
21
35
13
27
31
13
24
23
16
15
11
33
20
46
12
20
17
25
38
17
22
42
33
43
26
23
46
29
47
38
19
19
29
32
40
16
11
30
11
50
24
28
27
30
11
24
26
30
19
11
35
28
36
11
25
15
11
11
35
17
34
23
36
43
14
29
48
23
14
11
26
47
23
37
53
35
11
37
22
18
13
28
35
23
39
39
39
39
36
39
39
36
49
19
12
24
28
41
39
39
38
28
56
39
30
38
24
24
42
39
33
39
39
49
19
29
19
16
36
39
29
34
35
19
19
34
32
33
25
34
33
33
33
33
33
39
36
39
36
33
39
37
32
33
33
11
35
39
39
39
39
33
33
33
33
39
39
33
33
33
33
39
39
33
33
16
33
39
39
33
29
16
33
39
39
39
38
31
36
33
39
39
33
33
33
33
39
36
33
33
27
32
33
39
36
33
33
11
32
11
58
39
33
33
26
39
36
39
33
33
33
33
27
32
36
29
33
11
28
33
33
33
33
29
32
34
33
33
29
36
26
33
19
11
28
33
33
33
29
36
13
33
33
29
13
33
33
33
11
22
31
28
16
11
24
11
43
12
28
27
21
12
25
36
14
11
13
21
11
11
27
19
20
14
32
11
28
11
11
11
21
37
16
25
20
27
20
12
11
18
11
15
33
36
16
40
13
19
22
13
19
11
12
18
12
11
11
33
16
11
21
24
18
33
12
24
44
11
11
11
35
47
16
20
35
30
25
33
39
36
29
47
32
11
42
41
17
49
11
32
36
31
38
43
39
16
36
39
19
16
18
43
40
22
17
11
26
11
15
12
34
11
23
14
21
36
27
25
11
30
11
21
18
21
32
36
13
11
55
11
11
42
15
11
26
45
26
14
11
42
12
17
15
28
15
19
19
11
39
14
33
16
19
11
36
14
11
15
28
52
48
11
35
31
32
45
25
14
11
19
18
18
29
39
11
25
24
29
27
11
30
36
43
40
34
32
19
27
11
31
11
11
15
11
21
11
32
23
15
14
33
14
11
13
13
32
19
12
11
13
11
11
11
11
13
11
12
11
11
11
11
14
17
15
13
18
19
11
14
16
14
11
11
11
13
11
15
11
15
19
11
13
14
20
12
18
11
12
11
12
11
11
11
11
14
14
11
11
12
15
16
11
19
11
18
14
28
12
11
17
12
14
11
14
17
18
14
20
18
11
12
17
12
20
17
17
12
13
16
13
23
11
12
15
13
13
38
34
23
28
37
36
