43
18
34
15
23
16
47
17
45
11
18
30
25
14
28
33
22
20
32
12
29
11
36
29
19
34
27
19
13
11
32
44
20
17
49
50
11
36
25
11
35
39
11
45
19
41
24
11
32
35
32
16
11
27
26
28
31
33
19
11
27
11
36
24
11
26
30
14
26
36
35
11
25
41
46
23
32
44
14
11
41
41
27
40
11
30
25
30
33
30
13
39
11
27
24
34
23
18
14
13
13
16
11
25
11
12
24
22
13
23
26
11
17
11
27
15
36
12
39
40
30
27
12
15
11
11
12
33
17
31
11
14
11
29
24
12
60
24
21
30
21
11
12
26
29
27
11
11
13
30
11
13
27
16
14
12
11
11
16
15
14
31
12
17
12
21
11
28
11
30
11
11
12
18
18
36
11
21
11
11
38
15
41
11
36
14
19
13
11
20
11
21
11
22
16
14
11
19
12
21
14
14
11
26
29
12
11
12
28
11
24
14
11
15
11
11
26
11
12
19
16
12
12
11
14
11
16
12
17
12
13
11
11
13
11
11
18
13
11
11
14
13
13
20
11
16
11
13
11
11
11
11
12
15
11
13
24
11
11
11
14
12
17
25
25
12
36
11
15
11
17
11
11
11
19
11
11
15
18
11
12
11
17
12
11
11
16
12
11
14
21
16
19
11
12
19
12
13
17
23
19
15
16
18
42
18
29
14
11
11
11
15
26
18
15
14
11
11
14
56
12
12
11
22
12
12
19
11
13
17
12
11
20
11
15
14
17
12
11
12
17
11
13
16
11
13
11
11
16
14
12
15
11
12
11
12
12
11
19
12
21
14
16
13
12
19
13
11
15
11
12
11
21
15
17
11
11
27
11
11
27
11
12
11
11
20
12
11
12
18
11
12
11
11
44
13
11
18
11
14
15
13
12
11
16
12
11
15
11
12
11
12
11
12
12
11
13
13
13
22
16
11
11
19
17
18
12
20
19
14
25
16
15
14
11
11
11
13
11
12
11
17
11
12
11
29
13
25
11
18
34
13
12
18
16
18
16
13
11
13
14
12
16
12
13
18
13
11
13
28
11
11
11
37
42
23
33
26
33
26
50
32
29
29
29
26
26
26
26
26
26
26
11
13
11
11
12
11
25
52
21
42
25
22
36
11
20
37
39
43
12
16
17
27
31
16
30
31
30
36
44
27
38
32
48
28
34
11
32
30
32
46
26
33
13
27
11
49
11
14
11
14
24
24
16
23
24
15
39
37
26
26
23
31
11
25
11
21
13
13
13
16
14
15
13
13
33
32
33
23
37
41
33
36
57
19
26
20
19
11
11
11
11
11
11
11
11
11
11
25
34
33
26
11
31
13
35
11
13
34
11
42
15
11
16
44
36
24
12
17
52
22
49
56
12
23
12
16
15
11
11
17
16
11
15
12
16
11
12
11
25
14
15
11
17
17
28
11
13
23
16
13
11
11
11
11
20
11
17
12
12
12
19
24
23
11
14
11
32
32
13
16
36
30
11
17
11
35
11
32
25
25
11
15
12
17
12
14
23
13
37
11
30
23
38
12
14
11
11
11
11
11
14
29
11
33
33
15
22
11
25
35
17
11
11
17
11
13
12
14
11
11
11
13
13
11
11
11
15
11
14
18
11
11
14
16
15
13
15
