41
36
49
25
37
29
23
34
13
11
28
19
33
30
25
36
25
14
39
39
33
26
26
33
11
28
33
39
39
36
39
39
39
33
33
43
39
33
33
32
11
30
33
36
13
13
39
39
43
33
32
38
28
38
28
36
36
46
46
46
46
39
35
31
11
35
43
39
38
27
26
26
23
33
33
33
11
25
36
33
43
39
39
39
39
36
39
39
41
32
33
33
11
25
43
39
33
33
36
33
39
39
33
11
28
14
15
11
32
39
39
39
40
33
33
33
29
29
39
33
33
36
23
39
13
33
29
43
33
33
33
27
25
39
39
43
30
29
16
39
39
23
33
33
33
11
31
37
39
39
39
33
33
33
33
39
39
33
33
33
33
39
39
33
29
33
39
39
33
29
36
39
39
39
39
29
11
33
25
39
39
33
11
28
33
33
39
36
33
33
33
27
32
39
36
33
33
35
34
36
39
33
33
33
39
36
39
39
33
33
33
33
11
28
36
16
33
33
33
33
33
27
32
36
39
26
26
33
36
11
38
27
36
43
33
33
27
35
11
32
33
33
43
33
33
25
15
18
17
12
23
17
21
44
26
33
16
16
21
14
14
23
16
42
23
25
17
15
13
14
22
18
11
37
23
36
16
11
35
16
11
32
13
12
37
37
40
14
11
27
11
20
18
15
11
27
11
41
20
13
16
16
16
22
11
14
16
32
26
36
23
43
43
11
34
28
17
32
24
39
36
40
39
43
21
11
37
31
35
47
20
12
13
47
11
14
47
25
23
17
11
44
18
21
16
11
40
28
32
20
15
16
18
29
11
30
11
23
27
23
11
35
19
26
15
11
26
26
14
12
11
35
17
22
11
11
11
18
28
11
36
17
25
45
28
19
16
16
29
50
12
11
46
11
30
41
59
75
14
33
33
20
29
35
27
18
11
40
21
18
46
11
40
18
19
15
11
11
11
11
11
12
11
11
22
11
26
16
11
20
16
11
25
15
42
11
20
11
40
23
35
11
32
11
34
30
34
13
49
13
13
42
28
48
27
12
21
12
15
11
16
12
11
11
12
11
11
12
12
11
13
16
12
14
15
13
12
18
12
11
11
11
20
13
13
13
14
17
12
11
11
14
11
16
17
15
12
15
11
11
11
11
11
21
23
17
12
16
16
15
12
11
11
11
13
11
14
11
19
12
15
11
11
17
11
11
13
16
11
11
11
11
15
11
15
13
11
14
14
11
13
12
11
11
12
13
20
11
16
11
12
11
11
11
11
11
11
11
14
11
11
11
12
12
11
11
13
11
14
11
15
13
30
28
17
26
26
11
11
18
12
11
11
12
11
11
16
11
14
13
11
12
12
11
11
12
12
12
11
20
11
11
12
12
17
11
27
15
16
15
22
11
24
19
11
11
14
12
11
11
14
11
31
11
22
15
11
17
11
13
11
20
11
11
11
25
30
11
29
29
11
15
20
11
22
22
40
16
40
19
26
26
29
24
28
21
32
26
23
33
33
29
11
11
11
13
11
22
11
12
36
11
20
21
11
11
27
16
29
13
36
11
15
11
15
23
11
15
11
15
11
15
11
14
11
16
31
22
39
27
11
16
14
11
28
29
19
11
15
11
22
23
26
29
29
29
29
29
23
16
24
14
11
13
21
14
11
17
31
28
21
28
21
28
29
31
16
11
11
15
16
11
25
13
26
33
29
28
22
14
11
23
22
27
16
31
11
30
11
13
11
23
13
12
31
14
11
17
28
40
26
11
22
11
16
31
14
13
11
12
11
22
23
27
13
26
11
25
15
21
11
12
28
20
11
16
19
13
12
12
11
11
11
14
11
34
14
13
19
12
25
13
12
11
11
12
16
29
15
47
28
11
24
15
11
11
11
11
26
11
27
27
33
28
11
17
33
11
15
11
15
19
29
33
43
26
26
29
29
29
23
33
23
26
16
11
22
11
15
17
18
11
15
11
11
11
12
17
23
13
11
11
13
11
11
11
11
11
11
11
14
11
12
11
12
11
15
11
11
12
12
11
11
11
12
11
11
11
11
11
11
11
11
11
11
12
13
11
11
11
11
13
13
12
11
12
13
11
12
12
11
11
11
11
13
13
11
11
11
13
11
