15
11
13
14
14
17
14
30
26
13
23
29
16
23
19
18
15
26
11
33
42
23
29
24
25
39
33
33
11
28
33
33
33
39
46
36
39
39
33
33
33
11
32
39
39
29
29
11
35
21
11
30
46
39
43
33
26
16
16
29
36
35
23
37
36
46
46
46
46
39
33
39
39
43
39
36
27
12
61
11
11
11
11
13
26
19
33
37
14
22
28
13
32
36
11
19
12
16
32
11
40
30
11
25
25
13
12
12
34
13
11
25
16
31
11
11
12
11
39
26
26
23
26
26
34
15
15
13
49
12
21
14
13
11
14
16
15
15
19
20
11
15
32
28
19
17
18
29
23
14
16
11
11
11
22
17
11
15
45
22
14
11
27
16
14
20
11
11
36
26
35
12
15
26
13
14
11
11
12
19
21
33
35
46
16
11
16
16
11
23
11
11
13
11
11
35
11
22
14
18
11
27
15
14
37
16
22
15
33
11
15
11
11
21
11
11
16
12
11
31
15
19
11
17
11
20
17
14
12
11
12
58
11
14
11
11
11
11
11
11
19
12
38
34
11
11
11
24
11
11
11
11
24
37
12
50
12
41
21
14
16
18
25
11
11
13
11
23
22
13
11
25
23
12
33
12
13
23
16
31
18
13
20
20
18
11
14
11
13
12
14
11
12
11
24
11
16
27
18
14
13
15
12
16
11
11
14
13
11
11
11
14
16
13
11
12
21
22
11
11
12
11
26
16
11
12
17
14
12
11
11
15
23
13
12
11
11
13
19
17
12
20
15
15
11
16
18
16
11
11
12
15
21
19
11
12
11
21
13
16
13
14
13
12
11
32
11
22
14
11
11
11
13
13
15
11
11
18
11
11
11
18
17
14
11
13
17
15
20
11
12
11
11
11
11
11
11
11
11
11
11
11
11
11
11
11
11
11
11
18
13
17
11
16
13
13
12
14
11
13
11
15
11
23
16
13
11
21
13
12
13
15
12
21
15
12
18
14
15
17
11
40
19
16
15
17
17
17
33
15
20
11
12
29
23
33
26
33
26
33
20
59
29
29
26
26
26
26
26
26
26
33
36
19
11
25
22
11
23
26
11
11
11
20
11
11
20
11
32
39
11
25
16
13
19
29
19
30
11
17
13
29
25
13
14
11
11
14
29
11
11
11
11
11
11
11
12
11
15
11
13
11
11
21
29
29
11
12
11
12
29
27
11
21
26
23
14
18
20
19
11
28
12
18
20
33
11
15
14
12
12
12
12
11
13
11
15
12
18
13
12
17
11
11
38
32
22
43
36
39
39
39
33
26
28
31
33
29
33
33
21
35
29
11
30
41
18
27
33
33
29
33
29
46
36
29
33
29
33
16
36
26
33
16
31
42
46
39
46
42
23
31
26
38
21
33
34
23
29
40
11
35
39
43
36
33
33
46
11
35
39
39
36
36
45
11
13
21
17
14
18
16
19
17
11
24
11
17
11
12
15
13
29
12
11
18
18
11
20
20
19
14
11
26
11
11
20
22
37
11
22
17
36
11
19
20
16
17
11
41
12
13
16
14
11
24
16
19
11
13
11
13
15
16
16
14
21
27
18
14
12
23
28
24
18
11
14
11
17
11
19
26
11
23
14
22
21
11
14
11
26
11
27
