133
120
130
101
122
126
140
119
130
120
107
101
101
123
101
131
117
102
127
102
116
101
101
101
115
101
116
103
119
103
101
104
104
104
114
114
138
102
101
101
106
102
108
101
113
107
103
106
107
101
106
102
104
114
101
102
104
111
104
101
102
101
102
102
104
101
101
105
102
103
102
102
104
101
102
113
101
104
103
104
101
115
108
126
101
110
121
102
102
116
148
104
118
101
101
101
101
102
105
113
123
101
112
104
103
102
116
130
113
136
101
106
126
106
101
101
107
106
101
122
101
110
102
127
116
143
101
102
101
106
101
119
101
102
101
101
101
101
101
101
101
106
103
110
105
101
113
109
106
101
101
125
108
104
101
104
101
101
108
102
101
101
105
101
104
104
101
101
114
108
101
101
118
101
101
101
102
101
101
101
111
103
101
101
102
103
101
101
101
104
101
101
102
