11
42
24
19
19
26
23
29
16
23
13
22
43
11
32
36
11
25
31
27
34
39
33
33
39
26
33
33
39
39
37
39
39
39
33
33
36
39
39
13
33
11
35
26
28
15
20
46
39
43
33
33
43
39
29
33
36
36
47
46
46
46
39
39
19
39
39
16
39
39
19
26
26
26
36
33
33
33
23
11
38
36
39
39
39
39
37
38
39
36
43
33
33
36
33
11
38
33
33
36
33
39
39
33
33
11
24
43
39
39
39
39
27
32
33
33
26
39
39
33
29
31
18
33
33
29
43
33
33
33
33
11
28
39
39
11
38
36
11
28
39
36
33
33
33
39
39
39
39
39
33
33
33
33
39
39
33
33
33
33
39
39
33
30
33
39
39
33
31
35
33
39
39
39
35
40
43
39
40
27
32
33
33
39
36
33
33
33
27
11
28
39
36
33
33
36
39
36
39
33
33
27
25
37
38
39
33
33
33
33
33
31
28
33
33
27
32
33
33
33
28
34
33
33
33
36
36
33
26
34
25
33
33
33
29
29
33
33
29
39
33
33
24
35
28
14
12
46
14
22
11
21
14
13
33
36
39
30
11
14
11
11
20
14
11
24
17
15
20
18
19
15
14
19
14
13
13
27
17
23
13
11
12
14
44
11
17
11
39
11
13
19
28
33
11
11
13
11
13
11
17
12
21
14
17
25
15
12
22
11
32
13
14
18
22
13
11
17
27
11
19
21
14
11
42
31
35
19
33
39
11
42
49
11
42
43
23
43
29
44
25
23
30
39
43
36
37
35
50
13
16
39
11
38
27
31
15
11
21
29
36
11
19
18
24
33
11
26
14
29
12
33
16
20
15
22
43
29
16
14
18
14
39
11
39
13
36
27
34
33
18
25
34
46
11
29
42
33
25
11
29
33
11
36
49
39
11
29
14
11
42
17
11
40
14
21
13
11
11
23
15
52
15
16
11
31
14
35
38
11
40
43
32
13
13
41
15
20
17
16
11
26
15
23
11
20
39
12
16
22
16
20
15
11
20
16
16
11
14
13
15
11
19
11
28
11
11
18
13
15
12
12
25
16
11
11
11
11
11
22
11
17
12
29
12
17
13
14
13
24
17
20
17
12
12
11
12
14
11
19
11
12
20
11
14
11
13
16
17
11
14
14
13
11
11
15
11
16
11
12
15
19
16
18
19
14
15
12
12
14
11
18
26
11
11
11
11
16
11
11
14
11
12
11
12
12
12
17
13
20
12
33
29
23
12
19
36
21
28
33
30
26
20
29
36
29
11
22
29
27
32
20
19
11
22
29
29
29
13
17
32
11
18
11
15
11
11
27
29
29
11
15
11
15
11
18
11
15
11
16
28
29
29
29
11
12
11
15
14
29
26
11
19
29
33
23
11
27
11
12
13
19
11
14
11
13
11
14
28
11
18
12
12
11
14
28
11
11
11
18
11
18
26
11
17
11
12
15
11
11
16
11
26
11
19
22
13
13
30
11
22
16
16
11
28
11
25
11
24
11
13
31
12
19
11
22
13
28
34
12
11
27
11
24
15
11
11
16
18
11
25
11
23
11
25
11
11
13
11
25
11
11
13
11
25
15
11
25
11
35
29
19
28
39
11
28
35
21
31
14
11
14
12
11
19
27
20
28
33
11
29
32
11
25
11
11
11
20
11
26
11
21
16
13
11
12
11
12
14
11
11
13
11
13
31
29
29
29
33
29
26
29
29
29
26
29
29
29
30
29
29
29
29
29
11
15
11
15
11
15
11
15
29
29
29
29
29
26
19
33
11
15
11
15
11
13
11
14
29
39
16
11
15
11
13
11
14
11
15
11
15
11
15
11
22
23
11
15
11
15
11
15
11
18
29
29
23
11
15
11
15
11
15
11
45
29
29
19
29
25
28
17
22
11
11
21
11
15
13
11
15
11
17
11
11
26
14
12
28
11
11
11
14
11
12
14
11
19
19
19
11
17
21
11
11
14
11
11
11
12
13
19
11
18
18
13
11
11
11
11
12
11
12
12
12
11
11
11
11
11
12
11
11
11
11
19
11
13
11
32
19
28
36
11
11
21
11
