114
101
124
106
104
112
102
107
106
102
102
101
101
101
104
107
101
101
104
122
119
101
116
103
112
101
107
101
101
111
101
141
103
116
128
101
101
105
132
101
115
101
102
102
111
135
101
101
110
102
106
108
102
102
103
119
116
130
113
101
126
101
125
101
116
101
101
117
124
133
105
118
101
124
101
103
108
107
106
107
106
107
123
106
101
101
107
108
107
125
101
119
118
104
108
103
106
109
138
118
103
104
101
105
101
123
103
101
105
102
133
104
108
104
111
101
110
101
104
103
101
115
110
110
105
106
101
102
106
115
103
109
103
101
101
102
101
101
102
102
104
101
101
105
101
113
109
120
101
101
101
101
101
102
101
101
101
101
102
101
103
102
101
101
101
101
101
101
101
103
101
101
109
102
101
103
101
109
101
101
108
101
101
104
109
101
104
101
103
113
101
101
101
101
101
