11
11
13
16
11
18
13
15
11
11
14
11
12
11
11
29
11
21
13
11
22
22
16
15
11
12
11
12
15
15
39
11
37
31
17
29
24
11
17
15
28
19
13
13
11
19
35
14
18
11
13
22
33
23
38
15
12
38
24
29
22
43
13
36
11
24
23
43
29
19
16
24
28
36
11
19
28
38
29
25
11
25
13
38
44
24
39
43
43
38
29
35
20
40
42
36
23
29
19
13
43
23
43
29
14
23
32
16
19
19
19
16
34
38
43
23
38
28
38
19
44
13
38
38
25
23
38
28
30
35
12
34
29
12
24
29
22
38
38
36
19
11
26
23
35
12
38
28
38
24
19
12
19
29
35
13
37
29
27
49
29
38
19
20
29
35
41
28
38
34
19
12
34
29
19
11
19
35
19
11
25
23
33
24
34
28
39
43
29
19
19
12
38
25
19
11
11
29
49
28
16
41
24
19
19
16
19
23
38
29
29
36
12
43
23
38
28
28
44
29
22
38
28
36
11
29
36
12
14
34
25
22
37
30
35
12
19
29
37
22
32
11
44
19
16
24
35
16
34
28
38
44
19
19
12
29
25
39
11
25
23
33
29
19
29
36
39
35
25
11
11
13
17
11
12
11
14
16
20
16
11
11
16
11
16
11
13
15
24
11
12
12
16
18
11
21
13
18
17
11
11
11
11
14
11
12
12
11
11
11
12
19
11
19
13
11
45
19
11
15
14
13
12
12
11
12
12
13
13
18
12
13
11
14
11
14
14
11
13
11
12
13
13
19
11
14
18
11
28
18
13
12
11
11
12
18
11
11
14
16
11
11
13
12
16
13
13
11
11
11
18
16
11
13
11
11
13
11
11
11
11
11
11
12
12
11
11
11
11
17
15
14
12
11
11
11
11
13
11
11
11
11
11
12
11
12
16
11
11
11
13
13
24
12
11
11
13
17
11
18
11
12
11
11
12
12
13
11
22
47
33
41
47
24
12
14
24
14
12
28
27
11
12
18
23
29
33
11
19
11
18
14
23
18
11
21
21
29
14
20
22
12
27
23
13
16
24
38
19
27
12
13
15
12
11
44
34
41
24
13
28
14
32
16
16
26
29
11
35
33
36
11
18
11
39
33
11
34
11
11
11
13
18
17
13
14
20
12
17
13
11
13
13
12
14
14
12
11
11
11
14
12
13
11
41
22
11
24
14
20
11
35
27
11
18
25
24
19
15
11
13
13
14
15
11
11
11
12
13
11
11
13
17
15
13
11
11
11
11
11
15
11
11
11
19
36
25
35
25
11
27
37
19
46
27
11
23
34
16
14
28
11
25
34
11
31
19
13
40
21
11
25
34
13
16
36
13
29
35
34
34
19
32
46
33
43
19
11
15
28
24
43
19
25
46
38
22
36
11
15
36
11
35
16
29
27
24
25
20
12
31
11
23
35
35
28
13
36
23
33
35
34
33
19
23
13
36
36
23
36
46
