77
15
26
41
26
50
22
11
15
36
18
11
13
11
23
11
16
11
11
13
12
11
11
24
23
12
20
27
11
11
12
19
17
16
18
18
11
11
11
15
14
33
13
11
11
15
13
12
11
13
11
11
11
16
11
12
11
13
14
11
12
11
12
11
11
11
13
13
11
11
14
15
16
14
13
17
15
13
18
24
14
11
11
11
11
13
11
17
12
17
15
11
14
21
11
22
18
11
42
23
32
36
33
11
15
39
46
46
46
46
39
33
39
39
43
39
34
11
16
28
17
12
16
11
23
13
23
11
15
11
21
16
26
13
19
13
39
11
32
18
34
17
23
11
16
11
11
27
11
32
16
23
12
11
11
12
17
17
11
20
24
12
18
12
21
13
14
16
14
11
17
13
18
11
11
15
21
23
13
19
11
11
24
34
11
37
11
12
30
20
35
22
15
35
13
21
29
12
28
15
25
18
11
13
21
15
11
20
11
13
11
23
11
31
11
17
11
11
11
11
11
21
17
11
29
15
11
15
16
11
15
11
11
26
12
22
22
28
27
30
32
18
32
18
15
12
21
14
11
11
12
25
16
28
13
16
25
24
25
33
33
11
30
14
13
26
26
30
27
11
13
38
18
26
26
26
11
11
25
24
26
21
23
29
25
15
19
11
25
21
11
13
29
29
24
20
17
24
24
39
13
26
44
11
30
13
12
11
18
20
11
12
14
19
12
15
13
17
22
11
24
18
17
15
14
11
12
12
13
14
11
20
15
13
13
11
23
14
11
21
11
11
25
11
16
13
17
14
11
12
15
13
14
16
12
12
14
11
13
11
11
14
11
13
15
19
13
11
13
12
14
11
11
21
11
14
12
12
11
11
14
24
14
17
12
11
11
12
17
18
14
22
17
12
23
16
19
15
20
13
15
14
41
27
11
16
13
18
23
26
11
13
16
16
16
11
11
14
15
12
12
20
18
13
18
17
11
18
13
13
14
16
14
22
23
26
29
26
29
11
39
14
23
11
11
16
16
12
17
20
14
11
14
13
22
11
15
12
17
14
28
13
11
16
18
20
15
24
13
28
31
11
25
17
16
11
29
12
11
15
18
13
11
12
11
11
11
12
11
11
11
11
11
11
11
11
11
11
11
12
11
11
11
11
11
11
12
12
11
11
12
11
11
11
13
11
11
13
15
14
11
11
11
11
11
11
11
11
14
12
11
11
11
13
11
18
33
42
39
29
19
16
29
23
43
29
23
33
36
43
43
43
12
24
19
19
11
11
18
35
12
43
29
29
19
23
38
29
35
19
16
24
31
33
30
36
12
38
35
11
15
29
13
19
36
39
12
38
35
12
38
49
19
28
25
16
34
33
34
29
25
13
39
34
24
45
11
11
39
28
38
14
19
19
12
43
33
48
17
30
29
36
26
19
13
37
25
13
38
28
39
23
24
28
39
48
42
33
38
24
23
42
29
24
38
38
38
38
35
19
16
39
36
43
36
36
33
43
23
