125
113
103
106
126
113
129
101
122
114
116
106
105
101
101
116
103
119
103
105
101
101
125
113
101
122
119
119
123
101
105
106
101
118
101
101
101
101
126
118
101
101
118
119
103
101
101
103
101
106
109
116
113
123
123
106
101
101
104
101
140
101
101
113
101
106
116
113
113
101
113
111
103
102
101
108
105
101
101
101
101
101
101
101
110
101
101
104
103
101
101
103
101
103
111
107
107
102
103
104
104
134
106
119
103
119
108
108
102
107
102
107
101
104
106
110
106
101
106
111
116
109
107
104
111
113
135
101
101
101
101
116
111
115
104
101
104
101
101
113
102
101
124
110
109
116
101
106
109
101
118
101
102
116
116
101
105
119
101
101
115
101
110
101
101
116
101
101
101
111
119
115
101
101
114
104
101
110
101
104
107
101
101
108
101
101
116
113
116
119
119
119
