25
30
17
16
17
19
11
58
54
20
33
40
26
37
43
15
19
24
23
18
11
37
23
14
11
45
11
35
44
22
11
31
11
20
11
40
17
49
44
20
32
29
29
23
28
32
35
22
52
36
13
33
33
33
24
11
12
11
11
11
17
11
48
20
12
23
16
13
22
16
22
44
41
14
33
23
31
36
27
11
31
15
28
12
13
55
22
11
40
11
11
14
14
11
15
16
13
11
24
11
11
18
14
11
11
12
14
11
11
33
11
11
11
18
11
12
14
42
47
27
12
12
16
11
19
11
11
11
11
13
11
11
11
11
11
11
11
16
11
13
13
11
11
13
13
13
24
11
22
15
11
16
11
11
17
15
18
32
11
17
11
11
11
34
17
25
34
11
22
11
12
20
32
17
11
11
42
22
11
11
20
14
17
23
11
15
12
12
11
11
11
19
11
47
32
17
12
18
25
19
17
26
27
26
12
23
14
11
21
20
11
11
13
16
13
15
13
11
29
13
12
12
11
23
14
14
15
16
23
21
11
12
14
16
14
27
13
15
18
19
12
23
12
20
13
11
14
18
23
15
11
14
16
14
12
11
17
15
11
11
11
11
12
13
26
14
18
18
11
23
23
18
14
33
11
23
11
11
11
29
11
23
11
22
11
23
11
17
11
13
15
11
25
11
28
30
16
11
32
12
19
11
29
34
11
25
11
17
16
11
12
16
27
12
24
14
14
17
11
11
11
19
16
11
18
24
11
23
13
15
16
16
11
14
20
11
35
48
11
18
19
13
15
18
12
21
21
11
18
18
29
28
19
34
33
28
11
24
28
21
12
13
33
36
11
33
39
11
15
11
11
16
18
19
11
12
11
22
13
22
11
14
14
12
11
11
25
12
12
17
16
37
13
29
38
19
11
11
12
12
12
11
14
12
11
13
13
12
13
13
14
11
12
12
13
18
12
12
11
11
13
15
21
11
11
13
13
15
11
23
11
28
41
18
16
29
13
11
19
13
11
12
13
12
19
11
22
17
11
18
15
13
11
12
17
11
13
21
11
11
17
11
11
14
13
11
15
12
14
11
11
12
17
12
11
12
11
11
13
17
11
14
13
14
13
17
16
11
11
11
12
32
33
25
34
13
49
46
24
28
13
11
12
14
14
11
15
11
11
13
15
11
18
59
22
15
11
15
14
13
14
11
12
43
19
35
11
24
11
24
17
23
19
29
32
19
14
11
41
34
35
36
43
12
36
16
29
13
35
21
48
11
36
38
28
30
17
24
42
30
17
32
48
36
33
20
18
15
12
11
19
18
11
16
22
11
33
39
23
11
24
11
31
37
14
24
11
13
17
11
20
16
12
13
16
25
13
11
14
13
11
14
17
12
13
11
11
22
11
14
23
11
24
14
23
16
15
17
24
30
11
25
25
43
11
41
19
17
16
20
11
30
37
36
29
35
31
19
11
25
30
22
44
11
11
19
18
16
22
35
19
14
11
33
27
11
20
22
34
16
11
40
28
28
44
33
30
32
13
11
11
11
11
11
12
11
11
11
11
26
25
11
13
11
11
13
12
13
20
13
11
11
22
12
12
17
20
22
12
22
14
12
11
18
12
15
16
11
16
18
11
11
11
12
19
13
11
13
22
11
11
11
14
14
11
11
18
11
11
19
11
46
41
12
11
11
11
19
11
11
12
12
19
11
12
11
14
13
11
11
11
11
11
16
11
11
11
11
18
11
31
28
11
13
12
17
11
21
15
11
19
14
11
25
11
13
20
11
14
18
11
21
16
11
11
15
11
15
13
11
15
12
11
11
12
11
11
11
11
11
11
16
16
12
11
11
12
13
11
11
11
16
14
11
13
13
11
11
12
11
11
13
11
14
12
13
12
11
12
11
12
11
11
11
14
11
12
11
13
11
11
11
13
11
11
11
11
12
11
20
27
11
34
11
21
31
13
11
11
11
11
11
11
11
17
11
12
16
11
23
11
11
11
11
11
13
11
14
11
11
13
15
14
11
11
13
11
11
11
11
19
11
32
23
11
14
12
11
19
11
14
11
11
11
27
36
14
11
28
11
11
32
32
11
27
30
17
11
28
30
16
38
21
12
16
18
19
19
11
31
11
22
11
22
11
23
11
24
14
27
11
11
15
11
22
11
22
11
11
18
16
36
13
11
25
11
11
11
23
11
19
19
11
20
18
11
16
15
11
24
11
24
11
11
11
11
29
11
25
17
11
11
18
15
23
11
20
11
11
12
11
14
12
11
11
11
13
11
24
11
17
11
16
11
14
12
11
12
26
11
18
16
22
11
11
16
20
11
22
11
25
11
18
26
11
22
12
16
11
13
14
13
16
25
27
11
34
16
17
12
21
11
26
35
29
17
11
20
11
17
11
21
16
11
25
11
14
11
20
11
11
27
25
11
31
41
26
17
17
14
11
14
23
20
20
16
19
12
11
19
29
29
23
16
29
19
37
29
12
11
11
17
16
16
21
15
11
13
13
11
15
11
15
23
11
18
11
28
16
11
22
11
15
11
12
11
25
29
33
29
24
11
16
11
11
13
12
11
13
14
19
28
11
16
11
32
20
11
14
11
14
11
20
29
29
46
29
29
17
28
29
29
29
23
11
15
11
15
11
15
11
12
11
15
13
11
15
11
25
