102
106
103
106
110
115
108
101
103
101
101
101
101
101
101
101
114
101
108
101
101
107
107
104
137
104
110
106
111
109
123
103
113
101
108
130
101
106
102
110
129
113
133
119
114
101
114
111
106
109
103
101
115
101
101
112
101
115
139
106
124
112
120
101
103
114
123
106
122
101
101
107
112
106
120
106
105
101
101
101
102
109
122
131
120
112
116
106
106
103
126
106
120
112
119
107
105
105
108
138
123
120
101
101
104
118
101
102
110
101
101
117
111
116
119
107
103
101
110
101
101
101
114
115
101
101
114
101
106
105
101
108
101
106
116
105
110
101
115
101
101
101
117
107
101
106
101
101
102
105
108
108
106
101
114
112
102
101
104
111
108
102
101
116
107
109
101
114
120
119
106
119
126
101
113
103
109
106
113
116
109
101
101
101
109
101
109
119
119
119
119
