117
101
104
104
102
106
101
104
104
101
101
101
109
103
106
113
103
101
110
101
101
101
105
109
133
101
101
101
119
123
133
106
106
106
106
106
101
106
113
119
116
103
121
132
101
108
101
107
135
101
101
101
101
104
111
106
111
106
101
101
103
101
111
112
104
101
101
101
107
110
101
105
108
123
126
106
129
101
101
101
133
110
122
113
106
109
103
103
116
126
101
104
101
101
102
101
112
107
105
105
101
114
110
119
105
101
105
109
101
105
101
102
101
126
103
101
101
128
101
118
112
102
101
130
106
101
102
102
101
104
121
108
101
101
101
113
101
105
107
112
101
104
101
102
101
101
110
116
103
101
107
127
101
101
101
108
101
101
101
106
106
101
101
107
116
101
106
101
112
115
104
106
105
105
101
103
110
119
106
101
113
101
101
103
110
101
101
110
101
106
109
106
103
101
