13
13
22
25
58
11
14
19
43
49
42
30
26
26
26
26
26
31
20
15
36
33
29
33
16
26
24
11
22
21
11
28
33
11
24
19
11
11
30
16
21
24
21
22
21
27
16
33
12
39
12
47
22
37
17
21
28
17
25
24
23
11
11
31
15
23
44
20
11
15
22
28
11
37
19
11
19
27
15
16
22
11
23
49
22
51
18
17
18
22
14
11
18
14
13
11
20
12
13
11
12
15
11
22
16
32
20
14
26
29
11
25
16
16
23
31
11
12
11
22
11
11
11
11
12
20
11
16
11
29
52
27
13
11
11
16
12
11
16
17
11
16
50
18
51
11
45
58
46
48
16
26
33
16
26
39
39
23
29
33
34
31
28
49
19
11
16
11
11
14
25
34
11
36
11
36
12
14
28
27
25
17
21
17
25
24
11
31
46
43
43
36
14
26
11
22
11
27
11
13
18
32
20
11
34
13
28
13
34
28
13
11
13
22
23
32
32
11
24
36
11
44
13
18
19
37
11
12
24
21
11
41
12
13
50
11
38
42
31
24
46
41
21
39
11
45
15
12
12
15
17
18
11
19
37
55
15
26
11
12
11
49
11
30
35
29
56
28
29
26
31
31
15
26
14
13
33
39
20
24
28
30
11
25
11
11
32
31
42
37
12
38
11
32
16
16
25
41
28
44
33
34
41
16
23
19
17
13
42
37
12
26
23
17
38
14
29
32
20
23
48
37
11
19
22
11
35
14
30
33
16
38
11
25
36
32
11
12
11
20
11
33
24
13
18
28
29
11
41
17
19
21
29
24
19
34
47
13
24
11
25
50
11
20
17
25
38
12
36
21
18
37
33
22
13
31
24
37
19
17
11
26
11
24
49
16
21
21
34
30
11
38
27
19
32
16
42
11
35
22
44
11
44
39
20
35
27
11
33
11
36
11
33
44
14
20
11
43
11
25
13
12
39
12
36
11
27
11
24
27
11
39
38
23
37
45
16
21
27
41
34
42
47
43
11
58
29
35
27
14
22
11
24
13
46
16
29
33
25
21
11
20
14
11
12
12
16
11
11
16
13
11
12
13
13
12
15
13
29
60
29
16
13
11
11
11
11
11
15
14
12
11
14
13
12
14
17
16
29
23
36
23
31
31
11
32
31
11
24
15
54
11
36
33
22
25
33
36
36
17
11
30
25
19
