44
26
23
20
16
11
30
11
22
16
19
49
39
26
26
26
26
26
27
36
33
32
33
36
29
19
26
31
28
35
40
23
11
11
30
11
19
23
33
20
16
35
19
16
52
16
17
11
42
11
22
16
22
19
16
23
28
13
39
20
15
14
33
15
37
12
15
15
13
43
11
13
17
33
31
21
11
37
11
44
25
15
35
11
34
31
27
21
16
19
39
33
33
33
27
25
49
39
36
11
35
33
33
33
13
31
51
29
36
39
39
53
36
33
39
39
39
49
36
33
29
33
33
56
46
29
46
19
11
29
58
11
11
18
11
25
26
43
11
11
46
15
16
13
11
12
28
11
17
11
21
31
11
11
47
11
25
15
34
28
14
33
21
11
11
15
13
22
16
41
35
11
25
20
17
15
11
21
11
22
20
15
11
20
15
25
43
20
19
25
15
22
11
13
11
16
14
13
15
23
23
17
16
20
11
11
11
20
26
15
16
23
12
12
17
28
15
11
14
14
11
13
11
27
47
11
25
41
29
29
13
22
15
49
46
11
37
11
32
16
18
13
13
12
17
11
11
11
11
25
22
11
12
20
33
12
11
18
23
16
17
13
14
15
24
22
11
12
14
11
11
14
14
14
12
17
12
14
11
11
14
21
18
11
12
17
11
47
33
11
38
11
12
16
16
19
11
16
13
16
26
11
27
18
11
11
18
12
22
11
16
12
20
15
13
11
13
14
11
18
11
11
11
12
16
11
17
29
11
15
12
11
15
14
12
30
19
12
20
11
23
29
36
39
39
39
39
33
33
27
38
26
29
33
28
47
20
12
20
11
18
14
19
12
21
11
11
12
11
11
11
16
14
11
13
19
12
13
14
18
17
13
11
13
11
20
14
19
12
13
22
11
16
12
13
13
21
12
16
18
11
13
11
12
12
16
23
27
45
33
33
26
36
26
29
29
28
11
33
24
24
29
36
11
14
22
11
43
24
42
39
34
38
38
38
38
32
34
44
19
12
34
23
30
49
36
39
36
46
11
29
29
36
23
43
24
35
19
12
31
14
12
11
13
15
13
24
17
11
18
20
13
17
14
13
11
13
16
15
11
11
11
12
29
16
11
14
11
11
13
11
11
11
16
14
11
14
11
17
11
47
11
46
19
11
11
21
16
16
17
34
39
23
19
22
11
17
22
11
14
23
11
22
11
17
16
12
16
11
12
11
29
13
17
14
18
22
16
11
24
14
18
12
11
11
11
23
19
14
11
16
12
14
19
12
11
15
19
16
12
14
22
15
11
12
11
14
15
11
11
11
11
11
11
11
11
11
11
11
11
11
11
11
11
11
11
11
11
11
11
11
11
13
16
14
11
14
11
13
11
16
14
12
14
15
11
11
15
11
12
18
12
11
12
11
11
13
11
16
20
17
11
17
11
26
13
18
20
19
12
15
15
11
13
18
16
17
19
21
11
17
11
25
22
13
16
16
26
11
15
27
14
16
22
14
42
11
11
11
11
11
11
13
11
33
11
11
36
11
12
11
11
33
11
21
11
38
11
11
11
11
11
21
11
12
20
11
19
11
34
11
11
11
24
11
12
11
17
19
29
11
12
19
16
13
11
11
13
11
27
