106
115
103
101
106
107
101
109
101
101
101
102
106
101
104
101
103
110
101
113
106
103
105
102
103
103
112
104
101
107
105
111
118
115
101
102
117
113
106
101
108
107
103
114
115
110
108
112
103
116
125
101
104
105
102
112
102
101
107
117
111
101
104
106
105
112
111
103
101
104
106
107
105
101
108
101
101
107
101
106
101
103
117
117
126
106
101
118
106
106
123
113
102
101
108
116
112
117
111
101
109
110
109
104
103
116
102
111
135
112
106
118
101
118
113
101
125
116
101
126
120
101
117
101
116
109
101
116
115
103
106
106
101
126
106
106
110
105
103
101
111
101
105
101
102
101
101
101
101
101
101
102
101
103
101
101
118
103
116
115
101
101
101
101
106
101
103
101
105
106
101
106
101
101
102
101
102
113
103
101
106
109
116
103
116
106
104
101
101
101
123
101
116
101
101
