23
14
33
11
42
19
40
11
41
34
45
23
29
16
26
33
35
36
14
39
21
31
23
36
39
39
49
12
25
17
20
20
27
22
46
12
39
39
21
12
11
11
18
11
17
34
19
11
22
33
43
29
36
44
18
12
23
17
12
12
20
13
12
13
12
24
33
11
32
29
26
26
11
25
13
19
23
36
13
44
35
13
21
22
22
23
13
26
12
13
11
12
14
22
11
22
11
31
11
17
26
23
29
36
46
11
32
36
36
39
33
33
32
40
43
39
36
39
43
39
39
39
16
26
26
26
26
26
39
29
43
33
33
33
43
30
32
36
30
11
35
11
35
33
33
31
35
29
33
36
14
28
33
33
12
41
22
33
11
32
33
27
32
43
43
31
31
36
26
33
33
33
26
28
28
29
19
39
32
47
11
28
19
26
26
29
33
25
40
19
26
26
23
26
33
23
46
29
29
36
16
36
39
29
29
39
39
43
36
36
33
16
28
34
24
32
36
29
50
33
39
24
15
33
33
29
33
36
33
33
33
46
23
36
33
33
33
15
11
33
33
63
36
29
33
31
32
33
26
33
11
32
36
29
33
33
23
29
11
32
33
16
29
33
36
30
39
43
39
34
38
34
18
11
11
17
11
15
11
22
33
28
43
18
18
26
14
14
12
11
14
17
11
11
17
14
13
11
12
11
13
11
12
11
32
11
11
14
20
11
11
15
15
11
13
11
17
11
11
11
14
11
28
11
13
14
13
13
11
17
11
17
12
11
11
14
13
11
11
13
11
11
11
12
11
11
11
11
11
11
11
11
11
14
11
11
12
11
11
11
11
12
15
11
13
11
13
11
11
11
14
14
13
13
11
11
11
11
11
11
11
11
16
14
18
18
34
45
22
29
35
33
35
43
26
25
11
11
14
11
12
18
14
17
11
11
14
11
13
12
12
11
11
12
11
13
14
13
11
11
11
13
12
13
16
13
26
14
20
11
12
11
11
17
26
26
11
15
14
11
17
29
17
12
33
16
30
12
13
12
21
11
11
19
17
16
17
14
11
11
13
11
12
12
13
11
11
11
13
12
11
15
12
19
13
17
11
14
11
17
19
17
14
17
41
12
31
55
47
27
32
25
20
39
16
23
36
54
39
11
11
11
59
36
23
11
11
14
19
11
14
16
12
20
14
15
16
18
11
15
13
15
12
15
16
14
17
12
13
13
11
13
16
11
15
11
16
38
27
41
11
11
33
18
11
11
19
14
13
15
11
15
17
12
11
11
11
20
12
11
11
12
15
13
18
16
23
20
15
18
11
17
15
12
22
13
11
11
11
12
11
14
19
25
12
18
11
28
40
31
31
13
11
29
22
11
15
19
23
16
20
11
22
12
11
28
11
16
11
17
33
14
21
24
16
22
25
15
22
15
15
14
28
12
27
19
26
42
16
22
35
13
12
24
15
11
14
29
16
17
11
29
14
14
13
11
11
11
11
18
11
25
21
42
20
14
25
18
11
12
11
11
12
11
21
11
11
46
11
35
11
15
11
17
14
35
11
11
13
13
11
13
11
11
11
12
11
17
11
11
15
11
15
15
13
14
12
28
18
11
37
11
30
28
11
11
11
14
11
13
17
23
11
24
17
11
28
11
11
38
25
19
11
13
12
18
16
13
11
33
11
13
13
28
17
27
29
23
32
24
13
19
26
26
29
26
33
23
13
13
26
29
20
29
29
33
19
11
15
11
22
28
31
11
16
11
24
11
23
28
33
16
23
11
15
11
12
11
15
11
15
11
15
11
16
25
11
22
29
13
19
29
19
33
16
29
29
23
11
15
11
18
11
39
29
29
29
29
30
11
19
29
11
12
11
22
11
11
41
11
18
29
29
29
11
28
29
13
11
18
11
22
11
32
33
26
13
29
29
26
11
32
26
13
29
22
14
13
11
25
11
27
17
33
11
19
23
17
13
23
11
26
15
11
11
11
11
12
14
24
27
11
32
41
12
11
15
11
27
14
11
15
31
14
28
28
33
15
17
11
11
11
19
23
26
28
11
21
13
11
31
11
11
11
11
11
11
11
11
15
11
14
19
11
19
11
12
13
29
19
15
20
11
11
14
17
11
11
13
11
19
11
32
34
14
14
17
11
12
15
20
29
26
26
26
20
13
22
11
11
11
11
11
11
18
21
11
17
20
11
13
11
21
11
11
11
13
11
11
11
11
11
11
11
11
11
14
15
11
11
11
11
13
11
15
23
29
29
11
15
11
15
11
15
11
15
11
22
29
29
29
29
29
29
29
29
29
29
29
29
29
29
