101
104
123
123
130
119
103
101
114
101
104
121
107
119
101
101
113
109
110
101
105
101
125
106
113
103
123
113
116
113
110
119
104
103
103
103
101
107
101
102
103
103
101
102
101
104
103
119
126
122
109
101
101
119
110
125
120
113
114
118
126
104
120
111
105
126
102
103
101
109
116
113
104
101
109
101
107
104
108
101
101
105
103
132
105
105
103
101
103
101
109
104
126
112
104
102
101
105
101
111
106
110
112
107
101
101
113
103
103
102
108
105
106
104
102
101
115
101
101
101
101
101
101
102
101
103
101
102
102
101
102
107
101
102
104
117
102
106
101
101
101
104
101
101
101
102
101
101
102
101
104
101
101
101
101
102
104
105
107
103
101
101
105
102
101
101
103
101
101
102
101
101
101
101
101
101
101
101
103
101
105
101
101
101
101
101
103
101
122
108
120
101
103
103
123
102
101
