15
23
16
49
11
21
11
15
53
42
39
19
28
48
26
53
12
23
24
16
12
22
11
28
24
14
21
11
22
11
47
31
35
24
36
39
39
46
34
35
16
23
39
33
29
29
12
19
38
38
24
19
12
34
23
43
24
35
50
28
39
19
38
19
43
24
35
19
17
29
52
17
29
39
43
33
36
19
16
29
13
43
23
29
18
44
19
20
13
28
34
19
21
19
35
16
39
23
32
34
19
28
38
38
36
16
34
35
16
25
34
23
42
29
19
19
19
19
20
36
23
38
35
19
19
11
38
28
34
23
33
34
29
38
24
24
29
38
24
29
19
22
34
19
23
36
11
25
19
12
38
25
12
38
25
19
12
36
16
11
37
23
32
34
24
24
29
19
19
13
38
24
19
19
11
11
34
23
36
13
43
33
11
37
17
11
28
38
18
16
14
22
34
35
13
36
12
24
23
42
23
29
36
11
28
38
38
35
12
34
19
12
39
29
25
19
19
26
19
13
19
43
29
22
21
35
39
23
22
43
23
42
29
23
37
39
35
12
24
24
28
40
36
33
29
33
29
38
25
13
38
20
24
19
13
36
12
34
23
36
11
28
35
12
38
36
11
38
30
27
38
36
12
39
25
19
15
35
25
19
36
29
19
19
12
37
12
38
36
11
14
23
36
11
19
28
38
11
21
32
12
37
11
45
13
29
16
11
11
34
19
12
44
29
19
16
34
28
38
34
19
12
38
36
11
25
19
12
39
28
35
12
37
33
29
16
40
19
12
38
25
29
13
43
19
23
19
38
35
12
53
23
43
34
38
38
28
42
24
23
48
15
23
38
19
34
24
38
28
36
11
25
11
18
12
43
24
35
24
35
16
29
24
38
19
38
11
27
19
25
12
38
25
12
37
12
34
19
19
12
40
38
25
13
38
19
38
23
29
23
43
29
23
23
29
19
23
36
11
11
39
28
38
34
24
35
12
38
36
12
48
42
56
33
22
40
44
19
16
12
26
19
27
29
16
35
27
17
16
11
38
26
11
28
11
15
23
11
13
13
13
11
36
40
39
13
39
11
11
30
29
13
14
12
20
11
17
11
35
28
30
12
23
33
12
18
28
11
