31
11
43
21
14
16
13
30
16
13
23
14
45
19
29
36
26
39
33
23
42
40
31
38
49
29
39
13
46
32
44
45
37
26
15
11
28
14
18
11
11
38
11
30
11
12
11
46
23
12
13
40
11
19
11
11
17
11
11
11
11
11
15
14
11
23
34
13
27
20
17
16
32
17
25
24
15
47
12
37
31
40
25
45
20
21
14
16
34
23
11
27
11
14
29
11
20
11
12
16
11
23
11
23
43
30
26
46
35
25
38
39
11
13
11
29
15
11
31
47
33
49
36
11
29
39
39
33
23
26
26
26
26
33
41
15
31
27
12
11
13
11
13
25
11
26
11
33
22
14
29
11
12
22
13
13
18
11
19
14
11
18
15
34
11
11
11
12
15
22
11
11
11
11
27
11
31
20
11
13
17
15
23
27
21
23
13
12
28
12
20
15
14
17
16
11
31
24
22
13
19
11
18
19
12
11
24
15
29
11
30
13
33
38
11
44
28
11
35
19
12
11
17
20
11
11
14
38
11
11
15
15
11
19
11
11
11
20
12
25
31
11
26
22
15
37
29
29
39
43
23
29
29
36
39
43
29
33
11
32
36
29
33
32
17
36
23
16
26
26
29
11
25
33
33
33
43
26
29
33
31
44
11
23
29
32
19
33
34
38
33
33
29
33
36
36
33
36
19
32
41
11
32
29
26
36
33
27
35
23
36
30
29
26
33
16
33
23
36
39
39
39
39
33
33
33
59
29
33
24
17
21
23
33
23
33
29
26
29
33
28
41
39
33
33
27
38
23
33
36
29
11
28
43
36
39
26
33
29
13
26
33
24
25
26
29
29
29
26
26
26
26
26
26
26
27
32
26
13
19
33
23
11
15
23
11
18
16
11
18
13
33
36
23
31
11
17
11
35
23
12
18
28
27
12
13
12
20
11
11
27
18
11
11
12
11
11
11
14
11
13
13
11
11
23
29
13
12
11
14
11
22
29
11
21
26
22
20
13
18
21
19
14
17
11
11
11
21
24
16
15
11
15
24
11
23
14
12
11
11
11
15
14
14
11
41
45
39
36
39
39
39
31
34
26
33
33
29
33
29
39
29
36
25
41
26
29
23
33
29
29
34
25
36
31
32
29
33
32
34
16
16
29
33
26
46
46
19
46
39
29
19
11
25
23
26
11
18
26
19
23
29
34
38
34
38
36
36
33
39
37
43
39
39
29
36
36
33
33
33
39
33
28
11
20
26
26
25
11
13
21
30
16
12
11
26
12
11
21
16
16
11
11
16
27
14
12
18
13
20
11
11
12
11
11
22
14
19
12
11
41
11
17
18
16
11
11
29
11
20
26
11
16
19
11
15
34
17
15
11
25
11
11
26
11
20
11
18
11
25
14
31
21
22
14
11
11
11
11
11
20
11
15
11
11
11
13
26
11
11
13
19
12
12
11
14
11
11
11
11
22
14
11
15
12
16
11
11
11
11
14
14
16
19
11
11
11
11
24
16
13
11
23
11
12
14
22
15
19
11
20
12
16
11
25
11
11
11
17
11
18
11
13
21
11
13
15
11
12
11
22
11
21
15
11
11
11
14
16
11
17
11
11
14
11
11
11
11
17
11
17
11
14
14
14
18
25
14
11
11
12
16
11
26
11
16
13
11
12
14
11
11
14
11
11
14
13
12
11
12
14
11
11
11
12
13
12
12
11
11
12
11
12
11
13
11
11
11
11
11
12
13
11
11
11
12
11
11
11
11
14
14
11
12
11
11
14
13
11
11
11
11
11
14
14
11
11
11
11
12
11
11
11
11
11
30
12
11
11
11
18
11
13
15
11
11
11
11
14
11
18
11
13
31
11
17
26
11
25
11
25
11
20
11
25
11
23
11
30
11
15
20
11
11
11
30
11
12
15
11
11
14
12
11
12
14
12
12
20
11
25
11
11
11
20
11
11
11
21
15
16
11
12
18
11
18
12
19
23
11
28
11
22
11
11
33
11
12
30
18
11
24
30
16
19
17
16
15
19
28
11
27
28
12
16
25
34
11
11
11
11
24
11
24
11
22
11
28
18
12
13
23
24
11
11
13
11
15
11
11
14
18
21
11
12
11
22
11
24
19
11
11
11
16
11
12
17
11
11
30
11
21
11
26
19
18
11
21
11
25
13
13
25
17
26
12
14
19
23
11
26
11
24
15
11
16
17
14
11
11
14
12
11
11
11
11
11
11
11
11
11
34
14
16
13
14
11
15
11
14
11
21
11
11
40
24
12
11
11
11
13
17
11
11
11
11
11
11
11
11
12
11
16
11
11
11
11
11
11
11
16
19
11
11
11
20
11
32
23
29
12
11
20
19
11
11
27
14
22
21
