11
11
11
18
23
24
13
29
20
11
25
19
32
18
11
25
13
15
11
11
30
14
18
11
13
11
36
12
40
31
28
16
16
11
38
17
11
28
32
15
28
11
15
32
11
27
15
11
11
12
11
11
11
19
12
11
17
20
13
11
13
11
12
11
14
17
11
39
11
11
14
16
11
20
11
11
16
11
11
11
12
11
11
13
13
18
11
14
11
11
15
11
37
12
14
25
22
31
18
12
11
11
11
11
11
11
11
15
11
11
15
11
11
14
11
12
12
11
13
11
11
11
12
15
11
11
12
11
11
13
11
14
11
16
11
13
15
11
13
12
14
11
11
11
11
11
11
11
11
11
14
11
19
12
11
34
23
32
11
21
11
11
13
12
25
11
34
22
16
35
25
15
19
11
32
29
20
21
11
11
29
28
11
20
11
35
30
30
18
17
11
11
11
14
11
11
27
14
15
11
23
11
14
25
26
12
21
33
12
13
12
25
20
13
35
11
17
15
11
12
11
11
11
23
11
14
13
12
14
11
11
15
11
11
11
11
14
25
11
11
13
11
11
11
18
13
14
12
11
12
11
16
11
13
11
11
11
20
16
13
11
16
11
11
12
11
14
11
14
13
12
11
11
14
12
17
21
12
17
17
12
15
11
14
12
14
11
26
33
11
15
11
17
11
16
15
11
13
11
11
12
11
14
11
11
39
19
16
27
21
12
15
25
20
11
20
16
11
12
11
11
12
12
11
11
20
12
11
11
11
11
11
12
12
11
13
15
11
12
15
12
14
18
20
11
15
23
14
14
11
11
19
13
13
18
11
16
11
14
12
11
12
15
13
11
11
11
11
12
11
11
11
19
11
15
13
15
13
11
13
11
11
11
11
12
15
11
11
16
15
15
46
21
27
35
29
14
15
21
36
15
22
27
15
18
11
25
11
16
16
12
11
33
25
17
11
11
21
11
19
11
38
34
16
11
13
11
11
16
11
15
11
15
11
42
11
24
27
11
37
27
11
15
11
14
11
11
16
13
15
11
21
11
17
12
20
19
12
12
11
30
16
11
37
16
32
42
11
15
30
14
13
11
20
11
28
11
13
16
33
14
38
28
40
11
17
38
16
11
18
19
11
11
26
11
34
11
27
11
17
16
30
14
13
11
15
25
16
12
11
23
11
18
14
12
11
12
18
29
11
35
11
33
11
34
11
30
45
13
20
11
17
11
23
11
17
16
20
36
28
11
11
25
11
11
26
14
16
18
42
16
11
31
11
11
13
17
11
16
11
13
12
11
14
11
11
15
12
11
11
12
12
14
18
19
11
11
20
16
17
11
11
11
11
14
12
15
11
17
12
11
11
18
11
12
11
11
11
11
13
15
15
17
14
14
11
16
18
14
15
11
11
13
13
14
13
19
19
11
11
11
21
12
11
11
11
12
11
11
11
11
11
11
12
11
11
11
11
11
11
11
11
18
14
16
11
11
11
13
11
11
15
12
13
12
12
13
11
11
11
11
12
17
13
11
18
13
12
16
18
13
15
15
11
12
21
37
25
12
11
11
12
11
14
12
13
11
12
13
12
12
12
11
11
13
19
20
11
13
11
12
11
11
11
17
13
11
13
11
11
11
11
11
11
12
18
13
15
11
11
12
11
19
11
12
11
11
11
11
18
12
11
12
11
14
11
11
14
11
11
23
13
13
14
16
11
13
13
11
11
11
18
17
17
11
12
12
14
11
11
14
12
13
11
13
11
12
14
11
12
11
14
14
13
11
18
11
13
11
11
11
13
14
17
14
12
12
11
11
11
11
12
11
12
11
11
11
11
11
11
16
11
11
12
11
14
11
12
18
14
11
11
11
14
11
11
18
11
11
14
11
11
11
13
11
11
14
18
11
13
11
11
11
19
11
14
12
11
14
12
11
11
11
11
11
14
11
12
11
11
12
11
13
11
11
13
14
11
30
11
15
11
15
11
15
11
15
13
11
11
11
11
11
24
11
15
11
15
11
11
14
11
15
11
15
11
11
11
11
11
11
11
11
11
11
11
11
11
11
11
11
11
11
11
11
11
11
11
11
11
11
11
11
11
11
11
11
11
11
11
11
11
11
11
11
11
11
11
11
11
11
11
11
11
11
11
11
11
11
11
11
11
11
11
11
11
11
11
11
11
11
11
11
11
11
11
11
11
11
11
11
11
11
19
11
11
11
28
11
13
13
16
11
15
16
12
11
11
11
11
11
11
11
11
11
12
11
11
11
11
11
11
12
11
12
27
12
13
21
11
11
16
11
12
11
11
16
11
12
11
11
11
11
11
11
14
11
15
13
11
14
13
11
11
11
11
11
11
11
11
11
11
11
12
11
11
12
12
12
11
11
13
13
11
11
13
11
11
11
24
17
11
19
23
11
25
11
15
11
15
11
15
11
25
11
11
14
11
15
11
15
11
12
11
15
11
15
11
14
27
20
19
20
11
15
19
11
15
11
15
11
15
17
19
19
17
11
22
11
18
11
25
11
25
11
25
11
19
