27
26
26
36
26
26
26
21
38
39
33
33
11
30
32
11
17
16
26
30
33
33
33
28
31
26
19
36
29
19
19
36
29
27
11
11
11
11
11
11
11
11
11
11
11
11
11
11
11
11
11
11
11
11
11
11
11
11
11
12
11
11
14
11
11
12
11
11
11
11
14
17
11
11
12
14
12
11
13
11
11
13
11
13
12
20
12
11
15
12
14
12
11
13
11
15
13
11
11
12
13
11
11
11
11
12
16
16
11
11
11
11
13
11
16
12
11
13
11
11
11
12
11
11
27
17
13
11
12
11
11
11
17
11
16
19
19
11
11
11
11
15
15
11
11
12
15
21
17
11
11
18
11
18
11
13
11
11
13
12
11
13
11
11
11
11
17
11
17
27
14
13
15
13
11
17
13
14
11
13
16
16
12
11
11
11
18
12
11
11
16
14
13
16
15
16
11
11
11
11
16
11
16
11
11
12
12
12
11
25
14
13
15
11
21
13
11
13
26
12
16
15
19
11
12
18
15
16
14
18
15
14
14
11
13
12
12
12
19
11
13
11
12
14
11
11
11
11
14
11
14
11
12
16
12
13
12
14
11
11
11
12
11
11
11
11
11
12
15
20
11
12
11
12
17
11
16
11
11
11
13
11
12
14
13
12
12
11
13
17
11
14
11
17
11
11
13
18
19
14
12
15
11
14
11
13
13
11
15
11
13
13
17
15
11
11
13
11
11
22
29
13
29
23
30
29
27
32
24
15
11
25
11
22
40
12
11
13
11
11
11
11
14
15
11
12
11
11
14
17
14
12
15
23
16
22
11
15
15
14
17
11
11
14
14
13
12
18
15
13
11
12
11
12
15
16
11
11
11
13
13
11
11
13
17
11
11
13
11
11
11
11
13
12
12
22
11
14
11
11
14
13
11
14
14
11
11
11
11
11
11
14
11
11
14
11
11
11
15
11
16
11
11
11
11
20
15
14
18
11
13
12
11
16
11
13
11
11
17
21
14
13
13
18
11
11
13
13
11
11
19
12
17
25
11
22
14
12
13
21
11
13
11
11
11
18
13
15
13
13
11
12
14
11
12
11
11
13
17
11
15
11
24
16
18
14
14
14
11
14
11
13
13
11
17
15
12
17
11
11
11
20
14
13
12
11
11
11
13
11
11
11
11
11
13
11
16
19
11
11
20
13
11
11
12
21
13
14
11
15
11
14
12
17
11
12
11
11
11
11
11
11
16
15
14
12
14
14
11
13
11
16
15
12
16
12
11
12
16
11
13
11
13
11
12
11
14
11
11
12
12
11
11
27
12
11
19
11
11
11
15
11
22
15
25
11
40
34
11
20
33
29
33
11
18
11
14
21
18
11
34
11
17
21
11
24
15
11
21
38
21
11
25
14
27
16
11
24
16
17
14
11
35
19
15
14
30
11
12
21
14
11
28
34
43
11
19
11
11
29
11
19
14
11
31
24
23
17
23
15
12
14
16
20
31
11
14
16
11
11
11
11
15
23
18
12
13
12
13
11
14
11
13
12
14
12
15
11
13
12
12
13
11
11
13
11
12
11
12
17
11
12
12
13
15
11
11
13
11
11
15
14
14
15
12
12
11
14
13
12
11
13
14
15
11
15
13
12
13
27
13
13
11
12
11
11
17
12
20
12
13
15
11
11
11
12
11
11
13
12
12
15
11
11
11
12
12
11
11
14
11
13
11
11
19
12
11
14
19
12
11
11
13
12
11
13
11
11
11
12
13
14
11
11
18
11
11
16
11
19
17
22
11
14
12
11
11
11
13
11
14
12
11
11
12
15
30
12
12
19
12
11
11
11
18
11
13
11
12
12
17
12
12
11
13
14
13
18
13
11
11
11
14
11
16
12
15
13
11
12
11
11
13
15
16
13
17
13
12
11
15
11
13
19
11
23
15
15
11
11
12
14
15
16
11
11
12
15
14
16
20
12
12
11
11
15
11
18
13
30
12
33
25
28
29
29
29
29
29
29
29
29
13
29
36
26
26
26
26
19
11
11
11
13
29
29
29
29
26
29
29
29
29
33
16
36
29
16
13
11
15
11
13
18
29
11
11
21
29
29
23
11
18
11
15
11
15
11
22
23
11
14
11
16
11
15
11
11
11
11
11
11
17
11
11
14
11
15
11
25
11
15
11
15
11
15
11
12
13
11
11
