102
101
101
106
106
101
102
104
101
101
110
122
119
101
117
121
116
130
101
101
123
120
103
116
101
101
114
119
108
101
103
101
103
106
106
106
106
106
103
113
109
101
103
106
103
113
105
101
101
101
106
108
114
101
101
105
124
114
101
121
102
105
101
121
111
102
102
101
101
102
102
101
104
101
102
101
102
104
101
110
101
102
110
107
105
101
102
109
101
101
111
101
101
107
108
106
106
106
109
113
119
109
116
101
109
119
106
113
103
116
106
109
123
103
113
109
103
106
116
119
101
101
113
101
101
101
104
103
118
104
101
101
106
103
113
101
101
110
101
106
113
101
114
110
101
101
101
109
104
110
101
106
101
101
101
112
101
108
106
101
105
106
101
106
106
