35
28
17
11
11
44
19
11
36
14
16
33
26
33
43
28
17
11
11
27
30
29
37
19
37
26
19
12
34
19
12
11
25
11
28
36
11
38
11
35
29
11
35
32
37
36
11
18
11
33
22
12
37
30
29
17
11
35
11
31
17
36
29
39
36
11
18
30
15
19
11
38
34
21
11
11
21
29
28
29
29
11
35
36
12
32
27
34
11
38
36
31
35
12
11
11
11
11
11
11
11
11
11
11
11
11
11
11
11
11
23
13
11
11
11
13
11
11
19
11
14
11
11
11
13
11
14
25
11
27
11
12
12
24
19
19
29
12
17
11
11
29
17
11
27
13
11
29
16
11
11
38
30
30
13
22
24
17
25
23
13
19
19
20
11
25
11
11
28
11
24
11
43
12
11
11
40
11
13
12
15
11
34
12
28
19
16
19
20
21
38
28
37
30
18
19
11
17
11
16
20
27
14
21
23
18
11
22
12
12
37
16
18
29
11
35
30
11
19
15
19
30
11
13
11
30
32
17
13
36
34
12
11
23
11
23
11
32
14
28
17
11
11
11
25
11
24
13
11
43
11
11
11
33
22
11
11
31
12
11
12
11
36
14
11
40
29
18
29
20
11
29
25
11
31
11
40
19
19
16
19
23
27
26
18
12
13
11
36
17
19
11
27
11
36
27
20
29
16
11
21
19
17
38
11
18
12
16
32
11
11
22
12
14
12
17
29
26
11
11
14
23
22
26
29
26
13
24
20
11
25
31
12
25
19
32
13
20
19
15
11
21
39
15
11
14
26
14
12
11
15
13
28
20
39
17
11
11
17
18
18
36
11
11
23
13
11
15
30
11
11
11
24
30
22
14
15
26
14
11
11
26
23
11
22
37
11
29
11
11
11
13
20
11
37
19
19
17
16
11
12
11
17
14
11
21
14
13
11
18
36
34
24
17
19
19
16
11
12
15
36
13
20
29
28
34
18
11
19
19
12
27
11
18
20
11
28
18
11
11
31
11
13
12
25
13
11
15
11
30
14
16
11
20
25
12
24
11
26
29
13
12
38
25
11
11
17
11
12
14
11
16
12
28
28
28
12
12
11
16
20
15
17
12
15
13
22
24
11
13
11
23
11
23
12
22
11
32
11
16
11
11
13
34
15
12
12
33
11
20
18
14
14
13
23
12
37
26
36
17
16
12
17
11
32
12
11
11
11
27
31
21
11
11
11
14
18
11
32
14
11
11
21
38
29
11
16
21
11
14
13
12
14
37
13
36
11
11
17
38
21
17
11
33
11
12
14
24
14
22
13
22
11
17
23
11
35
17
12
32
11
23
28
11
33
11
25
27
11
26
22
11
16
11
13
22
11
38
11
27
38
13
24
11
11
11
22
13
28
23
11
22
19
36
30
32
19
27
16
11
11
11
28
35
18
22
14
11
11
28
18
29
35
11
20
11
32
11
15
11
17
18
36
30
11
19
11
