11
11
34
33
33
29
26
39
11
11
40
29
29
23
18
14
13
29
26
29
26
26
26
26
29
47
11
25
11
25
26
46
13
26
29
26
39
17
35
37
28
37
16
19
22
34
16
19
19
23
33
29
11
11
18
39
39
39
39
36
33
33
33
33
33
33
36
26
26
26
26
26
33
33
26
26
19
26
43
33
33
11
22
33
29
11
35
26
26
21
42
26
26
23
13
26
26
26
26
26
26
26
26
26
26
26
26
26
26
26
26
26
26
26
26
26
16
26
26
13
26
26
26
26
26
26
13
46
14
11
23
19
11
37
26
11
21
11
29
11
20
11
24
11
24
15
11
27
35
17
15
13
26
18
44
13
29
11
11
32
15
14
17
22
30
23
36
43
27
35
11
11
28
16
13
27
33
16
13
23
13
11
31
15
18
13
11
29
11
28
31
11
25
11
28
33
14
11
30
54
14
11
30
33
33
15
19
15
39
43
20
16
23
11
28
20
11
19
11
21
24
32
17
11
27
12
20
18
11
36
25
44
23
19
20
16
13
18
11
29
27
19
19
15
11
32
11
21
12
16
16
11
11
26
17
11
31
13
19
16
23
11
28
26
11
33
34
26
17
13
14
11
15
11
11
11
11
15
26
23
27
25
13
23
29
29
19
28
28
26
33
22
11
26
28
28
24
12
29
19
11
32
19
22
34
16
29
17
16
33
34
32
39
29
34
23
43
29
39
33
11
11
11
11
11
11
11
11
11
11
20
11
19
28
12
13
13
15
16
18
15
11
16
11
14
15
15
12
15
12
11
16
20
11
19
26
16
11
22
11
11
15
11
11
12
11
11
12
11
15
15
18
21
11
13
15
19
11
34
11
20
14
15
12
11
12
11
11
19
14
13
26
12
18
11
35
26
19
22
27
26
26
26
29
26
26
24
32
33
26
26
26
26
26
26
26
26
26
26
26
26
26
26
16
26
13
37
14
21
29
29
20
26
26
32
28
45
18
27
24
18
35
34
19
28
17
25
31
26
36
16
23
21
24
13
23
14
42
26
23
29
11
22
29
16
26
29
29
11
42
36
21
41
31
11
27
23
21
37
34
16
29
30
19
24
26
11
16
19
13
24
39
19
29
26
39
26
33
11
21
16
11
11
24
25
20
11
28
17
35
23
21
31
16
28
11
40
23
23
21
37
11
24
11
21
36
11
25
11
33
27
27
26
33
29
11
18
25
38
26
11
18
13
39
37
21
42
29
33
33
19
33
16
30
