11
11
34
29
26
21
45
26
26
26
26
26
26
19
35
14
11
27
11
26
11
12
11
15
11
14
11
17
13
11
11
16
12
17
11
11
14
14
14
11
11
11
11
11
11
13
11
15
11
28
34
13
15
13
21
21
15
17
11
11
11
27
14
11
20
19
19
19
35
11
18
19
11
31
11
24
14
11
22
11
37
29
11
21
12
11
19
11
19
14
22
11
28
23
11
42
27
17
11
23
14
24
18
11
11
14
35
14
15
19
38
11
33
12
27
11
23
15
15
26
11
11
16
15
29
34
13
28
12
23
11
16
16
19
11
19
29
11
17
15
22
11
11
30
15
20
25
21
11
11
11
11
11
31
28
22
38
13
16
17
11
18
11
27
12
24
11
28
35
12
29
27
11
23
14
21
36
34
18
23
11
33
19
11
19
11
20
27
11
11
27
18
11
11
11
36
19
18
21
18
11
27
30
30
15
24
16
16
19
19
11
11
32
13
11
31
15
19
11
22
11
12
32
25
11
35
11
19
19
12
19
16
19
11
16
11
19
22
33
38
33
11
16
11
11
17
34
11
11
18
11
11
25
36
11
11
29
11
11
11
28
14
19
17
17
12
19
28
11
11
35
29
20
11
37
16
12
19
18
13
12
12
19
19
20
12
24
28
18
17
12
35
11
20
11
32
20
11
17
11
11
13
16
43
11
17
11
25
13
11
29
28
11
30
11
24
38
15
17
17
11
31
28
20
12
19
11
11
11
18
19
28
37
11
18
29
11
33
15
15
12
29
31
30
11
25
22
25
28
26
29
29
11
29
19
11
32
24
11
15
29
11
33
13
33
11
13
11
35
16
13
25
11
20
11
27
11
19
17
11
11
18
11
18
19
29
29
11
23
13
11
11
24
34
11
29
12
29
11
27
18
11
12
19
11
25
15
11
11
31
11
25
11
15
25
11
11
13
11
14
27
11
11
12
15
11
11
11
26
27
11
11
13
22
21
12
11
18
12
19
47
36
14
11
34
11
30
22
11
29
11
24
17
18
11
11
11
16
11
30
32
11
11
39
38
13
16
36
12
24
11
12
31
35
24
14
39
11
17
29
17
12
11
11
15
11
36
14
13
27
31
27
11
13
11
11
20
37
19
22
15
29
26
12
17
11
19
28
16
12
17
24
25
29
17
11
25
35
24
11
28
25
13
21
11
12
13
16
34
13
11
39
29
33
15
11
29
33
13
26
12
19
28
11
11
24
34
18
25
27
12
23
19
11
34
27
27
21
11
25
18
17
16
13
11
13
11
20
18
18
11
22
11
11
15
14
11
26
25
23
19
11
27
18
14
14
11
27
11
20
11
11
11
11
11
18
19
16
11
11
11
11
11
15
11
17
15
11
12
15
12
17
11
11
16
11
11
17
16
12
11
11
16
13
11
14
11
11
17
28
29
14
11
15
11
11
11
16
15
11
16
19
11
19
17
11
11
16
28
11
11
14
17
11
11
11
17
11
17
11
11
11
11
19
14
11
12
11
12
14
29
23
11
11
16
19
19
12
11
14
14
11
11
11
11
11
11
11
11
14
11
11
11
12
12
15
11
14
36
22
12
12
11
11
12
12
11
11
11
11
11
11
11
11
11
11
14
11
12
11
12
13
12
14
16
12
12
12
11
11
11
11
11
11
13
15
11
11
11
12
11
11
11
11
13
11
11
11
11
11
11
11
11
11
11
11
11
11
11
11
11
11
11
11
11
11
12
11
11
11
11
11
11
11
11
11
11
12
11
11
11
11
11
11
11
11
11
11
11
11
11
11
11
11
11
11
11
11
11
11
11
11
11
11
11
11
11
12
11
11
11
11
11
14
12
11
11
11
11
11
11
11
11
11
11
11
11
11
11
11
11
11
11
11
11
11
11
11
11
11
16
11
14
11
11
15
11
28
11
18
11
15
11
11
11
11
11
11
20
11
15
11
11
11
11
11
11
11
11
11
11
11
11
11
11
12
11
22
11
18
11
15
11
15
11
15
11
11
24
11
15
11
15
11
13
11
14
11
15
11
15
11
13
11
11
11
11
11
11
22
11
11
11
13
11
15
11
15
11
12
11
11
11
11
11
21
11
24
11
20
11
27
11
25
11
24
11
