108
122
101
123
119
106
124
101
101
105
101
112
109
123
101
101
107
101
126
101
127
112
113
116
101
109
101
110
115
101
102
123
106
119
107
105
101
122
101
101
120
119
113
101
101
101
116
103
101
105
103
102
101
109
117
102
101
104
107
101
109
101
102
101
101
103
104
112
104
101
110
105
104
102
118
107
105
111
112
101
102
102
108
101
112
118
101
126
121
102
102
106
109
118
108
101
106
105
106
102
101
101
105
110
102
105
103
101
101
116
101
102
102
104
101
102
101
104
107
106
103
101
119
113
119
113
105
103
116
119
114
101
101
103
108
102
101
106
110
103
101
101
101
115
106
109
101
101
101
101
101
113
101
106
101
105
101
112
106
101
105
101
106
106
106
