113
103
103
106
106
106
106
119
116
101
101
101
107
111
101
109
101
103
107
103
101
117
119
101
119
106
116
103
117
105
102
101
102
101
101
103
101
101
101
116
103
101
101
101
101
102
105
106
101
103
101
101
103
101
102
101
101
104
101
101
125
102
120
101
101
107
105
102
105
103
102
118
106
104
101
101
113
101
101
102
121
101
101
101
101
101
102
105
105
107
115
108
121
108
101
129
101
101
101
101
106
121
108
102
101
101
101
102
103
105
101
102
101
102
110
104
101
101
101
101
101
101
101
101
102
103
101
102
103
113
101
101
103
101
101
101
101
106
107
108
101
101
101
101
101
101
101
101
101
102
101
101
104
101
103
102
101
101
101
101
