11
25
38
13
32
17
35
40
18
35
26
13
19
26
33
40
33
26
26
11
35
36
26
26
26
11
22
26
29
29
26
33
33
23
26
39
26
26
43
26
26
19
26
26
26
29
16
26
29
33
19
26
26
23
19
26
26
26
23
26
26
26
25
37
23
19
29
26
26
26
29
26
22
42
11
30
30
16
14
19
17
27
24
30
39
35
35
11
11
12
12
11
14
11
14
24
11
33
23
11
14
11
12
19
32
31
17
14
17
23
15
11
12
15
11
15
13
12
13
11
15
11
11
12
11
15
11
11
14
11
12
12
15
15
14
11
13
12
11
11
11
12
23
11
18
11
15
11
16
12
19
12
11
20
11
27
26
12
13
15
16
19
12
12
17
11
14
12
12
16
15
17
11
22
11
20
24
11
31
11
38
20
46
14
12
11
11
11
11
11
11
12
15
31
15
25
11
25
18
36
11
11
17
11
16
11
11
14
11
14
13
16
11
12
12
15
12
11
12
14
13
15
11
11
13
11
11
12
11
11
11
17
20
27
13
12
11
14
11
15
12
11
12
12
13
18
14
11
18
13
11
28
23
29
29
13
29
29
26
11
32
11
35
33
29
13
11
12
11
11
13
12
11
13
19
11
13
18
13
11
11
11
11
11
11
11
11
12
12
12
11
11
11
16
11
11
11
11
11
22
11
12
14
11
22
14
11
11
13
13
11
12
11
15
11
12
11
11
11
11
14
11
21
15
17
32
11
11
28
11
18
11
11
11
12
11
11
14
13
11
11
17
13
11
19
21
14
11
14
11
17
11
11
16
12
11
11
12
12
13
11
13
15
17
15
12
12
11
11
11
11
12
11
11
14
12
11
11
18
14
11
16
11
20
11
24
20
11
15
13
11
15
11
12
13
21
11
11
13
17
11
19
16
42
32
11
15
11
11
12
11
11
15
11
13
11
16
16
18
12
11
11
14
23
11
11
14
12
13
12
14
14
11
14
13
12
12
31
13
16
14
12
17
12
11
12
13
13
11
14
11
13
19
16
14
11
13
11
11
22
11
11
12
11
13
16
11
17
14
11
11
11
12
13
11
14
11
11
11
11
16
12
11
11
11
11
11
11
11
11
14
11
14
11
14
26
11
11
11
11
12
11
13
11
11
16
11
12
11
13
14
11
11
11
11
18
11
16
11
12
11
11
13
22
11
26
20
23
26
29
22
31
32
23
16
11
19
13
14
11
14
11
22
11
14
11
13
15
11
11
11
13
13
11
12
14
11
11
11
13
11
11
11
20
11
22
11
15
13
13
11
11
14
14
11
11
12
16
18
11
12
15
18
15
11
11
11
14
11
11
11
11
29
11
16
24
36
20
29
16
37
35
11
29
36
11
37
16
19
31
11
31
14
11
25
11
24
11
24
11
25
14
16
25
11
21
12
23
11
25
18
18
17
18
11
28
17
11
24
33
11
22
13
23
19
17
11
26
13
14
21
31
16
11
17
16
18
31
13
21
11
24
21
25
12
38
29
13
19
23
30
18
11
24
11
19
11
32
32
17
21
32
11
11
30
16
11
24
11
26
31
11
12
13
12
15
14
24
11
12
26
11
18
35
13
22
33
11
11
14
12
13
11
14
13
11
15
18
13
11
11
16
28
20
11
25
14
12
21
12
11
11
13
16
11
14
12
11
11
20
11
15
18
11
11
11
11
13
18
13
29
26
13
25
11
24
34
11
11
31
11
11
32
37
11
11
11
16
33
11
22
16
16
20
15
26
11
11
18
24
21
11
31
26
17
11
26
31
27
11
25
11
21
11
28
18
17
36
25
11
11
18
21
12
11
11
11
11
11
11
11
30
14
19
11
12
13
14
12
12
11
15
30
29
29
36
11
15
11
15
11
15
29
20
29
29
19
11
11
11
13
11
15
11
12
17
18
29
23
11
15
11
18
11
15
11
15
11
32
11
25
11
15
11
15
11
12
29
29
33
16
23
11
15
11
15
11
15
11
15
11
15
11
15
11
15
11
15
11
15
11
15
23
11
15
11
15
11
15
11
15
11
15
11
12
11
15
11
15
11
15
11
15
11
15
11
15
11
15
11
15
11
15
11
13
11
14
11
22
11
15
11
16
11
14
11
15
11
15
11
15
11
15
11
11
21
11
15
11
11
11
11
11
11
11
11
11
11
11
11
24
11
15
11
16
11
17
11
15
11
15
11
15
11
15
11
15
11
15
11
11
11
11
11
11
17
11
15
11
11
21
11
15
11
21
19
11
18
11
11
11
11
11
11
20
19
19
19
28
23
14
18
19
19
11
17
19
19
20
19
20
23
16
12
11
17
11
24
11
21
11
11
11
18
22
11
13
13
15
17
11
11
11
11
11
11
23
11
25
11
11
15
23
12
11
13
11
11
16
11
11
11
27
11
16
11
