11
14
33
32
41
20
31
19
19
11
22
11
18
27
35
26
26
29
22
36
27
26
29
16
36
29
34
39
21
32
20
17
22
37
15
11
11
11
13
14
15
15
11
11
12
14
15
14
11
11
11
11
16
13
12
15
21
15
15
13
30
22
11
17
17
43
39
39
39
39
36
33
33
33
33
33
33
36
26
26
26
26
26
33
33
26
24
28
29
19
33
33
33
13
11
30
42
26
26
26
29
19
26
26
29
28
26
26
26
26
26
26
26
26
26
26
26
26
26
26
26
26
26
26
26
26
29
26
24
28
26
26
26
26
26
33
14
11
41
22
33
11
13
22
11
29
22
32
11
23
11
23
11
26
17
30
20
11
29
16
12
19
13
23
17
29
28
11
17
19
11
29
11
22
11
28
19
21
11
37
22
17
11
27
11
13
25
11
26
11
14
30
33
16
14
16
11
29
18
13
16
23
16
13
22
13
19
11
27
11
28
12
11
33
42
30
43
21
18
11
43
18
15
12
28
31
11
27
14
11
28
17
11
25
11
20
14
27
32
16
11
31
34
35
35
11
29
36
46
12
11
14
11
24
11
11
35
33
13
11
15
11
11
11
16
19
14
17
21
13
21
11
12
14
11
17
15
11
12
12
11
11
11
12
13
13
11
11
17
11
22
11
11
24
11
19
21
11
11
13
11
12
14
13
11
11
11
13
13
22
11
19
11
11
13
16
12
11
11
13
11
11
11
11
13
13
13
12
22
34
11
30
24
29
23
19
33
29
23
21
21
11
36
21
18
33
11
33
34
30
35
31
31
11
11
11
11
11
11
11
11
12
11
17
13
18
11
12
16
17
16
18
22
14
11
16
13
13
11
19
11
11
11
11
11
11
12
12
14
15
13
11
16
14
11
13
11
11
16
33
22
24
29
26
25
34
23
11
42
20
38
14
31
30
17
11
24
11
16
38
11
32
29
11
32
13
18
11
33
11
28
20
32
29
19
20
31
24
33
41
13
29
19
20
28
30
29
28
11
29
19
33
13
36
26
11
40
28
30
32
29
28
11
36
11
11
14
11
22
29
26
26
29
29
29
33
19
16
26
24
35
29
19
26
26
33
26
26
26
26
26
26
26
26
19
26
19
21
48
26
26
29
19
13
26
26
26
26
26
26
26
29
26
26
27
18
26
26
11
25
23
26
26
33
26
19
26
20
48
26
11
45
19
33
29
26
29
33
19
26
23
13
33
16
29
29
29
29
33
29
19
30
15
20
16
11
28
11
36
23
17
18
11
20
11
22
17
11
19
38
19
29
30
28
27
21
15
20
15
22
40
19
16
12
15
11
31
11
22
28
14
33
29
28
24
20
13
11
11
11
11
11
11
17
23
11
24
27
11
11
24
11
11
17
11
28
19
11
12
11
18
29
11
15
11
11
11
19
11
28
11
11
17
18
11
21
23
11
17
11
23
11
21
22
11
28
11
13
16
11
19
11
11
26
15
13
23
11
11
11
18
15
18
17
11
11
12
24
11
13
11
11
11
11
11
11
11
12
24
11
13
19
11
23
16
15
14
23
11
11
11
20
22
11
11
12
16
18
11
23
11
21
11
11
11
18
19
13
11
11
11
11
11
11
11
19
16
15
11
15
19
11
29
11
11
11
16
11
15
11
15
16
11
18
11
11
13
16
11
15
12
13
11
15
17
14
11
22
15
11
13
11
11
13
12
13
11
11
17
11
11
11
11
11
11
11
11
11
11
14
11
11
11
12
11
11
11
11
11
11
11
11
11
11
12
11
11
11
11
11
11
15
20
11
11
11
11
11
12
11
11
11
11
11
11
11
11
11
11
14
12
14
11
11
15
18
13
11
21
11
15
15
11
11
15
11
14
11
12
11
20
11
15
11
15
11
14
11
17
11
14
11
19
17
11
13
11
25
11
11
11
11
11
11
11
11
11
11
13
11
11
11
11
11
11
11
