13
11
23
15
11
20
16
14
11
14
12
15
13
21
14
13
13
11
12
14
19
16
13
13
11
11
16
11
11
11
11
17
11
16
13
14
12
11
11
18
13
12
11
15
16
14
12
13
13
12
13
11
11
12
13
14
11
11
17
13
12
12
11
33
11
12
12
12
12
17
12
14
11
11
12
13
11
11
23
26
18
14
11
14
25
11
42
16
16
20
11
11
11
13
11
11
14
13
20
16
11
36
11
23
14
11
26
11
32
23
11
38
11
27
29
34
11
17
58
15
11
26
25
11
15
16
15
11
26
11
11
28
11
23
11
13
18
28
25
11
11
32
11
16
16
19
19
19
16
20
13
23
16
17
11
47
35
28
25
32
11
29
16
11
29
28
22
37
32
11
31
30
35
11
25
39
11
32
13
31
32
11
21
20
19
26
11
11
20
18
27
11
24
28
33
23
21
35
11
26
35
29
21
11
21
36
11
28
16
18
11
27
16
35
40
29
11
25
35
11
11
44
23
19
40
28
31
13
33
20
16
26
33
11
22
19
16
11
42
40
29
26
30
19
38
11
23
11
25
30
14
35
23
16
13
26
11
24
14
19
37
30
28
31
13
13
26
37
21
35
32
18
11
23
33
13
23
29
31
39
35
27
13
11
27
11
11
34
36
32
11
27
18
27
27
11
12
47
20
15
11
39
37
11
25
41
28
28
24
11
17
11
13
11
28
11
21
11
28
11
21
11
28
31
11
32
30
11
29
16
30
11
31
13
11
23
11
28
12
19
21
18
11
11
11
11
11
13
12
18
14
13
16
11
17
18
13
11
11
11
11
11
12
12
11
12
11
15
11
11
11
11
11
11
11
13
11
15
17
11
20
13
11
15
13
20
11
11
13
11
11
11
16
16
18
16
11
17
11
13
11
13
15
11
11
15
11
18
11
11
12
16
12
49
29
29
20
22
23
19
19
16
18
11
16
11
11
15
12
11
18
11
11
11
16
11
11
11
12
20
11
11
11
12
11
17
11
13
11
11
14
19
11
11
11
15
20
15
11
17
11
11
11
16
11
15
11
11
11
21
11
11
11
20
11
11
22
13
12
13
18
11
26
38
30
12
37
13
26
17
17
15
23
13
19
19
11
29
16
11
21
11
27
11
26
16
11
25
16
11
11
14
28
23
19
33
12
18
11
12
14
22
14
16
11
28
15
15
12
33
11
12
12
31
11
25
25
13
28
11
28
40
12
35
11
25
11
26
11
11
11
11
24
36
11
11
29
19
17
24
18
28
11
25
33
34
38
26
11
11
11
23
26
11
19
19
11
15
24
22
18
32
11
16
11
12
12
12
11
19
11
15
13
11
11
17
15
15
11
11
11
11
12
12
26
12
11
12
13
15
13
14
11
13
11
11
11
11
13
11
21
11
11
15
11
15
12
11
12
13
13
12
19
15
11
11
13
18
11
11
11
11
11
13
11
12
11
17
15
12
12
11
11
11
12
12
11
18
12
11
11
11
11
13
11
14
15
24
11
11
11
15
12
11
11
18
12
13
12
13
11
20
17
11
20
15
13
11
11
11
11
16
12
11
11
12
11
11
15
11
11
17
17
14
16
14
12
20
15
11
11
11
11
22
28
11
24
26
13
14
11
11
11
14
12
11
14
13
18
25
11
17
33
11
15
25
14
11
11
12
11
23
16
27
34
15
19
11
26
11
25
17
18
11
11
11
11
11
26
24
20
30
11
17
20
11
11
12
11
13
14
16
13
11
12
12
12
19
13
22
11
24
35
11
25
11
11
27
11
12
11
25
11
12
11
11
25
11
20
11
26
11
11
11
22
18
11
23
11
25
11
11
11
11
11
11
11
12
18
11
20
11
24
11
26
11
18
26
11
19
11
25
19
11
26
11
19
11
15
17
19
11
18
21
11
19
11
23
11
11
11
18
24
11
25
11
11
12
11
28
11
17
14
11
14
11
11
11
11
11
11
11
11
11
11
11
11
11
11
11
11
11
25
11
18
19
18
26
11
11
11
11
11
11
11
11
11
11
11
11
11
11
11
11
11
11
11
11
11
18
13
11
11
11
11
14
11
11
11
11
11
11
11
11
11
11
11
11
11
11
11
11
16
19
11
11
16
11
28
11
21
11
11
11
20
17
11
11
11
11
11
11
11
11
11
11
11
11
11
11
11
11
11
11
11
22
11
20
11
16
30
11
11
11
11
11
11
13
11
16
11
25
18
19
14
11
11
11
11
11
11
11
11
11
11
12
13
