11
12
33
33
29
26
22
11
19
29
19
29
26
29
29
26
20
29
26
29
26
26
26
33
36
36
33
43
27
11
35
26
43
29
19
29
23
13
20
13
36
29
11
19
39
29
30
19
23
26
30
11
35
33
33
26
19
33
33
29
39
39
43
29
39
39
39
19
13
33
36
33
26
33
36
11
32
33
23
26
26
23
19
24
22
26
16
26
29
40
26
29
29
13
24
42
26
29
19
33
14
45
13
26
33
22
16
35
19
32
11
19
11
42
11
30
31
13
22
11
43
11
27
35
30
11
37
32
21
42
26
29
29
29
26
26
21
33
34
36
33
39
33
33
29
19
26
23
26
16
36
11
25
43
26
33
26
30
26
26
18
11
21
11
27
17
11
11
33
32
11
16
11
11
17
14
11
11
18
11
11
11
24
21
16
11
11
28
38
16
11
13
11
17
11
11
11
11
11
11
11
11
11
11
11
11
11
11
11
11
11
11
11
11
11
11
11
11
11
11
11
38
17
11
35
48
11
29
31
11
24
33
30
19
14
33
33
20
11
34
12
21
11
26
40
19
11
24
45
27
27
37
29
30
14
11
19
37
33
29
37
30
11
11
17
33
29
30
23
21
21
27
29
11
35
28
34
31
35
42
27
19
30
32
31
29
33
36
34
24
26
19
29
23
26
36
33
39
11
45
36
13
39
23
39
46
36
12
20
12
13
21
11
23
12
12
11
11
16
14
19
11
21
12
12
15
11
11
11
11
11
11
11
11
13
17
11
14
15
12
11
12
11
11
11
11
11
11
11
11
11
12
15
16
11
14
15
14
14
11
13
11
18
11
15
16
13
11
12
19
12
11
12
12
17
16
14
14
11
11
12
12
12
17
11
12
19
12
11
15
19
26
26
29
26
19
26
21
42
26
26
13
29
19
26
26
26
26
26
26
26
26
26
26
26
26
26
26
33
24
18
26
29
29
29
29
26
26
29
29
29
29
29
26
29
29
29
29
29
16
26
26
33
26
29
26
26
25
27
26
26
26
26
26
26
26
26
26
19
26
16
19
26
26
26
11
18
33
26
26
26
26
26
26
23
26
26
26
11
35
26
21
28
25
11
33
26
13
19
26
26
26
11
18
33
26
19
11
18
26
29
29
26
29
49
26
20
28
11
28
29
29
29
29
11
22
33
25
33
11
25
11
11
13
16
11
27
20
31
14
21
15
13
22
18
18
11
26
14
11
28
11
30
16
11
25
16
11
24
11
22
16
11
26
11
25
11
42
28
11
28
14
12
11
31
11
22
11
26
11
28
15
15
11
24
18
11
13
11
19
11
16
12
11
11
26
11
11
11
21
16
11
22
11
11
11
11
11
19
11
15
28
11
27
11
25
11
11
11
11
23
11
19
28
15
11
24
11
18
12
11
21
16
16
19
11
23
11
11
11
11
11
11
11
11
11
12
11
11
11
11
13
11
11
11
11
11
11
11
11
11
11
11
11
11
11
11
11
11
11
11
11
11
11
11
11
11
11
11
11
11
11
12
11
11
11
11
11
11
13
11
11
11
12
11
11
11
11
11
11
11
11
11
11
11
11
11
11
11
11
15
19
11
11
11
11
11
11
11
11
11
11
11
11
11
11
22
19
11
15
11
15
11
11
24
11
15
11
11
11
11
11
11
11
11
11
11
11
11
11
11
11
11
12
11
11
11
11
11
11
11
11
11
11
11
11
11
11
11
11
11
11
11
11
12
11
11
11
11
11
11
11
11
11
11
11
17
12
14
11
15
11
11
11
12
11
12
11
13
12
11
12
11
11
11
11
11
12
11
11
11
15
11
11
11
11
12
11
11
11
11
11
13
11
11
13
11
11
11
11
13
14
11
11
18
11
11
11
11
11
13
11
11
11
11
11
11
11
11
14
12
11
11
23
11
21
11
19
17
19
11
11
11
11
11
11
11
11
11
11
11
11
