125
101
105
115
101
101
116
123
107
104
110
112
103
119
113
101
115
106
126
106
136
126
119
103
101
115
119
116
119
109
109
123
106
106
106
106
106
109
106
113
101
124
103
101
108
101
105
101
114
107
120
113
101
104
116
102
104
117
112
101
104
126
109
101
101
103
101
101
103
101
104
101
103
101
101
101
101
101
105
109
123
110
101
102
113
105
107
101
101
101
111
101
109
109
101
101
108
112
101
109
101
101
101
103
102
110
101
105
103
108
101
118
105
101
105
104
102
109
103
101
101
106
104
101
101
102
