102
101
101
101
101
101
101
101
101
103
102
101
104
108
101
104
101
112
103
103
104
101
134
101
104
121
119
102
122
101
102
114
101
106
101
122
101
101
110
119
111
104
115
101
103
116
101
115
130
101
102
104
116
122
108
119
101
108
105
106
101
116
110
113
101
109
112
121
103
109
101
101
101
105
101
115
105
108
106
118
118
101
110
116
105
104
103
104
102
106
111
102
108
101
102
101
101
104
101
113
101
104
104
101
101
103
124
106
117
124
101
107
120
114
108
106
108
114
101
104
101
101
111
101
109
109
101
103
103
101
112
115
101
101
116
106
101
116
101
110
101
107
101
101
104
101
101
101
101
102
110
123
103
106
101
101
101
101
101
101
101
101
103
101
102
