23
14
16
13
15
11
30
20
11
30
34
22
11
23
18
40
11
27
31
15
40
32
11
11
11
13
11
11
11
11
11
27
11
15
11
15
19
11
16
29
29
29
29
29
33
11
32
19
44
28
26
33
16
17
11
38
11
32
35
33
11
32
26
20
26
29
23
23
26
18
28
11
19
22
11
25
23
16
11
24
25
16
23
24
30
11
25
23
11
28
33
33
13
23
30
16
43
28
23
27
26
18
28
11
35
11
31
44
39
39
39
39
36
33
33
33
33
33
36
26
26
26
26
26
33
33
26
26
33
29
19
33
33
33
36
16
25
30
26
26
26
29
26
26
25
44
26
26
26
26
26
26
26
26
26
26
26
26
26
26
26
26
26
26
26
26
23
26
26
33
26
26
26
26
26
17
25
27
16
11
26
12
23
18
22
41
26
16
11
28
30
35
11
26
11
24
11
37
14
11
49
14
11
30
14
11
29
42
11
12
11
26
17
11
22
17
12
19
11
27
11
16
24
12
20
11
29
11
24
35
36
35
11
36
11
25
11
28
13
13
26
20
31
14
16
19
11
44
14
23
19
46
16
39
21
38
37
45
18
20
16
17
12
35
42
13
25
35
45
33
11
22
26
18
16
16
22
11
25
17
11
11
28
11
16
12
18
22
45
29
12
36
31
19
11
25
34
21
30
46
19
13
19
29
13
30
42
30
29
30
29
13
26
21
24
11
22
23
33
11
18
29
29
29
13
26
23
11
11
15
13
11
12
11
12
11
12
11
11
13
11
11
11
12
11
11
11
11
11
13
15
12
11
11
11
11
13
11
11
11
13
13
12
11
11
18
42
18
23
16
19
23
39
20
38
21
47
39
24
32
16
13
23
32
11
31
49
28
20
26
33
26
23
23
26
31
11
27
33
26
36
26
24
42
19
43
16
29
11
33
16
12
19
29
26
11
32
19
26
21
25
26
33
16
13
33
36
29
11
15
29
28
13
13
29
26
23
29
17
41
11
38
23
11
22
42
23
11
22
39
18
11
11
11
20
16
11
11
16
11
19
20
16
11
11
22
15
14
16
15
20
13
11
13
11
14
12
13
11
11
15
11
11
18
30
13
14
11
11
11
11
11
11
11
11
12
11
11
11
14
13
13
20
13
19
13
15
15
11
12
11
15
14
13
21
11
11
14
13
23
12
18
16
11
14
30
13
12
11
11
12
11
11
11
11
11
13
18
16
13
11
22
11
15
13
11
12
11
12
11
34
11
11
19
11
13
11
11
16
11
14
11
11
19
11
11
11
27
14
15
18
13
11
17
14
11
13
13
13
12
12
16
11
15
11
12
12
11
11
11
13
16
11
15
14
11
12
13
12
11
13
11
12
12
16
11
12
11
18
11
14
13
17
13
11
13
11
18
12
13
11
12
11
18
11
11
11
11
11
14
15
13
11
16
17
11
11
12
11
11
13
25
11
11
15
11
11
12
11
11
16
15
14
16
11
11
11
12
15
16
11
14
16
11
11
12
11
11
11
12
11
11
15
12
11
11
12
15
