101
101
105
114
126
101
108
103
103
109
109
103
120
101
103
101
101
101
103
104
105
101
101
108
103
103
112
115
111
107
101
101
105
101
104
105
105
121
101
102
102
103
101
103
105
101
105
101
104
103
101
103
110
101
101
101
101
103
104
109
116
102
101
104
133
103
120
112
101
101
102
101
101
108
113
122
113
113
113
101
101
106
101
111
109
102
101
120
101
101
101
102
103
101
101
102
104
105
102
102
103
101
102
101
122
102
101
104
104
101
101
103
107
101
110
105
101
102
102
101
101
102
101
101
101
101
101
101
103
101
105
101
101
101
101
101
101
101
101
101
101
110
101
101
101
108
101
107
101
101
101
101
106
116
101
106
106
101
101
110
