28
29
39
11
27
36
11
11
11
26
17
11
28
29
45
13
38
24
13
22
31
32
33
33
29
19
29
33
19
29
28
41
23
29
26
29
73
19
26
26
23
11
42
26
29
26
26
26
26
26
26
26
26
26
26
26
26
46
13
26
29
29
20
26
29
28
33
37
33
19
26
49
36
29
26
23
19
29
26
26
26
26
26
26
11
11
15
12
14
39
33
16
33
32
11
35
35
34
26
33
33
12
37
33
26
13
11
12
11
19
11
16
18
17
23
11
12
18
24
19
26
23
33
26
26
25
30
29
26
17
13
11
21
26
26
11
38
16
26
36
26
26
22
11
19
26
26
26
11
23
42
25
30
11
35
27
32
27
25
19
26
26
29
26
36
33
33
33
30
11
28
19
19
33
16
15
11
13
15
12
11
13
11
11
12
13
11
12
17
11
13
11
21
19
11
12
14
16
13
16
13
12
12
13
12
21
14
14
12
11
11
11
13
17
11
11
11
19
11
11
15
11
11
11
11
11
11
11
11
13
11
12
12
13
12
11
11
12
11
11
13
12
13
11
11
14
11
12
11
11
13
12
12
11
11
11
11
11
15
11
13
11
11
16
13
15
12
12
12
13
11
11
11
11
15
11
11
11
11
15
13
11
12
13
11
11
11
11
11
11
12
18
12
13
15
15
11
18
11
11
15
11
13
19
14
11
12
15
13
11
11
11
11
11
13
12
13
11
15
12
13
16
11
11
11
21
17
15
13
11
11
15
12
15
11
14
14
19
11
11
13
15
20
14
15
11
11
16
11
11
16
11
11
11
16
11
12
11
11
11
12
11
13
14
11
11
11
13
16
13
11
19
11
11
11
12
19
11
13
11
11
11
11
12
11
12
12
16
11
11
13
11
14
13
22
16
22
15
16
18
14
11
12
11
13
11
11
15
11
11
11
11
11
11
11
11
11
31
11
21
11
16
19
12
15
16
11
18
12
18
11
14
16
11
31
11
12
17
12
24
11
26
34
11
22
23
11
39
16
15
24
11
41
17
11
28
20
32
18
14
18
11
29
28
24
13
21
24
29
11
21
13
23
11
28
14
12
21
15
26
15
16
13
33
11
35
11
11
31
11
24
11
11
11
17
11
28
30
27
29
19
11
26
36
35
11
23
21
34
19
17
11
34
23
27
12
29
21
27
28
36
29
18
23
28
12
11
24
18
12
11
13
20
11
19
14
16
16
11
11
11
11
12
11
13
11
13
13
14
16
11
11
11
19
11
34
27
19
22
27
27
11
25
32
13
15
28
26
19
19
25
30
11
29
26
11
22
28
21
30
11
28
35
11
32
31
38
30
15
11
21
17
11
20
27
40
31
29
11
23
11
31
42
23
22
11
11
21
27
42
25
11
33
31
16
11
19
11
27
11
18
19
11
26
11
28
11
20
16
13
11
32
28
26
11
15
26
12
19
11
22
14
11
27
13
23
11
28
11
30
11
17
11
36
25
41
28
11
16
25
29
11
14
29
23
35
11
14
31
32
26
27
11
34
23
30
23
11
25
15
31
24
35
28
20
11
11
11
12
12
