14
24
19
13
36
11
15
13
36
12
33
11
26
23
11
28
19
29
26
14
32
29
11
12
29
37
36
11
35
23
36
11
19
20
37
35
11
11
37
19
31
38
28
11
36
28
37
30
29
37
11
25
11
38
36
11
30
11
36
19
34
12
11
15
12
37
29
28
37
14
25
26
11
35
11
11
30
25
21
11
18
36
12
29
17
39
19
28
38
11
18
28
38
16
11
18
19
36
11
11
25
19
14
39
27
28
36
20
22
26
36
30
36
33
29
19
33
23
34
33
36
29
43
33
34
32
33
26
23
26
23
19
26
14
32
29
26
13
24
38
26
33
33
26
19
26
26
29
24
39
23
33
13
21
16
14
28
11
20
17
13
15
28
11
41
11
35
16
17
11
35
20
15
30
29
25
11
21
11
27
27
28
29
25
37
21
36
35
26
26
11
18
26
29
26
19
27
25
36
11
18
29
26
23
26
26
16
27
19
29
13
26
29
23
26
23
11
22
26
13
13
11
11
11
12
11
16
18
19
13
11
14
13
11
13
11
12
12
18
11
11
21
11
15
11
28
17
11
13
14
11
15
11
17
13
13
11
15
15
38
29
34
39
32
13
13
15
14
11
15
11
12
11
11
11
11
16
12
11
12
14
12
16
18
12
11
19
12
14
11
13
12
14
15
15
11
22
22
11
15
13
13
11
23
11
12
20
13
11
11
13
13
13
11
11
11
11
21
15
13
11
12
18
18
11
14
12
12
11
11
14
11
11
11
11
13
11
13
19
33
11
40
11
11
41
11
35
18
11
16
19
31
11
18
30
13
32
12
37
16
21
30
11
33
18
11
31
11
11
11
29
21
11
15
11
11
11
11
12
16
12
11
11
35
14
16
43
14
43
16
19
16
11
11
11
11
11
19
11
25
16
11
21
16
12
32
15
11
23
14
13
11
36
12
25
14
11
24
15
11
21
11
27
31
11
11
13
12
25
16
11
14
20
16
16
14
21
25
20
11
11
34
19
18
11
19
14
11
15
40
24
24
16
11
41
11
22
11
12
25
14
11
17
16
11
20
11
41
42
11
13
14
11
29
23
27
27
19
11
31
11
28
13
11
20
11
29
11
19
14
16
17
33
12
18
11
13
23
21
11
11
14
23
31
14
15
11
31
20
33
21
11
11
11
11
13
14
20
12
12
13
12
13
11
12
11
13
12
11
11
17
23
30
11
21
12
16
19
11
12
14
15
21
12
13
11
14
18
14
11
19
16
13
11
11
13
11
11
17
11
20
18
11
11
13
11
12
11
12
13
19
11
18
12
11
11
11
11
11
22
12
12
12
11
24
14
12
13
11
14
14
20
12
13
14
15
12
12
12
11
11
11
11
11
12
11
11
13
14
17
12
12
17
13
11
11
27
12
12
19
12
11
16
13
11
16
14
13
13
11
17
14
18
11
13
13
12
16
20
11
19
11
11
13
11
12
13
11
17
17
14
12
11
14
14
28
17
13
22
12
16
14
18
12
20
12
13
11
14
14
11
24
15
14
11
11
11
11
11
19
17
11
25
16
11
14
12
15
11
13
11
11
12
18
11
15
22
11
21
11
23
11
17
24
18
26
33
29
26
26
29
29
29
29
29
23
29
39
19
26
26
26
25
19
16
11
15
11
28
29
29
27
29
29
29
29
29
11
28
13
11
22
28
15
11
17
25
29
28
12
11
11
11
13
13
14
19
12
11
14
11
13
15
11
11
11
16
11
24
26
14
11
11
13
11
13
14
11
14
11
11
11
11
11
11
11
13
11
12
11
11
22
29
29
31
19
11
11
11
11
12
13
11
11
11
12
13
11
11
11
11
11
11
11
12
11
13
13
11
11
11
11
26
13
11
29
26
11
21
11
18
11
22
11
18
13
26
11
25
13
14
11
14
11
11
11
22
11
17
11
16
11
13
12
11
11
11
11
11
11
11
11
11
11
12
11
20
11
11
17
11
11
11
11
11
11
11
11
11
11
11
11
11
11
11
18
11
15
19
11
15
11
15
11
18
11
18
11
11
14
11
15
11
15
11
12
11
15
11
15
11
15
11
15
11
18
23
11
15
11
11
11
11
11
21
11
11
11
16
11
25
11
11
22
13
11
11
16
11
15
11
15
11
15
11
15
11
15
11
15
11
15
11
15
19
11
15
11
15
11
15
11
15
11
15
11
15
11
15
11
15
11
15
11
22
11
18
11
13
11
14
11
15
11
15
11
15
11
15
11
15
11
15
11
15
11
15
11
15
