101
101
101
101
101
101
104
106
103
101
111
101
123
119
106
113
101
123
101
115
113
118
101
114
103
113
101
107
107
102
101
101
101
107
106
103
101
123
116
112
109
101
120
107
103
119
113
103
103
108
101
103
120
101
115
105
113
101
123
129
116
106
103
113
116
103
103
103
106
106
107
101
101
112
106
116
106
109
101
101
120
103
101
123
110
101
102
101
109
109
102
113
119
101
107
106
101
120
101
101
123
106
101
103
115
112
102
112
107
102
102
122
101
121
104
101
113
101
107
110
101
109
101
101
103
101
101
101
101
106
101
112
