122
112
101
127
101
115
113
116
119
101
110
106
101
103
105
110
109
101
113
101
110
102
101
101
104
101
101
102
101
101
101
106
101
105
123
116
102
101
101
101
102
102
104
101
101
105
106
101
122
102
107
101
101
102
101
102
124
101
102
101
101
101
102
104
110
101
107
113
104
103
102
101
102
102
103
103
101
103
105
116
103
102
102
109
102
103
105
105
101
110
101
101
101
115
103
113
101
108
107
104
101
101
103
111
109
101
103
114
108
106
101
114
111
104
105
103
101
108
107
107
121
101
101
101
101
101
115
114
109
101
101
109
103
126
109
101
101
101
124
101
101
103
106
103
106
103
106
104
101
105
101
101
101
107
101
101
109
101
101
101
101
101
101
101
120
101
101
