105
101
101
110
104
111
101
107
103
122
101
106
107
105
105
109
101
105
101
116
107
166
101
105
113
116
106
101
106
109
116
101
123
101
101
106
120
106
106
118
106
116
103
106
103
106
106
103
123
106
109
107
106
107
103
105
133
113
107
101
101
101
101
101
102
106
105
101
123
103
103
113
101
107
101
126
102
101
119
101
121
112
101
101
105
101
123
117
114
115
127
101
105
101
101
105
103
101
112
116
118
116
109
101
123
120
106
102
101
103
119
107
113
101
113
101
121
103
106
126
109
114
108
108
104
116
109
113
116
101
105
