11
21
11
20
11
11
11
16
35
11
11
19
22
11
31
12
30
21
11
26
22
14
12
35
19
19
24
11
29
13
11
16
17
19
25
17
14
20
27
12
30
32
29
33
30
13
11
35
48
28
33
33
36
26
29
27
25
13
29
26
29
27
11
24
29
26
29
26
26
26
26
29
26
36
36
19
29
28
34
29
27
24
11
29
11
17
12
11
15
33
19
29
26
28
11
20
29
11
22
36
26
23
21
43
33
12
44
23
33
27
36
39
37
36
38
39
36
43
26
33
16
29
27
28
36
36
39
26
23
26
21
48
23
23
24
25
23
43
23
26
24
11
21
29
26
26
26
29
26
13
19
16
23
30
30
12
12
30
13
16
14
44
11
39
16
21
11
11
35
11
20
11
14
11
11
26
11
12
27
12
23
35
24
13
29
23
19
26
23
26
16
19
11
18
26
27
29
26
29
19
26
29
11
38
33
19
29
26
22
27
29
23
23
29
26
26
29
29
26
29
26
24
28
11
14
11
30
12
14
15
16
11
25
11
11
31
24
11
16
11
11
14
16
19
18
17
20
19
11
15
23
20
11
16
11
25
24
11
46
11
33
42
11
43
18
24
12
11
29
40
34
21
23
11
32
36
11
17
11
33
16
23
13
23
13
19
16
11
38
23
18
11
43
11
17
27
15
11
25
17
11
28
11
27
11
16
18
11
13
11
24
11
21
11
11
16
16
12
11
12
11
13
11
11
11
13
11
11
15
11
14
11
11
11
11
15
12
11
12
15
11
15
15
12
11
12
13
12
14
11
13
11
11
11
14
15
13
11
11
11
11
11
11
11
11
11
11
11
17
14
11
11
19
32
11
32
29
27
39
24
35
11
18
29
11
32
33
39
34
22
36
26
39
23
39
23
24
35
19
31
13
11
12
42
33
27
22
11
25
26
11
18
26
29
23
18
24
33
26
15
49
34
25
30
26
26
24
30
19
27
11
23
29
24
32
19
29
21
35
32
11
27
11
25
35
11
19
23
11
25
33
11
16
29
24
31
40
43
13
13
26
32
24
26
12
32
17
33
11
18
36
11
16
38
33
19
37
20
18
16
26
33
33
11
28
33
13
12
24
11
25
29
29
11
21
14
31
21
33
33
26
16
26
29
23
19
29
11
25
13
19
24
22
11
25
29
36
11
25
35
27
33
28
27
19
33
29
13
23
11
32
29
30
11
11
24
30
26
23
16
22
17
16
33
16
11
25
11
32
19
19
11
25
13
11
17
47
19
11
32
22
11
12
30
13
16
13
19
14
22
26
14
18
19
19
26
33
11
11
17
11
18
29
11
13
39
11
41
23
11
22
22
23
13
26
23
16
19
11
27
16
11
25
14
11
30
11
17
12
28
24
27
11
26
16
19
22
11
27
11
12
29
16
11
21
13
17
18
24
11
17
13
16
19
11
25
11
25
16
11
22
16
11
32
11
21
20
11
14
11
23
11
15
11
29
11
11
24
11
12
13
25
11
20
23
11
12
11
27
11
20
16
11
18
11
11
33
12
28
27
11
15
11
19
11
30
14
11
39
29
14
11
13
11
13
21
11
18
11
13
11
16
24
11
14
11
15
11
25
21
11
17
11
