101
101
126
101
113
106
106
113
116
103
102
101
106
103
101
101
101
101
102
109
104
101
108
108
104
112
106
101
105
113
101
103
104
103
123
103
109
101
101
117
113
102
114
119
104
102
101
115
123
122
125
113
129
115
114
106
101
107
126
114
101
104
106
101
105
101
103
101
126
108
101
113
105
101
101
103
101
122
109
109
101
105
102
107
101
110
103
101
101
102
110
128
113
113
101
114
119
113
109
114
116
123
111
101
101
115
114
106
109
101
114
101
101
116
106
101
117
101
101
101
115
101
106
115
101
101
101
101
101
110
116
116
101
101
112
111
111
101
101
