11
11
11
11
11
11
11
11
11
11
11
11
11
11
11
11
11
11
11
11
11
11
13
11
11
11
11
11
12
11
11
11
11
12
11
11
11
11
11
16
11
11
12
12
15
19
13
15
11
11
11
11
11
11
24
11
15
11
12
25
11
19
19
29
29
29
29
13
21
11
20
11
15
16
49
33
33
11
25
29
27
25
19
29
26
39
11
48
29
29
26
26
26
26
33
16
26
36
36
19
29
11
25
26
29
13
26
26
29
19
28
21
33
23
19
40
19
29
31
32
33
29
13
18
36
40
39
39
39
34
29
39
36
36
39
39
33
28
44
39
23
27
11
14
13
11
29
36
16
16
12
19
29
25
13
17
11
38
26
11
25
13
11
25
11
18
20
20
20
17
35
18
22
34
11
18
19
19
11
30
25
17
11
25
25
34
11
29
38
19
36
21
15
13
31
34
18
29
33
30
25
26
35
11
11
27
21
19
24
19
34
21
23
11
30
35
19
11
16
25
11
24
11
16
39
11
22
20
24
41
26
18
11
20
11
25
15
11
14
23
32
11
19
33
11
20
13
11
32
18
15
11
11
13
16
16
15
25
19
11
29
27
28
11
38
13
33
11
24
11
26
19
13
30
11
24
28
15
37
21
50
33
33
27
25
26
26
27
42
13
29
26
33
33
33
36
17
42
26
26
25
37
17
35
26
26
29
19
26
26
26
39
19
26
23
24
42
26
26
26
26
23
26
19
26
29
16
33
26
26
29
19
25
30
26
26
26
26
26
29
26
24
35
16
19
26
11
18
26
26
26
26
33
19
33
26
26
26
26
19
33
11
25
26
26
26
26
26
26
26
26
29
19
26
26
26
11
18
26
26
26
16
13
26
26
24
28
26
13
24
19
18
11
25
13
11
32
19
33
13
12
30
33
11
27
11
25
34
12
11
14
11
13
24
11
21
11
25
11
27
11
16
27
11
14
31
14
11
28
11
13
51
11
24
11
11
12
12
27
11
22
15
11
15
19
19
12
16
25
26
19
29
29
29
29
26
29
27
12
21
19
19
17
21
29
23
11
12
15
11
33
27
30
19
17
11
14
33
11
25
31
18
19
28
30
11
31
20
17
23
11
25
14
11
25
13
33
26
12
23
18
24
11
16
22
30
11
11
34
11
12
14
14
15
11
11
26
29
11
27
28
35
11
11
11
14
21
20
25
20
14
29
29
20
14
18
12
28
23
33
11
14
11
28
39
18
11
11
15
13
35
11
28
29
29
29
11
14
11
30
12
12
18
12
11
26
31
30
16
24
11
18
20
12
33
11
11
15
13
11
12
35
27
11
11
11
16
21
16
11
14
22
14
13
11
11
27
11
13
25
19
11
11
18
19
11
20
11
18
14
26
11
18
11
29
31
14
11
13
13
11
11
13
14
11
11
11
13
12
13
11
11
11
15
11
11
11
12
11
13
11
11
11
11
11
11
11
11
11
11
13
11
12
11
11
11
14
11
13
11
11
11
11
11
11
11
12
13
11
13
11
11
11
13
11
11
11
11
12
11
11
11
13
15
11
11
11
13
11
11
17
31
29
29
26
30
25
11
11
11
20
20
29
