11
11
11
26
13
14
12
23
20
13
36
30
11
18
41
38
22
28
11
13
21
15
11
14
40
32
46
18
11
27
23
11
25
11
15
34
13
17
17
13
11
11
11
11
14
11
11
20
11
11
32
11
49
30
19
18
11
25
11
11
15
23
34
15
16
16
11
13
22
15
16
27
11
42
11
21
46
11
15
13
24
11
11
42
14
11
24
34
31
12
13
25
21
37
26
11
44
46
11
11
25
11
11
32
32
18
14
11
25
17
16
11
30
32
11
11
11
12
11
32
29
16
23
36
33
33
16
39
39
29
43
39
41
11
28
23
29
11
37
16
11
25
19
16
13
18
41
12
31
12
13
21
11
21
29
15
11
13
23
19
11
32
33
26
11
31
33
11
12
16
31
11
24
14
21
36
35
15
11
30
12
15
11
11
32
11
11
12
15
11
30
25
11
28
19
26
26
11
42
11
52
38
11
16
17
17
26
23
19
40
14
11
11
23
12
11
15
11
32
23
15
16
11
26
35
14
11
11
33
11
23
22
12
12
35
35
19
11
11
33
11
15
24
23
15
11
11
26
28
38
37
30
11
17
17
30
11
27
19
19
19
16
11
26
12
11
11
29
25
11
11
45
16
11
18
20
12
23
13
28
11
27
11
11
23
23
11
38
33
33
36
15
13
17
11
28
37
20
20
31
33
33
33
11
25
33
26
26
26
26
23
19
19
26
26
26
29
26
26
26
21
24
19
26
26
16
33
26
26
26
26
26
23
24
28
27
31
11
11
25
26
26
29
26
29
19
26
26
26
20
26
11
18
26
33
21
11
17
26
29
26
24
28
26
26
26
26
26
26
26
26
26
26
29
26
26
26
26
26
26
26
26
26
29
26
26
26
29
19
26
26
29
19
11
22
26
24
42
29
16
11
13
30
11
22
17
11
23
25
13
11
29
13
16
19
16
11
31
13
16
19
11
27
11
27
11
11
11
17
16
11
30
11
21
18
19
11
22
18
19
12
11
11
11
14
14
20
11
22
30
11
13
16
17
19
11
12
17
15
14
11
13
11
12
17
19
26
23
29
29
40
30
19
11
25
29
29
23
29
23
23
19
26
26
11
25
26
26
26
27
42
19
26
26
29
26
26
25
27
32
16
11
19
11
32
35
36
11
20
11
25
18
16
36
11
22
11
27
11
27
16
33
37
33
11
27
33
34
12
19
11
22
22
17
14
11
33
33
15
12
22
11
29
36
33
19
24
26
11
27
35
12
23
13
11
26
11
27
46
16
26
17
12
23
26
23
12
11
30
17
18
19
11
29
45
17
11
40
13
27
16
20
46
24
11
24
13
19
14
20
11
11
33
11
26
11
11
30
16
11
