120
122
117
112
120
113
116
126
123
101
112
101
102
105
106
101
107
107
113
118
103
101
112
114
126
101
102
101
118
118
110
109
106
106
103
103
101
103
113
104
106
101
102
101
101
103
101
103
101
102
124
117
101
101
125
106
108
101
122
108
101
102
106
101
108
102
101
106
101
101
101
104
103
104
101
104
101
109
101
116
104
101
101
108
102
105
103
110
101
101
107
120
107
114
106
101
110
118
107
102
101
103
125
131
107
104
101
105
110
115
101
101
101
108
105
101
102
107
103
101
103
102
106
101
101
101
101
110
101
102
102
101
101
101
101
101
103
103
101
102
101
101
102
114
107
101
107
101
103
101
101
101
101
101
102
108
112
102
101
101
104
101
101
117
110
101
