106
102
103
104
101
101
102
101
107
107
101
107
107
102
124
130
111
101
103
121
109
127
103
106
101
101
128
106
111
120
101
115
106
108
119
112
122
138
111
101
113
110
106
109
104
101
115
121
108
104
101
115
101
112
107
101
101
101
111
103
113
102
106
104
108
101
103
101
106
111
101
101
120
101
101
101
101
106
101
104
101
102
101
101
109
101
117
105
108
110
101
106
122
122
104
113
117
101
101
101
103
101
101
105
101
103
101
107
102
108
101
101
113
101
101
103
102
101
103
101
105
101
101
105
107
101
104
103
107
109
103
101
102
108
103
112
101
101
111
110
101
101
109
101
101
111
105
101
101
101
101
101
101
102
101
101
