11
19
16
19
13
35
42
25
12
39
14
29
13
36
11
35
13
46
12
38
35
11
12
28
35
11
11
33
14
35
12
34
13
28
11
36
19
19
33
25
30
35
12
37
16
12
28
38
39
27
11
28
28
11
36
19
29
38
39
28
28
35
11
18
36
11
11
37
29
29
37
30
26
12
30
20
28
38
26
11
38
36
32
37
30
36
11
33
15
31
31
31
23
33
39
27
32
33
31
38
39
36
36
39
39
33
11
28
18
13
15
11
21
16
11
36
12
28
30
30
22
33
11
24
20
33
13
19
16
11
28
36
11
17
26
16
31
11
34
29
11
23
11
24
37
11
11
26
11
26
32
28
11
23
11
11
36
17
16
18
21
11
19
11
31
30
12
11
12
15
19
11
17
11
11
16
28
29
20
11
11
16
35
27
11
26
29
14
14
24
13
11
26
13
36
28
11
24
11
25
34
18
29
18
16
25
14
11
24
13
25
11
24
33
18
11
14
38
14
11
37
11
11
25
13
24
11
13
17
28
11
35
29
13
25
37
11
32
24
32
22
11
17
22
39
29
28
17
11
11
34
14
14
11
16
16
11
18
22
11
16
11
14
16
11
29
27
19
18
18
11
25
12
14
14
14
21
11
21
11
24
11
18
12
23
25
11
26
11
18
23
20
22
29
11
11
13
35
16
35
36
34
11
25
14
16
17
17
11
35
32
17
23
26
11
25
11
13
35
20
28
14
23
11
11
17
11
25
14
11
40
20
19
15
11
31
11
21
18
13
11
20
28
16
41
21
26
26
29
11
19
36
11
19
17
11
34
15
11
23
11
29
37
12
24
24
11
22
19
43
11
19
11
27
32
27
31
25
29
17
15
20
22
11
11
26
36
11
18
11
14
13
23
25
24
11
12
29
26
24
22
11
21
14
29
14
15
12
20
11
11
11
24
11
33
14
20
32
13
11
25
13
19
17
11
14
15
17
21
15
17
11
23
19
38
11
17
13
15
11
13
22
12
23
20
11
31
14
11
20
26
23
34
15
15
11
15
11
12
27
11
11
34
26
14
13
18
11
12
15
26
11
11
29
26
26
29
23
29
26
23
33
26
24
25
26
26
26
23
26
17
42
26
29
19
26
26
26
26
27
36
36
32
16
13
12
30
37
29
11
27
11
22
14
18
15
24
12
27
11
31
12
29
11
27
29
21
16
22
37
11
11
28
33
11
26
11
22
11
27
11
24
46
23
35
11
24
12
27
11
25
12
11
33
36
27
14
17
18
21
17
22
11
23
35
33
15
18
21
11
11
31
15
12
23
11
27
34
49
11
42
13
25
17
13
16
26
33
11
