21
26
27
16
37
11
27
41
11
15
11
22
26
11
20
24
23
26
33
26
26
26
13
27
28
26
26
20
26
26
29
28
27
26
33
33
16
33
26
26
15
24
29
26
24
28
26
26
26
46
23
26
13
19
26
26
26
14
35
19
26
26
29
26
26
26
26
31
42
11
18
26
26
26
36
39
11
39
19
20
11
11
31
12
39
11
47
11
13
29
11
24
11
21
12
11
11
19
15
15
12
22
11
15
11
11
14
11
12
13
11
11
12
11
11
15
16
11
11
14
11
20
28
18
12
11
18
11
13
11
15
11
11
11
14
18
11
11
14
11
11
24
13
11
17
11
16
11
11
12
12
13
14
12
11
14
11
14
13
12
11
13
11
12
11
12
11
11
16
11
11
11
35
38
14
20
11
11
13
30
11
20
33
39
11
31
11
17
39
26
29
33
19
40
11
24
11
25
11
21
11
11
35
11
21
11
17
11
15
11
11
14
15
11
24
11
26
27
29
13
16
11
11
23
13
27
30
26
21
17
11
53
11
13
13
13
13
13
13
15
14
12
18
13
11
12
14
14
11
11
11
11
22
33
29
33
29
30
18
11
19
31
15
33
29
31
13
11
12
11
14
13
11
11
13
12
11
16
11
15
11
15
15
14
16
20
14
14
14
12
34
12
17
16
12
16
11
13
11
11
14
19
14
11
11
13
13
11
11
11
12
15
11
11
13
14
13
12
11
11
11
15
11
11
12
11
15
12
11
13
11
11
11
11
17
13
11
17
11
11
12
11
16
18
11
17
16
19
16
13
14
19
14
11
13
11
13
11
13
14
11
11
12
13
11
11
13
12
11
12
12
13
11
15
11
11
11
11
13
11
11
16
16
11
12
14
11
17
16
12
13
14
11
17
15
15
20
12
17
11
11
14
11
11
11
11
12
11
12
11
15
17
11
14
12
13
14
17
11
16
12
12
11
11
18
11
11
13
16
11
11
11
11
12
18
16
15
14
11
11
11
11
11
14
12
12
12
19
12
16
12
11
24
11
16
17
14
13
11
16
12
11
11
12
14
11
14
12
11
11
11
11
12
11
12
13
12
20
13
11
14
11
11
12
16
11
11
15
11
11
11
12
16
11
16
11
11
11
20
14
12
20
14
17
18
14
12
11
11
14
23
14
11
14
18
11
16
16
11
11
17
11
11
17
11
12
11
13
11
16
15
12
12
14
16
13
12
15
14
21
11
11
11
12
11
11
14
14
11
12
11
12
13
11
11
12
14
12
11
11
12
18
11
11
11
11
11
14
16
11
11
12
15
11
15
12
11
12
12
12
16
11
14
13
12
17
13
15
11
11
11
11
14
11
23
11
13
11
13
11
12
11
15
14
20
12
11
15
11
11
13
15
11
23
11
11
11
16
18
14
20
24
11
28
32
22
15
11
13
11
20
11
16
19
14
11
12
12
11
11
18
13
18
11
11
12
12
18
12
13
16
11
11
20
18
14
12
11
13
11
22
11
20
17
11
19
28
31
38
31
26
26
19
26
36
26
30
28
26
26
26
26
26
26
26
24
48
19
23
19
26
26
26
29
33
26
26
26
26
26
26
26
11
25
26
23
22
33
26
29
26
23
11
22
24
35
33
26
29
19
19
33
11
11
47
16
36
12
27
40
28
11
20
30
20
39
27
30
18
13
36
34
39
19
30
26
33
26
24
25
23
11
25
27
32
21
33
31
33
11
28
16
13
23
29
11
22
27
11
15
45
23
29
11
25
29
11
32
11
22
29
13
11
28
34
