18
26
26
25
30
26
26
26
33
33
33
13
33
29
19
26
33
16
26
36
13
33
32
27
43
28
15
19
23
29
33
26
33
26
23
29
54
42
20
23
26
19
26
29
26
26
26
26
26
26
26
26
26
26
25
40
29
28
27
29
29
26
11
22
33
19
11
16
26
33
29
26
26
16
31
35
19
26
29
19
11
25
26
26
26
26
26
13
14
11
32
34
16
11
20
11
27
15
12
11
11
24
11
21
19
11
11
11
26
16
34
14
11
25
19
11
19
17
11
16
34
35
11
23
11
12
31
12
11
17
32
15
11
35
16
33
28
23
13
11
20
16
28
28
11
25
19
15
11
20
11
17
32
14
14
29
11
12
16
23
12
24
11
27
15
15
11
34
11
17
11
24
17
22
16
31
25
41
13
26
11
34
32
31
33
22
11
12
29
35
14
32
17
21
33
12
19
11
22
36
11
33
46
19
34
11
29
15
16
35
18
14
17
18
11
30
32
35
11
11
39
34
11
12
11
28
11
22
31
11
31
11
12
41
11
29
11
18
14
42
11
11
30
11
21
28
21
11
26
19
11
31
27
16
12
30
11
12
12
11
11
20
32
15
26
16
33
33
33
26
26
23
26
19
33
11
18
33
33
33
27
30
30
34
11
23
12
14
11
33
22
15
12
15
13
28
11
30
24
29
14
17
28
26
37
33
35
17
13
20
16
19
14
14
33
11
14
18
12
19
22
11
32
29
20
13
22
11
26
24
19
13
24
11
36
11
27
13
24
11
27
11
15
35
11
18
11
31
11
11
24
16
11
27
17
11
18
11
32
33
18
11
21
17
11
28
26
11
20
37
11
18
28
26
16
20
23
29
11
35
19
17
12
28
16
11
17
24
15
18
13
24
17
11
11
24
28
35
16
16
14
14
28
21
21
41
30
19
11
26
45
36
11
15
11
27
11
21
16
11
11
11
17
19
14
14
11
11
12
14
11
11
11
11
12
12
14
11
11
11
11
11
14
14
16
16
14
14
12
16
23
11
14
11
13
11
14
11
25
17
41
23
24
42
26
29
19
20
26
33
11
16
35
26
26
26
26
26
26
26
26
26
26
26
26
26
29
27
15
16
29
29
29
29
26
26
29
28
11
20
29
29
26
26
20
35
15
31
26
26
29
26
29
22
33
11
25
19
11
42
17
29
43
24
11
33
39
13
29
29
29
13
37
35
11
25
23
11
18
29
13
11
25
19
19
11
34
16
21
27
11
12
23
29
31
41
21
38
27
36
29
13
21
35
23
