16
13
35
11
11
31
22
22
39
37
36
12
11
33
24
35
13
38
25
22
26
11
18
11
29
28
11
37
36
11
19
25
19
39
34
11
11
29
39
19
16
12
27
11
35
11
18
11
38
19
38
34
12
26
11
35
11
11
29
13
24
26
11
11
29
38
28
37
19
28
32
25
38
38
20
19
30
26
12
37
11
25
12
29
29
36
11
18
11
34
11
11
37
29
28
37
19
16
34
11
15
39
32
44
35
16
34
29
33
26
33
33
33
23
33
26
15
11
13
12
11
15
11
12
13
11
30
11
27
23
36
26
26
29
26
26
26
38
27
26
11
18
26
26
20
32
29
16
24
11
27
26
23
29
26
26
26
16
26
26
26
33
33
11
30
34
29
23
20
26
26
29
39
11
32
29
29
33
24
23
42
19
31
13
14
16
11
11
14
13
11
12
11
11
20
17
11
13
11
14
11
11
11
21
11
18
12
16
19
15
12
11
11
11
11
12
11
12
14
11
11
11
11
12
11
11
11
12
12
15
11
11
11
15
16
11
11
15
11
11
11
19
11
11
11
12
11
11
17
12
11
23
11
11
16
33
26
11
32
29
35
17
35
11
34
26
29
21
11
23
11
28
19
35
15
37
35
11
18
13
27
11
24
11
27
11
22
36
11
20
17
23
19
18
28
23
11
25
33
11
18
11
32
13
21
34
36
11
15
11
31
11
29
12
15
12
15
21
11
12
11
11
13
13
11
20
11
13
13
12
17
11
11
11
11
12
11
22
13
13
16
11
13
22
11
11
17
11
15
11
11
15
11
13
15
11
14
11
12
11
17
16
13
15
12
11
17
14
11
11
11
13
14
12
11
11
13
15
11
11
23
11
15
23
15
16
11
21
13
14
11
16
12
26
12
17
11
11
13
11
11
11
15
26
13
11
11
13
11
11
13
11
14
18
11
11
11
11
15
12
12
11
11
19
11
11
11
11
11
11
13
13
17
11
11
13
11
14
16
13
15
12
11
12
13
11
11
11
20
14
14
11
26
11
11
14
11
11
12
11
11
11
11
18
12
11
15
28
11
38
23
26
23
19
14
38
22
12
11
12
14
21
11
16
15
19
11
13
16
11
16
13
13
11
12
11
12
13
11
11
16
12
11
13
11
14
13
11
13
12
24
11
11
11
12
11
11
15
11
12
13
11
12
11
11
11
11
11
14
14
11
11
12
11
11
19
33
27
27
11
24
18
17
35
11
24
11
25
11
31
27
15
17
11
35
28
15
16
16
20
19
16
11
29
11
28
32
16
11
27
31
11
33
32
20
11
15
16
23
16
19
11
27
16
34
13
11
42
19
19
17
18
14
11
12
11
11
11
34
17
13
24
35
40
44
32
30
36
19
29
19
11
32
33
23
13
11
11
11
36
35
19
21
21
18
29
26
15
11
24
37
14
14
14
14
12
21
15
13
19
11
12
12
13
11
11
11
13
11
16
12
22
12
12
11
11
14
13
14
11
11
11
17
16
16
13
13
13
11
17
11
12
11
11
11
12
11
11
11
14
14
13
14
11
11
11
14
11
17
22
21
13
12
11
11
12
15
17
11
11
12
11
11
14
11
11
11
13
11
19
11
12
14
12
11
16
16
11
12
11
14
13
11
16
15
11
20
17
13
12
12
18
14
12
14
15
11
11
15
16
11
12
11
15
11
11
11
13
17
12
12
14
11
13
15
29
19
11
18
11
19
22
24
11
11
11
12
13
13
11
13
11
12
11
11
11
11
13
11
12
12
11
11
11
16
11
12
22
11
11
18
13
29
11
22
13
29
28
11
11
14
12
11
16
17
11
30
20
11
18
11
16
11
11
12
11
13
12
13
11
11
14
11
11
11
11
12
14
11
11
11
11
12
11
14
11
11
11
11
11
11
11
11
11
11
11
12
11
13
11
11
11
16
11
13
11
11
11
13
11
11
14
12
11
12
15
11
13
11
12
11
14
11
11
14
11
15
14
11
11
11
11
11
11
16
11
13
11
19
26
11
11
11
11
11
16
11
15
11
21
11
11
11
23
11
11
11
19
12
15
15
11
17
11
23
18
12
11
11
11
13
26
15
13
13
11
13
11
11
12
11
11
11
14
11
11
11
11
11
13
11
11
11
11
11
11
11
12
11
17
11
13
19
11
11
11
11
11
11
11
11
11
11
11
11
11
19
14
11
11
18
19
11
11
22
11
15
11
12
11
11
25
18
11
19
11
15
11
14
11
13
11
24
11
11
14
13
14
11
11
11
11
11
12
12
13
12
12
13
12
11
11
11
11
16
11
12
11
11
11
11
11
11
11
11
18
13
11
11
11
13
11
19
11
11
11
11
11
11
11
11
11
11
11
11
11
20
11
12
19
11
23
11
28
11
15
11
11
11
11
11
11
11
