101
101
116
110
101
101
112
109
102
105
108
101
101
108
109
101
101
125
107
101
101
101
101
101
105
111
101
104
101
101
101
107
109
101
113
125
101
106
108
115
101
103
101
101
101
101
104
101
110
102
101
101
122
102
101
103
101
101
101
105
101
101
105
102
103
107
106
101
102
108
101
101
101
103
103
101
106
101
104
103
101
108
108
103
101
101
104
103
101
102
101
106
101
102
105
101
101
101
126
101
101
102
110
104
112
101
101
101
106
104
112
109
113
106
109
117
116
109
123
101
110
115
123
109
101
116
101
113
133
119
106
