103
109
106
106
113
123
113
101
101
106
101
102
103
103
113
109
113
101
103
101
116
116
101
101
104
109
101
107
137
108
101
112
119
113
126
106
109
103
106
116
116
106
105
101
103
101
101
101
104
101
114
101
101
101
102
101
121
120
101
101
123
103
109
109
130
106
116
129
113
123
116
104
103
104
103
112
104
104
104
102
110
109
109
101
106
106
106
111
105
113
119
116
106
113
108
107
106
101
101
106
106
103
101
101
101
101
106
106
116
119
125
101
101
101
113
104
101
121
102
101
108
101
101
109
101
101
111
102
101
101
101
101
101
101
101
111
101
101
101
101
101
101
101
101
101
101
101
104
101
101
101
101
113
101
101
