11
30
24
31
11
23
11
37
16
12
14
11
23
24
36
26
19
26
33
26
26
33
26
27
28
26
26
26
26
26
11
22
26
26
33
33
23
25
28
26
23
19
19
26
26
26
26
26
26
29
16
26
29
33
19
26
26
21
40
35
26
26
16
26
26
26
26
29
29
21
35
26
26
29
19
25
23
13
12
25
11
27
26
21
11
37
32
14
34
15
11
28
19
15
11
31
19
16
43
39
26
16
33
36
23
30
32
29
23
33
30
32
33
26
20
12
11
11
16
23
14
14
22
13
22
16
11
17
11
18
15
24
11
11
18
13
16
13
26
34
18
12
27
15
11
23
20
13
20
25
17
27
35
11
40
13
19
11
24
14
11
31
15
11
26
11
27
16
26
35
19
13
26
11
28
20
14
11
34
22
19
44
36
26
29
26
11
19
12
11
11
27
13
32
23
23
19
16
11
19
34
12
13
23
11
13
39
22
16
17
11
18
39
11
25
11
41
23
13
19
19
35
15
13
19
11
12
35
24
30
13
12
11
32
11
13
11
19
11
11
22
11
31
38
12
23
29
13
28
34
16
26
16
30
38
20
11
38
34
33
16
19
19
11
22
13
39
33
33
33
26
26
23
26
19
28
35
33
33
33
33
29
19
19
26
26
26
19
11
18
33
26
26
26
29
26
26
26
22
30
26
26
29
13
19
26
26
26
26
26
29
33
26
30
22
27
26
26
29
26
29
19
26
26
26
26
11
16
42
26
13
19
29
26
29
26
26
26
26
26
26
26
26
26
26
26
26
26
23
26
26
26
26
26
26
26
26
26
26
36
26
26
21
42
26
26
14
42
26
26
26
19
22
11
20
19
20
16
11
11
11
27
15
12
24
11
29
14
11
27
11
22
17
16
11
31
11
25
11
21
11
27
16
14
11
24
15
24
12
11
11
11
27
17
11
15
24
11
29
14
15
11
40
11
30
12
13
13
17
12
15
11
14
13
13
15
11
14
25
19
26
26
29
29
19
36
16
29
23
29
24
29
29
19
29
26
26
29
26
26
26
23
26
19
26
26
26
29
19
26
26
33
26
11
21
31
18
12
17
16
22
17
11
45
11
15
26
16
11
28
11
30
11
25
20
11
15
25
11
22
18
12
23
11
27
11
21
11
43
26
26
16
13
23
14
16
22
30
23
13
23
11
22
12
22
38
13
20
17
11
29
42
19
27
36
35
31
11
26
12
20
18
13
11
31
11
36
11
35
31
18
11
35
21
18
38
33
17
16
11
29
16
11
22
11
24
11
11
12
12
19
17
11
29
17
11
24
12
11
13
16
16
17
11
23
17
11
11
11
19
16
11
11
12
13
12
11
11
13
11
11
15
11
11
12
12
11
11
11
11
11
11
11
11
13
11
15
13
11
13
11
12
11
13
11
11
11
11
11
11
11
12
13
12
12
14
11
11
11
12
11
12
11
11
12
13
11
11
11
15
11
11
12
12
11
11
11
11
15
12
11
11
20
11
28
11
11
20
29
29
29
16
23
11
15
11
15
11
22
29
29
29
19
23
19
11
14
11
14
11
11
36
29
11
15
11
18
11
15
11
15
11
15
19
36
23
11
15
11
13
11
21
29
29
11
28
11
14
11
16
11
15
11
15
11
15
11
15
11
15
11
15
11
15
11
15
11
13
11
14
11
15
11
15
11
15
11
15
11
15
23
11
15
11
15
11
15
11
15
11
15
11
15
11
15
11
15
11
15
11
12
11
15
11
22
11
17
11
13
11
15
11
15
11
15
11
15
11
15
16
11
15
11
11
16
11
14
11
11
12
14
15
11
11
11
15
11
18
26
11
15
11
15
11
15
11
15
11
15
11
15
11
11
11
11
11
11
11
11
11
11
11
11
11
11
11
11
11
11
11
11
18
11
14
11
15
11
15
17
19
19
19
28
28
11
18
19
19
14
13
19
19
20
20
19
20
11
11
11
11
11
11
11
11
11
11
11
11
11
11
11
11
11
14
19
19
11
11
11
11
11
11
11
11
11
11
11
11
11
11
11
18
19
11
11
11
11
11
11
11
11
11
11
11
11
11
11
11
11
11
11
11
