133
101
117
105
120
116
101
109
104
103
113
101
110
119
109
101
102
106
119
103
101
110
103
116
106
106
106
106
106
109
106
126
103
106
101
107
115
115
101
109
101
105
104
106
101
116
137
106
101
111
125
110
107
107
103
105
104
101
105
101
101
101
101
123
101
102
113
117
101
101
106
111
102
103
107
108
106
111
105
111
111
120
101
101
118
101
101
110
110
101
108
113
113
103
103
113
106
114
102
116
106
109
101
105
106
101
105
119
116
106
113
122
105
113
118
114
101
117
106
101
101
101
101
101
101
105
103
101
101
106
101
114
101
113
103
104
110
117
103
101
101
101
106
101
101
102
101
101
112
102
101
106
102
101
101
