11
11
11
11
11
11
11
11
11
11
11
11
11
11
11
11
11
11
11
11
11
11
11
11
11
11
11
11
11
11
11
11
11
11
11
11
11
11
12
11
11
11
11
11
11
11
11
11
11
11
11
11
13
11
11
12
14
11
12
11
11
12
11
11
11
11
14
11
11
11
11
12
13
11
12
11
12
11
11
11
61
11
28
30
25
11
11
11
11
11
12
36
29
33
22
34
19
11
22
11
22
29
33
19
26
26
29
19
36
23
25
11
20
26
14
13
32
20
36
22
11
36
19
19
29
36
35
11
39
19
29
21
29
28
26
33
11
11
11
47
39
39
39
39
36
33
33
33
33
33
36
36
27
32
29
39
26
11
28
36
30
26
36
33
26
27
32
29
31
12
11
11
22
16
15
17
31
11
25
11
24
27
11
19
11
16
11
11
14
13
11
22
11
36
31
11
24
12
32
15
17
14
14
16
16
12
15
11
15
30
16
31
28
11
11
11
11
31
12
12
23
11
15
17
13
11
29
37
24
21
26
27
14
15
18
22
11
11
23
13
14
15
11
11
13
21
12
11
11
11
14
12
16
18
12
12
13
11
14
11
11
11
15
12
11
16
12
11
22
15
15
11
15
11
13
12
21
14
11
11
13
14
11
11
14
11
12
13
11
20
11
12
13
11
12
22
14
12
23
12
22
16
16
11
11
11
11
13
11
13
11
14
11
16
12
19
15
11
14
12
11
11
13
11
12
14
11
11
11
16
12
11
11
11
12
11
14
13
13
11
11
11
21
11
16
16
11
11
11
12
13
12
12
13
11
15
11
11
19
11
13
16
12
22
12
14
16
17
14
13
11
11
20
11
17
11
11
11
13
11
14
11
13
14
14
18
12
11
18
11
11
11
12
14
19
16
18
11
12
12
15
11
14
13
12
13
11
11
13
11
15
18
16
14
15
15
11
11
11
12
17
14
11
14
11
11
20
13
11
11
14
14
11
13
15
11
12
17
15
15
12
11
21
11
11
15
11
13
11
12
11
12
17
11
11
18
12
15
12
11
11
11
11
18
11
11
13
12
17
14
16
18
14
11
11
16
18
14
15
17
24
11
31
37
13
13
12
21
11
12
22
19
26
15
24
17
34
16
21
15
24
24
16
12
11
27
11
20
14
11
22
14
17
11
28
14
13
20
11
14
12
11
11
11
11
11
13
13
15
13
11
12
16
11
11
19
12
15
11
23
11
13
11
13
11
13
15
11
11
11
16
15
11
11
11
15
11
20
16
12
11
14
11
13
16
12
12
15
14
16
12
11
11
12
11
11
12
12
11
14
11
16
15
11
13
13
15
11
11
11
11
15
13
12
11
11
15
17
12
25
11
13
11
19
11
11
14
11
15
11
14
20
15
15
13
11
11
12
11
20
15
13
20
24
35
12
11
18
18
18
11
12
14
11
11
11
11
16
14
13
12
11
11
15
27
15
11
11
11
11
13
11
11
11
11
17
14
16
12
11
11
14
12
23
24
15
12
11
11
11
11
13
11
11
11
11
11
11
13
11
11
11
11
12
11
15
11
18
20
11
15
17
13
21
16
11
12
11
11
14
11
12
11
11
11
19
11
11
14
30
11
12
11
11
23
11
14
11
13
11
15
19
11
21
17
22
11
16
12
12
11
12
26
11
11
12
16
11
11
15
11
11
11
12
11
11
20
12
15
13
11
11
11
16
12
16
11
11
13
21
16
13
11
11
15
15
15
18
16
11
11
11
11
17
11
11
11
11
11
15
11
11
11
14
11
11
12
11
11
14
22
12
16
12
16
11
11
12
11
14
11
11
17
11
11
17
11
12
13
11
14
11
11
11
14
11
12
12
14
23
11
12
13
13
13
14
12
12
14
11
13
12
13
11
13
12
15
11
18
11
15
11
15
11
20
11
11
11
15
12
12
11
11
11
15
35
26
26
26
21
13
11
17
11
11
12
11
13
11
14
13
11
15
11
11
12
11
13
11
11
11
13
15
11
11
12
11
13
12
11
11
12
11
11
11
11
15
12
18
11
11
14
11
12
19
29
29
20
11
15
11
18
11
15
11
25
24
11
11
12
11
11
11
11
11
11
11
13
12
11
11
11
11
11
11
11
11
11
11
11
11
11
11
11
11
12
11
11
11
11
14
11
11
