13
19
33
20
26
11
18
33
19
26
29
26
19
26
26
26
26
26
26
26
26
26
19
29
23
33
26
33
19
11
16
29
29
33
26
19
12
30
26
26
49
11
35
11
18
12
11
32
13
14
17
15
17
15
14
11
11
13
11
11
11
13
11
15
39
32
20
13
15
11
11
24
37
32
43
19
20
19
11
30
26
14
24
15
15
16
11
19
32
23
11
14
11
13
18
11
26
11
17
26
26
26
29
26
26
36
13
29
26
24
25
26
26
26
19
16
16
26
23
26
26
23
29
26
26
24
31
26
33
26
19
19
36
26
33
33
24
15
25
34
29
36
33
32
41
31
27
11
16
42
25
17
11
11
11
11
18
11
13
12
11
15
11
11
17
12
11
17
13
11
15
11
17
17
17
14
14
11
13
15
12
14
11
11
26
12
11
14
12
11
11
11
19
11
17
11
11
32
33
11
24
35
11
27
28
11
11
15
11
17
11
14
16
11
11
11
11
11
11
11
11
11
11
16
11
11
11
12
12
12
11
18
12
13
12
11
11
20
19
11
14
11
15
11
13
11
15
12
12
11
14
11
11
11
11
11
11
12
13
13
17
12
11
11
17
12
11
12
11
12
14
11
17
11
11
11
13
12
13
11
29
11
11
11
11
12
11
18
11
12
12
16
12
12
22
14
11
18
11
11
11
11
14
11
11
11
15
11
11
12
13
12
12
15
14
22
19
11
13
11
13
18
17
11
17
12
11
11
13
12
11
13
11
21
15
11
11
15
13
12
13
15
11
11
45
16
33
13
12
11
27
19
41
40
24
36
34
11
28
13
11
21
16
12
18
11
35
11
24
16
13
12
23
14
11
20
14
11
15
11
14
19
13
14
11
11
14
17
11
12
11
11
12
14
14
15
11
12
13
11
13
11
19
13
14
11
14
14
11
12
13
11
11
12
12
11
11
11
11
14
11
13
15
11
12
13
23
11
11
11
14
11
15
17
14
12
11
20
11
13
14
11
22
15
13
11
15
13
13
12
14
18
12
11
11
13
11
11
11
11
12
16
24
14
12
13
11
15
12
15
17
13
11
16
17
16
11
19
11
11
11
11
13
11
19
11
11
11
17
15
30
13
16
13
11
12
11
13
11
20
11
11
11
15
11
11
16
11
11
11
12
11
11
12
11
11
17
11
17
16
21
11
13
12
11
12
14
11
12
12
11
11
14
12
13
11
14
16
13
11
11
13
12
16
13
16
11
16
15
22
11
33
11
14
12
22
13
20
23
35
31
45
11
11
11
34
19
32
33
33
18
15
19
21
38
16
16
30
11
31
30
17
38
11
42
11
22
11
25
13
19
19
17
16
11
25
16
24
29
29
32
30
11
25
14
16
21
15
14
25
11
32
11
19
16
29
11
25
14
22
11
23
11
33
11
13
12
14
11
12
11
13
11
11
11
11
14
11
12
11
19
11
11
15
11
20
14
11
11
11
16
11
16
18
17
11
11
11
12
13
12
15
12
23
11
16
11
13
18
11
19
15
12
13
20
11
11
14
14
11
13
16
13
11
12
12
20
12
14
12
16
17
14
13
11
12
11
11
13
11
13
13
13
12
11
11
11
11
11
13
11
15
14
11
11
15
15
12
13
11
13
11
17
11
11
11
15
12
11
14
11
11
14
11
11
12
13
11
12
13
11
15
11
11
11
11
11
13
11
22
33
11
29
24
11
23
11
17
11
12
22
13
11
11
11
13
11
11
11
11
12
11
13
11
11
16
11
11
11
13
11
23
12
11
27
33
23
29
29
20
13
17
11
14
12
11
11
20
19
26
11
18
11
11
11
11
13
11
11
11
11
11
11
11
18
13
14
19
11
17
11
11
12
13
13
11
11
11
11
11
13
12
11
12
11
11
11
11
12
13
11
12
11
12
15
11
11
11
11
11
11
11
11
11
11
11
11
12
14
11
15
11
11
11
11
11
13
15
11
11
11
11
11
19
11
13
11
11
11
11
21
11
15
11
14
14
11
11
11
18
24
11
19
24
11
11
11
11
11
17
11
23
11
14
11
15
16
18
15
11
12
14
11
12
11
11
11
11
11
11
12
11
11
12
12
11
11
11
11
11
11
11
12
11
12
13
13
11
11
11
11
11
11
15
11
29
17
17
22
11
23
11
14
11
17
11
17
11
25
11
21
14
11
11
11
14
11
15
23
11
12
15
11
15
18
13
19
11
11
18
11
11
14
23
11
11
23
14
32
11
25
11
16
11
16
11
11
20
12
11
11
14
11
11
11
11
14
16
15
13
11
20
11
23
11
11
11
19
11
22
12
11
20
11
11
11
11
11
11
11
11
11
11
11
11
13
11
11
11
14
11
14
11
11
12
11
