11
11
11
11
12
11
11
13
11
13
11
12
13
13
15
11
11
11
11
11
11
11
11
11
11
11
11
11
11
11
11
11
11
11
11
11
11
11
11
11
11
11
11
11
11
11
11
11
11
11
11
11
11
11
11
12
11
11
11
11
11
12
13
11
11
11
11
11
11
11
11
11
11
11
11
11
11
11
11
11
11
11
11
14
11
11
12
11
13
11
19
11
13
13
11
11
17
19
13
14
15
12
16
11
16
15
11
11
11
11
19
16
18
11
11
11
14
11
14
12
12
13
11
12
11
11
13
11
15
17
12
11
20
11
11
11
11
11
12
13
11
12
13
22
17
11
17
11
14
16
11
11
15
15
14
12
11
12
14
23
14
11
11
13
11
12
11
11
23
16
15
13
11
14
11
11
12
11
13
12
16
12
11
22
13
12
35
20
26
20
13
18
20
13
11
32
11
25
32
11
38
13
13
42
16
15
29
25
29
38
14
11
13
29
34
36
13
24
27
26
28
16
11
31
30
11
40
16
16
27
11
18
11
14
23
15
33
41
11
28
13
30
19
30
11
21
26
40
19
57
24
11
21
11
26
11
17
19
11
28
35
11
33
11
36
42
21
30
27
23
22
44
11
35
24
27
39
31
11
23
27
11
32
11
15
33
11
12
19
20
16
11
30
41
29
31
28
26
35
14
11
32
37
30
34
34
11
25
32
11
27
34
17
36
15
19
34
15
13
32
19
28
31
11
31
27
11
28
25
15
29
11
42
36
11
31
29
27
11
31
13
28
32
34
11
12
23
23
12
30
33
29
11
27
28
25
36
13
19
33
11
38
16
22
21
29
19
13
39
16
14
29
29
26
17
18
35
34
11
32
30
29
16
16
19
29
29
20
11
15
11
33
12
15
16
19
11
27
11
13
14
13
20
11
25
11
20
18
19
17
11
24
11
26
11
24
11
17
19
11
28
11
11
11
11
11
11
25
12
25
27
11
29
19
14
25
11
26
28
23
11
26
16
17
33
17
11
24
18
13
23
18
14
11
30
11
20
11
28
11
19
13
11
22
28
35
11
11
31
15
11
11
28
14
14
25
33
26
36
13
17
19
11
29
38
20
26
15
11
31
29
22
11
33
11
26
27
11
21
13
29
24
11
32
11
35
26
36
16
23
11
16
11
24
13
24
12
21
21
17
11
27
22
12
11
11
11
12
11
17
12
15
11
11
11
16
15
13
11
18
12
13
12
16
15
27
11
11
15
11
12
36
28
27
11
16
19
22
14
16
16
16
11
30
29
41
26
27
13
26
26
16
13
29
19
14
24
11
24
24
38
27
32
22
11
19
21
35
29
11
25
29
11
11
11
31
31
11
26
11
21
13
26
11
32
19
26
11
32
26
11
18
11
29
19
27
23
21
36
28
14
11
33
36
20
20
31
28
16
17
26
36
15
11
27
11
17
24
28
11
19
26
11
33
11
26
17
26
26
11
15
23
29
27
21
23
33
30
28
16
11
28
29
31
29
34
13
22
43
24
13
11
11
13
13
38
11
11
28
35
28
11
23
35
17
33
11
11
11
23
18
19
17
11
23
11
22
20
20
11
22
13
16
17
28
11
28
13
30
14
19
14
11
15
16
11
17
11
11
23
23
18
15
12
46
11
22
11
23
11
27
18
11
16
23
11
38
11
30
30
19
21
11
19
23
11
11
27
24
12
16
11
14
17
11
14
30
11
19
11
25
11
11
18
19
35
11
27
33
13
16
23
11
27
25
27
11
25
11
21
11
25
11
18
23
11
16
29
11
21
11
20
14
11
11
18
12
19
24
11
25
11
23
11
24
11
12
11
18
11
29
11
11
27
11
29
13
12
11
11
15
21
11
16
26
11
11
12
11
17
11
19
18
11
20
11
24
11
26
11
27
17
15
11
24
14
19
11
11
11
11
25
11
15
11
11
11
13
11
15
11
15
11
20
11
27
11
15
11
15
11
13
11
14
11
15
11
15
11
15
11
15
11
16
11
14
11
15
13
20
11
11
11
11
11
12
11
11
11
11
19
14
11
12
13
13
14
11
11
11
11
11
11
11
11
11
11
11
11
11
11
11
11
11
11
15
15
11
22
11
26
11
17
22
11
13
11
14
11
11
15
11
11
11
11
11
23
11
18
11
11
17
11
22
11
11
16
11
16
11
11
11
11
29
13
11
