17
11
12
28
23
12
11
18
12
19
14
11
11
25
12
25
15
11
14
11
44
30
24
25
44
16
11
18
11
32
29
27
28
14
11
34
11
11
15
16
11
11
11
19
21
12
12
14
11
37
20
39
11
38
32
11
19
32
18
13
12
22
38
13
11
21
14
11
11
23
11
18
16
11
37
11
21
17
11
36
22
41
11
36
16
12
14
18
18
11
19
11
22
16
18
25
19
11
17
15
11
31
12
15
11
19
24
11
11
11
30
28
11
20
11
31
16
16
11
29
33
13
13
33
29
36
33
33
33
11
32
39
36
36
39
39
39
24
41
29
36
29
13
26
36
36
11
28
26
23
26
23
19
26
46
21
28
33
13
19
29
29
29
33
26
19
26
26
36
33
29
27
46
11
24
11
11
24
18
14
16
31
17
18
11
35
24
17
11
28
23
12
14
11
40
18
11
37
23
11
32
12
26
16
19
26
29
23
19
29
26
26
29
26
19
29
26
29
23
23
27
42
36
23
26
26
29
46
27
28
29
19
16
25
30
26
26
21
11
20
11
12
11
22
15
11
24
16
11
19
17
13
14
16
11
27
14
11
12
29
15
12
31
11
23
12
26
14
20
11
13
17
27
17
15
23
12
11
46
42
43
19
20
16
11
45
36
11
21
35
15
29
11
32
11
27
31
21
35
11
19
11
21
26
31
11
11
13
11
11
29
11
11
11
28
11
17
20
19
13
28
31
29
19
14
27
11
32
11
31
33
28
34
16
23
26
29
27
11
21
33
11
25
11
17
37
11
23
38
29
28
30
26
26
21
15
29
11
18
23
11
38
22
35
12
11
11
11
11
16
12
13
13
11
11
12
11
11
11
12
35
33
39
29
51
25
20
49
36
36
16
33
23
18
11
30
26
26
11
25
13
29
13
26
28
27
28
37
23
23
29
13
19
14
55
23
26
29
26
26
13
19
23
26
29
11
32
11
34
41
30
32
11
23
16
30
19
29
23
11
31
33
29
21
41
19
26
39
11
23
11
11
33
11
25
13
26
27
35
11
33
16
11
11
24
31
33
22
22
32
24
35
11
11
30
29
29
28
22
23
13
25
11
26
16
24
11
25
11
15
37
30
23
33
13
26
16
26
29
19
29
29
24
38
17
18
16
32
17
33
29
17
28
11
33
29
36
16
18
21
13
19
29
32
21
30
28
15
24
11
26
27
26
20
26
19
30
12
30
38
12
19
36
29
24
33
25
39
34
24
11
17
29
26
33
17
45
17
19
32
11
28
21
27
28
35
11
28
15
27
11
28
23
11
11
27
26
11
38
16
22
26
16
26
31
25
29
27
38
36
19
13
33
23
26
25
11
23
29
11
29
13
19
29
23
30
33
23
21
31
29
22
30
29
11
25
11
13
22
11
25
33
33
29
22
13
15
11
11
11
26
11
29
12
