12
26
26
29
26
26
26
26
33
33
27
32
31
24
26
14
18
15
54
11
32
33
47
25
12
38
15
39
29
29
29
23
26
23
11
15
11
29
12
11
31
14
12
12
11
21
11
11
11
14
11
13
11
24
12
13
12
20
11
12
11
11
11
12
12
17
12
13
13
20
11
13
11
14
11
16
17
11
16
11
14
11
11
19
13
11
13
18
11
11
12
17
11
18
13
11
16
21
17
11
11
11
11
11
12
11
11
11
11
20
11
17
13
15
15
14
12
12
13
20
13
26
11
30
17
38
35
20
17
11
17
11
29
33
21
11
31
11
34
36
14
18
45
21
28
17
11
26
39
29
50
16
24
11
23
11
26
32
11
27
11
19
23
31
13
25
30
30
19
23
21
39
33
36
35
47
25
11
19
13
23
31
24
30
19
13
26
26
16
19
16
23
21
28
25
11
22
11
28
28
41
17
13
11
25
11
27
44
18
41
26
26
11
17
44
28
35
42
11
25
39
16
23
11
28
29
11
28
35
21
34
33
14
19
13
24
31
11
35
31
29
18
11
35
19
25
31
16
16
23
18
17
30
42
19
28
34
39
37
36
11
11
20
20
27
39
23
20
32
11
27
29
21
24
38
39
14
11
31
11
35
13
33
17
32
13
23
11
28
24
38
28
35
11
22
11
27
43
34
38
29
16
31
21
36
11
25
11
32
26
11
24
12
26
21
18
11
15
29
21
27
11
12
23
11
28
11
16
11
15
20
33
15
16
16
15
15
12
13
11
11
11
17
11
11
11
17
11
29
11
22
34
11
28
28
16
19
17
19
20
11
11
23
11
26
11
31
14
30
18
11
11
12
11
11
11
11
11
11
11
12
13
12
16
13
15
11
11
12
11
16
14
13
11
12
12
11
16
11
11
11
12
11
11
14
22
40
33
12
14
13
15
11
11
12
19
16
17
12
11
18
13
19
13
13
11
21
11
12
14
17
12
11
11
11
19
16
17
23
26
11
24
30
29
19
26
12
12
13
12
14
18
14
13
21
12
11
11
16
27
11
11
13
12
11
11
11
13
11
11
13
11
11
11
11
22
11
12
13
17
11
11
12
11
11
12
12
16
11
19
11
17
18
15
11
11
18
21
13
11
11
17
27
22
38
35
26
11
39
16
13
22
21
38
17
11
23
11
36
19
18
14
11
13
11
27
23
27
11
27
30
17
11
28
30
25
36
11
25
11
25
29
24
11
32
17
31
32
28
23
33
21
14
20
32
13
23
16
13
16
27
30
38
20
11
15
27
11
23
34
13
24
36
15
11
28
30
13
23
45
17
42
11
35
26
11
24
28
19
16
11
22
28
19
11
19
11
27
29
28
25
12
29
20
27
19
11
28
11
15
19
19
19
19
12
24
38
33
35
19
35
11
24
11
22
13
16
11
30
15
11
20
11
34
13
16
23
38
29
11
23
33
16
11
38
32
30
26
26
11
25
27
11
20
19
11
11
23
15
16
18
11
28
18
11
24
11
20
11
25
11
15
35
27
24
16
16
13
16
27
11
20
12
17
16
11
25
13
27
22
30
20
14
33
11
28
11
23
11
28
36
11
24
11
33
19
16
12
20
12
11
22
17
11
24
11
15
11
11
11
30
12
13
23
11
12
11
25
11
22
11
17
19
19
19
19
19
13
19
16
11
42
21
14
23
21
19
14
11
11
13
11
11
13
12
13
11
15
11
11
11
11
11
