101
101
102
104
108
104
105
101
114
102
106
109
132
101
114
101
103
115
110
104
123
102
121
110
112
103
105
107
107
105
101
111
117
109
106
111
101
103
122
113
107
113
120
103
102
101
101
101
101
101
107
101
106
101
101
117
101
111
101
102
105
103
105
112
107
110
103
101
106
121
101
118
111
135
108
106
101
121
105
106
109
114
102
102
101
108
101
101
118
112
120
106
106
106
109
106
108
102
101
103
109
103
101
106
107
106
103
105
101
101
101
104
103
101
101
102
116
101
105
101
115
116
116
101
103
