11
19
11
11
11
11
11
12
14
11
11
11
11
12
11
19
11
11
11
11
11
13
13
11
11
11
11
11
13
11
11
11
11
17
11
11
13
12
11
14
13
11
15
11
13
11
11
11
11
12
11
11
12
14
12
11
11
11
11
14
11
15
11
11
12
11
12
11
14
11
13
13
11
15
19
53
11
28
26
20
11
20
15
23
30
19
33
29
29
13
19
26
26
29
26
16
36
20
12
23
25
11
30
23
29
26
29
24
18
13
30
11
35
23
19
11
38
19
32
41
11
35
12
33
11
18
29
23
26
11
32
11
16
23
33
23
39
39
39
39
36
33
33
33
33
33
33
36
26
26
26
26
26
33
33
26
26
26
28
34
33
33
30
36
11
25
19
26
26
26
11
18
26
26
29
26
26
26
26
26
26
26
26
26
26
26
26
26
26
26
26
26
26
26
26
26
23
26
26
33
26
26
26
26
26
23
19
13
16
12
31
11
24
17
35
16
18
33
13
26
34
32
13
16
23
16
13
19
19
11
46
11
25
11
38
11
27
17
18
11
27
36
11
25
32
11
24
15
17
11
28
33
15
38
33
12
21
36
11
23
12
23
11
31
29
11
30
31
31
25
11
11
26
21
34
11
24
13
11
44
19
16
19
19
31
13
39
13
33
29
38
11
23
11
16
11
24
14
25
13
22
13
16
29
11
11
11
35
11
22
11
33
25
18
18
11
24
11
30
24
12
11
37
22
35
11
11
39
27
22
24
14
12
16
16
18
11
11
11
11
11
11
12
11
11
11
11
11
16
11
11
11
11
11
11
11
15
11
15
16
11
13
12
11
13
11
11
17
14
13
11
14
11
11
11
11
12
16
13
12
11
15
19
11
11
18
14
11
11
16
16
15
13
19
13
11
11
11
11
12
11
11
14
11
11
11
11
11
12
13
14
13
11
19
11
11
11
11
11
11
12
13
11
11
11
11
12
13
11
11
11
11
11
11
11
11
11
11
11
11
11
11
11
11
11
11
11
11
11
11
11
23
35
19
38
23
15
12
25
11
11
11
11
13
11
11
12
11
11
11
18
14
20
12
13
16
12
11
11
11
20
11
26
11
17
18
11
11
13
11
11
12
11
11
11
11
11
11
17
11
12
11
15
11
11
12
12
12
12
13
15
34
15
16
11
12
11
11
11
15
15
13
11
20
11
11
11
11
19
11
11
11
12
11
40
19
26
16
26
19
26
26
11
18
26
26
27
35
19
26
26
26
26
26
26
26
26
26
26
26
26
26
26
29
26
23
29
29
29
26
26
26
33
29
29
29
26
26
26
26
29
29
29
11
32
26
26
19
26
29
26
26
19
19
26
26
26
26
26
26
26
26
33
11
42
29
19
26
26
21
39
28
26
26
26
26
26
26
29
26
26
29
16
19
26
29
26
31
18
26
33
25
27
26
29
19
26
33
23
19
29
29
28
28
29
19
26
26
33
29
29
30
29
29
33
29
36
11
11
11
29
11
24
11
27
33
11
18
16
19
11
33
21
15
33
11
12
11
30
11
11
14
11
22
31
20
31
29
11
32
11
11
27
11
23
19
11
22
33
12
11
27
14
11
29
11
22
15
19
17
13
17
11
14
11
11
11
17
20
11
23
11
14
11
15
11
22
12
11
11
27
12
11
14
11
15
11
11
11
25
18
11
25
11
25
11
24
11
11
11
22
13
21
11
23
11
14
17
12
11
14
38
11
26
33
11
18
11
23
11
22
11
28
11
22
21
11
26
19
11
13
25
11
21
14
11
13
11
27
18
35
32
11
16
20
11
18
11
13
11
13
11
13
22
11
28
11
15
11
12
11
11
11
11
11
11
11
11
11
11
11
11
11
11
23
11
21
20
11
11
14
12
11
15
11
16
13
11
11
13
22
11
27
13
11
11
14
11
15
11
11
14
11
11
27
11
13
11
13
13
12
11
24
11
18
11
11
16
11
22
11
24
11
27
11
11
11
11
11
11
11
11
11
11
14
11
11
11
20
19
11
18
11
11
11
11
11
11
15
11
11
11
18
11
15
11
15
11
15
11
15
11
15
11
15
11
15
11
11
11
13
11
15
11
15
11
15
11
15
11
15
11
15
11
15
11
15
11
23
11
14
11
18
11
12
11
15
11
15
11
15
11
15
11
15
11
15
11
15
11
15
11
15
11
