101
101
101
101
101
101
101
101
104
106
101
122
119
116
106
109
101
110
117
123
101
101
131
119
109
101
105
129
103
126
116
104
101
102
101
114
107
119
101
103
112
109
101
101
103
101
105
102
106
103
101
101
104
106
104
101
103
109
101
101
106
101
102
105
101
101
107
101
101
101
104
105
104
101
105
101
101
107
101
118
102
103
115
101
105
106
101
102
101
101
103
105
101
101
102
106
101
109
102
103
103
105
107
103
101
104
101
101
101
101
103
102
101
107
111
101
101
101
101
101
109
105
101
104
103
101
101
101
101
120
101
103
101
101
102
102
119
103
101
102
101
101
