117
101
111
107
126
101
108
106
101
101
101
101
101
102
105
103
101
106
103
101
105
101
102
101
109
102
109
101
106
103
101
108
101
103
105
101
102
102
101
101
102
101
108
102
107
101
103
101
113
101
103
102
104
105
101
101
101
107
101
107
106
106
101
101
101
101
102
103
101
101
102
102
101
103
103
105
104
103
102
101
101
102
106
101
101
117
101
101
102
101
117
101
101
104
119
112
105
101
101
101
102
101
101
101
101
106
101
103
101
102
106
105
101
103
101
106
103
102
101
105
101
101
101
103
109
103
123
101
118
119
106
101
105
116
123
101
101
101
101
107
109
101
101
