102
103
101
101
101
120
101
104
114
101
103
103
106
106
103
113
123
101
112
101
103
106
101
104
102
101
112
101
105
101
118
101
106
101
112
107
113
114
108
113
105
101
105
101
104
104
101
101
101
101
101
113
117
121
106
115
101
101
116
101
108
103
101
115
109
106
101
101
101
105
106
109
113
106
101
112
103
106
109
109
109
106
113
103
101
102
118
104
107
101
101
102
101
107
103
107
116
110
105
113
105
106
101
112
111
108
102
104
101
104
108
101
106
109
104
117
107
107
105
106
107
101
101
101
106
101
102
101
102
104
101
106
101
101
101
105
112
108
107
102
101
101
102
101
101
103
101
106
101
101
101
101
101
105
101
101
114
101
101
101
101
101
101
101
101
108
107
