113
119
106
101
101
101
101
101
106
104
107
104
118
101
106
101
106
103
101
101
103
106
107
104
109
103
101
101
115
104
107
121
108
101
101
101
110
111
124
102
101
124
101
101
107
112
118
101
101
118
115
103
113
119
116
122
105
106
104
112
113
101
114
120
102
101
112
112
105
112
101
102
102
108
101
106
110
109
106
124
101
101
115
112
116
114
106
114
105
108
114
108
103
102
102
106
106
127
113
101
101
105
101
101
101
103
101
101
101
102
109
115
105
101
101
103
102
101
101
101
101
102
102
101
101
101
101
101
101
101
101
101
101
101
101
109
101
108
101
101
107
101
102
113
101
101
103
