107
101
110
106
113
109
113
119
103
116
106
103
106
101
118
113
109
106
109
102
104
107
119
113
116
119
102
103
109
112
105
101
101
101
108
101
114
119
123
101
121
113
108
101
108
101
101
105
102
109
104
119
106
117
103
106
109
109
101
102
101
106
109
106
116
106
119
103
106
106
101
106
106
106
106
103
106
106
111
101
101
113
104
117
109
108
106
101
105
101
110
113
113
103
106
106
109
101
103
113
113
113
108
104
106
103
103
109
113
107
101
118
102
122
101
120
108
101
104
101
101
101
101
101
101
105
101
102
101
106
112
101
115
103
101
113
109
106
101
105
106
103
106
103
106
103
101
106
108
101
101
105
106
101
101
105
101
105
101
101
101
101
101
101
101
