101
101
107
122
104
104
123
101
107
101
110
101
118
109
119
114
116
108
109
101
118
101
101
103
113
119
106
129
116
116
116
107
109
106
101
120
101
107
102
101
119
119
106
106
109
103
106
116
104
101
114
101
102
107
126
116
120
123
109
109
108
110
109
108
101
101
105
103
102
104
101
110
105
126
103
107
125
110
101
118
101
101
125
117
101
116
103
107
101
103
102
101
110
101
127
111
101
101
101
122
103
103
116
103
101
108
101
104
116
106
101
101
109
105
101
125
101
106
103
101
105
111
105
103
101
102
101
101
105
113
116
101
101
108
107
101
105
111
