11
22
36
11
18
11
13
17
12
21
14
13
16
18
12
11
14
11
17
13
11
13
14
17
11
11
12
13
11
12
11
17
15
11
12
14
12
16
21
11
11
13
15
16
12
11
11
11
12
16
13
13
13
16
11
12
12
23
27
14
11
28
12
12
13
11
11
12
12
13
11
12
12
14
11
11
34
11
11
11
11
11
17
11
20
16
11
46
12
12
11
16
11
12
15
20
11
18
21
18
21
30
21
22
16
51
11
28
11
38
24
15
35
20
11
13
19
13
11
24
11
14
20
13
15
16
40
11
20
34
13
11
26
37
17
19
11
30
18
21
12
15
19
24
33
38
29
12
30
12
29
24
11
34
16
30
18
11
26
29
22
31
13
11
37
34
31
36
11
25
35
36
34
34
13
19
19
43
11
22
30
32
19
27
16
16
23
11
22
11
35
29
33
15
11
23
11
21
23
29
22
27
31
38
27
11
24
11
25
17
16
33
19
13
33
27
28
41
13
22
11
25
11
36
19
11
28
29
22
25
35
39
21
14
13
30
34
13
12
16
11
14
11
14
13
13
14
19
12
11
11
19
11
11
19
16
12
12
17
13
11
11
11
11
11
12
11
11
11
13
11
12
11
11
11
11
11
15
11
11
11
12
12
18
14
17
11
11
11
11
18
12
11
12
11
14
11
11
11
12
11
12
13
11
12
11
12
15
23
11
15
11
11
13
14
15
14
14
12
12
14
20
11
11
15
11
16
11
13
17
25
11
11
28
21
21
33
24
35
11
26
39
32
11
19
11
21
12
11
33
19
11
27
11
24
12
11
27
18
11
17
27
11
22
14
16
23
11
31
12
19
11
11
15
13
19
16
14
23
11
11
23
19
19
20
11
23
11
43
11
19
24
18
21
11
23
11
19
19
22
11
11
31
11
13
29
11
39
11
30
28
14
11
32
11
20
11
14
34
30
31
22
11
28
11
33
27
36
15
11
22
11
38
20
32
11
43
29
37
14
11
15
11
14
13
13
16
26
27
35
31
29
12
26
33
33
14
45
38
11
11
32
12
23
26
27
36
32
17
11
38
16
36
11
11
17
12
14
11
12
19
15
11
11
11
23
16
11
12
20
11
12
15
11
12
12
11
16
11
17
14
15
25
11
25
11
25
32
16
16
11
11
23
15
13
16
12
33
21
32
33
15
38
26
11
11
26
18
13
20
19
19
11
36
11
20
36
28
16
11
25
35
27
11
29
13
23
15
24
33
37
37
34
21
28
17
19
38
34
11
26
33
37
11
38
16
11
19
14
12
15
13
12
11
19
11
17
18
14
15
12
16
11
12
17
12
11
11
11
12
14
12
21
11
11
23
26
13
20
16
11
16
20
11
19
24
11
13
21
23
16
14
12
11
13
13
12
12
12
19
12
14
11
16
14
12
14
11
20
13
11
15
19
16
11
11
16
13
11
18
11
21
12
11
11
11
20
11
11
11
12
13
11
14
13
12
11
11
11
11
12
15
13
11
11
23
26
13
29
26
30
15
14
12
29
29
29
29
33
29
11
22
26
26
26
26
11
15
19
11
13
29
29
29
29
26
29
29
29
29
29
25
32
29
11
22
11
15
11
28
20
22
29
29
29
