49
26
26
23
26
26
26
26
11
35
26
33
33
29
26
19
11
45
26
29
33
33
19
29
19
29
11
42
33
18
11
16
29
29
26
26
69
19
19
26
23
33
19
26
29
26
33
20
26
26
26
26
26
26
26
26
19
29
23
33
26
29
28
34
29
29
19
26
19
33
36
26
49
36
34
28
16
19
29
26
26
26
26
26
55
11
11
35
11
14
16
16
20
11
28
11
16
11
14
20
11
24
11
11
11
16
23
11
25
11
19
11
30
11
11
11
18
11
12
14
13
21
16
11
13
31
11
11
13
15
11
11
17
16
14
11
28
21
11
23
32
30
19
13
27
11
26
16
11
22
13
16
13
28
16
16
14
21
18
13
11
27
11
29
33
15
15
11
25
16
23
15
11
28
11
21
11
16
42
19
11
40
24
17
16
18
11
19
16
43
21
32
19
31
13
17
24
31
14
11
25
18
11
32
26
19
13
11
25
17
17
15
22
33
11
29
33
25
22
13
12
32
11
23
43
19
16
25
15
11
11
27
12
17
32
11
21
11
23
11
11
11
12
28
15
11
11
16
12
12
21
11
16
15
41
27
30
22
11
15
37
11
26
15
19
16
31
21
37
33
14
34
29
19
30
33
33
33
11
22
26
26
16
26
24
32
26
33
33
33
33
36
19
26
26
26
27
48
19
26
26
26
36
26
26
26
17
42
26
23
33
19
26
26
26
26
26
16
26
26
29
19
11
18
26
26
26
36
26
43
26
26
26
26
29
19
26
33
14
42
22
34
26
26
26
26
19
33
19
26
26
26
26
33
19
29
26
26
26
26
26
26
26
26
26
29
26
26
26
29
26
26
25
30
26
26
25
27
19
19
29
19
24
17
15
11
35
24
12
23
11
29
18
25
11
11
21
13
19
13
11
30
11
43
11
20
11
31
16
21
14
11
25
31
11
18
19
19
27
16
15
11
11
12
11
11
11
18
11
16
11
23
13
11
24
20
15
11
22
12
11
14
16
11
20
11
18
11
11
28
12
12
31
15
11
12
11
13
11
14
13
19
16
19
12
18
14
22
11
11
25
11
11
14
11
17
11
17
13
11
27
25
11
11
18
11
13
11
17
11
18
29
36
19
11
19
19
38
11
11
27
19
20
19
17
25
13
27
11
11
12
15
29
14
18
21
22
19
16
11
20
33
13
11
14
11
12
12
24
17
20
12
24
25
16
29
14
11
11
11
30
29
16
11
33
11
37
11
14
12
35
15
11
27
11
11
15
29
13
20
18
11
22
28
11
14
11
11
16
20
33
16
16
11
14
14
36
11
13
11
22
11
11
35
32
11
24
12
27
33
11
29
23
11
27
28
22
25
26
11
11
13
14
29
19
29
11
29
17
11
18
15
11
11
28
11
14
11
26
13
23
11
14
11
33
11
21
11
11
16
11
14
11
11
12
17
14
11
11
11
11
11
12
14
11
11
11
11
14
11
17
19
17
20
15
11
11
11
11
11
11
11
11
11
11
13
11
13
17
11
19
11
23
11
11
11
11
11
17
19
16
11
11
11
16
11
11
11
11
12
19
11
20
16
16
11
12
11
11
11
17
24
17
19
18
11
13
13
11
13
11
11
11
11
12
11
14
11
18
11
11
11
12
11
13
18
11
28
11
18
18
11
33
16
11
11
27
11
25
21
16
11
31
11
22
11
24
11
24
11
19
11
11
15
11
27
11
12
11
22
11
11
11
21
17
11
18
11
12
11
11
11
11
11
11
11
11
11
11
11
11
11
11
11
11
11
11
18
11
18
11
24
11
14
11
25
11
14
12
16
11
22
20
11
25
26
11
13
11
11
15
11
26
11
11
11
15
16
11
11
11
11
11
11
11
13
20
19
11
25
11
20
12
12
23
11
12
12
11
17
16
11
23
18
11
11
14
17
11
22
11
16
11
11
20
11
31
11
17
11
11
16
19
11
11
15
11
17
11
11
13
15
16
11
17
11
12
16
23
11
11
11
11
11
11
11
11
11
11
11
11
11
11
11
11
11
11
12
11
11
11
11
13
19
11
22
11
11
11
11
11
11
11
11
11
11
11
11
11
16
11
15
11
15
11
15
11
15
11
11
11
11
11
11
11
11
11
11
11
11
11
16
11
11
11
11
11
14
15
11
19
