32
27
28
39
19
33
21
11
14
11
22
39
21
28
11
35
33
26
26
37
32
19
27
26
26
26
26
20
38
26
26
33
33
29
33
26
23
33
11
11
24
24
35
26
26
26
29
16
26
11
23
48
26
26
29
13
26
26
26
23
26
26
26
26
23
19
16
19
29
26
26
26
29
26
15
11
17
11
26
20
11
17
20
11
34
13
33
29
21
11
26
11
25
12
16
11
11
11
11
11
13
36
39
22
33
33
25
40
16
33
26
33
33
29
33
33
22
13
13
15
19
12
14
18
11
18
22
20
17
35
26
26
11
11
11
23
26
26
23
26
11
25
23
11
22
26
26
23
16
14
45
20
29
26
26
18
35
26
26
21
15
26
26
29
16
18
37
29
23
33
13
25
28
26
33
14
32
33
33
39
33
32
30
26
26
25
11
21
32
16
19
22
12
21
11
16
11
11
12
11
19
11
15
11
11
15
15
13
11
11
13
15
11
18
15
11
12
11
11
13
15
11
11
14
11
11
11
11
22
18
14
16
11
11
11
11
15
13
11
11
13
17
14
17
11
12
14
12
11
11
11
11
11
11
11
12
11
11
11
11
11
11
11
11
11
11
11
11
13
12
20
17
16
11
14
21
15
11
11
11
11
14
15
11
11
11
14
11
24
42
21
11
25
12
21
11
15
12
17
11
15
13
21
11
12
11
13
14
23
11
16
11
11
15
14
11
11
11
11
11
13
11
11
15
14
11
12
11
15
11
11
11
11
20
11
20
13
14
20
13
11
14
14
11
15
11
13
11
13
11
12
11
11
11
18
14
12
15
11
14
11
15
13
12
11
12
11
12
11
11
13
12
11
17
16
11
12
13
11
12
13
18
14
20
12
11
13
41
32
27
11
27
27
15
28
11
32
25
31
11
20
12
11
11
45
21
30
25
11
39
22
11
16
14
11
14
18
11
35
25
26
11
20
12
11
25
18
14
11
13
16
11
17
13
24
11
30
11
11
28
13
40
15
11
31
11
11
16
13
11
11
11
13
12
20
11
12
11
19
16
11
14
25
11
11
13
12
11
14
28
12
14
13
18
18
28
12
12
19
17
11
11
19
19
11
14
11
20
16
32
11
14
19
13
16
11
29
15
15
14
12
11
29
17
11
16
17
11
11
15
12
12
16
16
33
11
29
11
38
11
11
29
21
11
24
34
16
11
13
16
15
19
13
13
16
12
13
12
11
11
14
12
13
33
11
19
11
41
26
16
12
28
11
21
31
11
16
12
13
16
12
16
11
11
11
15
13
11
11
12
11
11
11
11
16
16
21
13
15
13
11
12
12
18
16
11
11
11
18
14
11
19
12
12
11
14
11
13
12
14
11
24
11
11
16
11
11
17
18
13
11
11
12
11
11
13
11
14
11
13
16
11
11
17
12
17
14
11
15
11
14
12
11
15
14
13
14
11
11
13
15
11
11
12
13
11
11
11
14
13
11
11
20
11
11
13
11
11
11
11
11
11
14
11
12
11
11
11
11
11
11
11
11
11
11
11
11
11
11
11
16
12
13
13
11
14
13
11
11
18
11
11
12
11
12
11
13
11
11
11
16
11
17
18
11
14
11
11
11
17
11
11
12
11
15
12
11
13
21
11
12
15
11
12
14
11
13
11
11
15
13
21
16
14
26
15
11
11
15
13
11
12
11
11
23
11
11
13
28
11
11
13
14
19
20
11
17
11
11
11
13
16
11
11
17
26
33
29
27
28
29
