32
37
31
51
21
37
31
31
47
14
35
33
26
21
18
35
22
16
33
26
21
13
19
38
23
15
11
32
11
22
17
11
17
12
26
16
19
25
11
21
16
15
11
21
43
11
11
45
11
22
11
11
20
21
30
60
35
13
11
32
14
19
25
17
17
17
13
20
11
11
27
28
12
14
21
11
25
11
40
11
46
18
17
13
11
11
11
16
11
11
12
11
31
11
14
18
11
29
11
11
14
15
11
26
13
15
22
12
12
17
33
17
14
11
11
12
11
11
11
11
11
20
14
16
11
11
12
16
11
11
19
11
22
14
21
11
12
19
11
11
11
11
15
15
14
11
13
11
11
13
11
17
13
11
12
11
11
16
13
11
18
11
12
11
12
13
13
14
11
11
12
11
11
11
13
11
12
11
11
14
11
11
11
11
14
16
18
11
15
19
11
14
22
16
16
14
16
15
16
11
14
14
22
11
12
12
17
19
11
11
14
12
11
11
15
20
11
15
11
13
37
16
13
23
14
32
26
33
32
11
37
39
27
11
35
33
33
26
33
23
17
41
33
23
11
12
11
11
11
13
13
12
11
11
15
11
15
11
11
11
11
13
13
17
13
11
12
11
11
11
16
11
14
16
11
15
13
16
11
11
11
11
12
13
12
14
12
11
21
17
11
13
11
11
14
12
11
11
11
11
12
11
24
11
11
11
14
11
20
11
13
11
14
11
13
13
13
11
12
13
11
11
11
11
13
12
11
13
13
11
14
11
11
11
11
19
12
13
11
15
22
18
17
16
16
11
14
11
14
13
14
11
11
11
11
13
12
11
13
17
12
18
11
12
11
12
12
17
11
11
13
12
11
11
15
14
11
13
14
11
17
11
14
13
11
12
11
11
17
14
11
12
17
11
11
15
15
13
12
13
13
16
11
18
17
12
11
12
20
11
11
13
20
20
11
22
12
11
11
17
18
13
11
21
15
11
12
21
12
23
14
11
11
13
11
12
16
13
15
13
11
13
11
11
11
14
11
11
11
12
14
11
11
11
11
13
14
14
11
12
11
22
11
15
13
12
14
11
13
13
12
11
11
14
12
11
11
12
11
11
21
11
25
14
22
12
16
20
11
11
11
33
18
11
27
36
36
33
11
28
24
44
11
11
35
12
11
24
18
12
27
19
18
12
11
36
36
19
11
28
12
22
13
11
12
18
11
19
31
11
15
11
25
17
15
16
11
25
22
11
27
26
27
11
24
29
11
33
15
11
25
13
17
25
26
19
16
26
26
29
16
31
19
13
24
45
18
19
30
28
36
11
29
11
18
16
11
20
31
32
14
21
11
14
32
25
25
22
11
16
17
20
16
22
11
11
19
13
11
12
15
13
16
11
13
11
17
11
11
25
11
33
40
14
28
26
29
26
26
26
26
15
27
26
19
26
26
43
26
26
19
26
29
17
26
11
21
16
11
28
15
19
11
16
22
35
12
24
11
26
11
23
36
12
24
34
11
21
11
19
22
11
11
11
14
11
46
13
26
11
21
11
27
36
11
26
30
17
11
26
35
11
11
46
11
22
19
13
25
14
15
24
16
20
11
23
12
23
11
28
11
27
42
23
11
21
15
22
11
32
11
15
22
14
16
21
11
23
12
12
32
14
12
13
35
36
31
33
35
25
28
33
14
11
28
11
12
32
11
15
14
15
28
11
11
11
15
21
11
11
19
17
11
15
11
14
13
11
12
11
16
11
23
11
