101
101
101
101
101
101
101
103
101
105
101
101
101
101
101
101
101
101
102
101
103
101
101
101
101
101
101
101
101
101
101
101
101
101
101
101
106
101
101
102
101
110
101
101
101
101
102
101
101
101
101
101
111
101
101
101
101
101
101
101
101
101
101
101
101
101
101
101
101
101
101
101
101
101
101
101
101
101
101
101
101
101
101
101
101
101
101
101
101
101
101
101
101
101
101
101
101
101
101
101
101
101
101
101
101
101
101
101
101
101
101
101
101
101
101
101
101
101
101
101
101
101
101
101
101
101
101
101
101
101
101
101
101
112
101
101
101
101
101
101
101
101
107
101
101
106
101
101
101
102
101
101
101
101
101
101
101
101
101
101
101
101
102
101
101
105
101
101
101
101
101
101
101
