101
101
104
101
103
101
101
101
109
101
108
101
101
101
101
101
101
101
101
104
101
101
101
101
107
101
101
101
101
101
101
101
108
101
103
101
101
101
101
101
101
101
101
101
101
101
101
101
101
101
101
101
101
101
101
101
101
102
102
101
103
101
101
113
101
101
101
101
101
101
101
101
101
107
106
101
101
101
101
101
101
101
101
101
101
101
101
101
101
101
101
101
101
101
101
101
101
106
101
101
101
101
103
101
111
106
103
106
101
101
104
101
101
101
101
101
101
103
102
101
101
101
103
101
101
101
101
101
101
104
101
101
101
101
101
101
101
104
105
101
101
104
101
101
101
101
101
101
101
101
101
101
101
101
101
101
101
101
101
101
101
101
101
101
101
101
101
101
101
101
101
101
