109
101
101
101
101
101
101
101
101
108
103
101
101
101
108
105
101
101
105
113
101
104
101
108
109
102
101
101
101
101
101
101
101
101
101
101
101
105
101
101
105
101
101
101
101
101
105
101
101
101
101
101
101
101
102
101
101
101
101
101
101
101
106
113
101
101
111
105
101
101
101
101
106
106
101
101
111
107
101
101
101
101
101
101
101
101
101
106
101
101
101
101
101
101
101
101
101
112
101
106
101
101
101
101
101
101
101
101
101
101
105
104
111
101
101
101
101
101
101
101
101
101
101
101
101
101
101
101
101
101
101
101
101
101
101
101
101
101
103
101
101
102
103
101
101
101
101
101
101
101
101
101
101
101
101
101
101
101
101
101
101
101
101
101
101
101
101
101
101
101
101
