101
101
101
101
101
101
101
101
101
101
101
101
111
101
101
109
101
101
101
101
101
101
107
101
101
102
101
101
101
101
101
101
101
101
101
109
107
101
101
104
101
110
101
101
110
101
102
101
105
101
101
101
103
101
101
101
101
101
101
101
101
101
101
101
101
101
101
101
101
101
101
101
101
101
101
101
101
104
101
111
101
101
103
101
101
101
104
108
114
101
101
101
101
105
101
101
101
101
101
101
101
101
101
101
103
101
102
112
101
101
102
101
102
115
101
101
101
107
101
101
103
101
101
105
101
101
101
101
101
101
101
120
101
102
101
112
103
101
118
101
101
101
101
101
101
101
101
101
101
101
101
102
101
101
101
101
109
101
101
101
101
101
101
101
101
101
101
101
101
101
101
