101
101
101
101
109
101
108
101
101
101
101
101
101
101
101
101
101
101
101
101
101
101
101
101
101
101
101
101
101
101
101
101
101
101
110
101
101
101
101
101
101
101
101
101
101
101
101
101
101
101
107
101
105
106
106
101
101
101
101
101
101
112
103
101
101
101
104
101
101
101
101
112
101
101
101
101
101
101
101
106
101
101
101
101
101
101
101
113
101
101
104
101
105
106
104
101
106
101
101
101
101
101
101
113
106
103
106
101
101
101
101
102
101
107
101
101
110
111
109
105
101
103
104
109
101
101
101
101
101
101
101
101
101
104
107
101
101
105
101
101
101
101
101
101
101
101
101
101
101
101
101
101
110
101
101
124
103
109
101
101
101
101
101
101
101
101
101
101
110
101
