101
108
101
101
101
101
101
101
101
101
101
101
101
114
101
101
101
101
101
101
101
101
101
101
101
101
101
113
106
101
101
101
101
101
101
101
101
101
101
107
101
101
105
110
113
103
111
101
101
101
101
101
101
101
102
101
101
102
106
101
101
101
113
113
102
102
101
101
101
101
101
101
104
101
105
101
101
110
101
101
101
101
102
101
103
104
101
106
101
105
101
101
101
101
101
101
101
105
103
101
115
101
101
101
101
101
107
111
101
101
103
102
103
106
101
101
101
101
101
101
101
101
101
101
101
101
101
101
101
101
101
101
101
101
101
101
101
101
101
101
101
101
108
101
101
101
101
101
101
101
101
101
101
101
101
101
101
101
101
101
101
101
101
101
101
101
101
101
101
101
101
