101
101
101
101
101
101
101
101
114
109
105
101
101
101
101
101
108
101
101
101
103
106
101
109
108
101
110
101
101
101
102
101
101
103
101
101
101
101
101
101
101
102
101
101
104
101
113
101
101
101
113
101
102
106
103
103
101
102
101
113
101
101
101
101
103
101
101
101
101
101
103
105
101
101
101
101
101
101
101
104
101
105
101
101
101
101
101
101
101
101
101
101
101
101
101
101
101
101
108
104
101
101
106
101
101
101
101
101
101
111
101
105
106
101
125
103
101
101
101
109
106
101
105
113
106
101
106
101
101
101
101
106
104
101
101
101
101
101
101
101
101
103
101
101
103
101
101
101
101
101
101
101
101
101
101
101
101
101
106
101
108
119
105
101
101
101
101
101
101
101
101
