101
101
101
101
103
101
101
101
101
101
101
101
101
101
101
101
111
112
105
101
101
102
107
101
101
101
101
101
101
102
103
102
105
107
101
101
101
101
101
101
101
101
101
108
106
101
101
101
111
101
101
101
101
101
101
101
101
101
110
101
101
101
101
101
102
101
115
101
101
104
101
101
101
101
101
104
104
101
101
101
101
101
101
101
101
101
101
101
101
101
101
101
101
106
101
101
101
101
101
101
101
101
101
101
101
101
101
101
101
101
101
104
101
104
101
101
103
112
101
101
109
105
101
101
101
109
101
101
102
101
101
101
111
101
101
101
101
106
101
101
112
