101
102
101
110
104
101
101
101
101
101
101
101
101
101
101
101
101
101
103
101
101
101
101
101
101
101
101
101
101
101
101
101
101
101
101
101
101
101
101
101
101
101
101
105
101
108
101
101
101
107
101
109
101
101
101
101
101
101
101
101
101
116
101
101
101
101
101
103
101
101
101
101
101
101
101
101
101
101
101
101
101
101
101
101
101
101
103
104
101
105
107
105
101
101
101
104
102
101
101
101
101
101
102
101
101
101
101
101
101
101
101
102
101
101
101
101
102
101
101
101
103
101
101
101
101
101
101
101
101
103
101
101
101
113
101
112
101
101
101
101
101
101
101
101
101
101
101
101
101
101
101
101
101
101
105
103
107
101
101
101
101
101
101
101
101
101
101
101
101
101
103
101
