101
101
101
101
101
105
101
101
103
101
101
101
106
106
102
101
101
101
101
101
101
101
101
101
101
101
101
101
101
101
101
101
107
108
101
101
101
102
101
101
101
101
101
101
101
101
101
101
101
101
102
118
101
101
101
101
101
101
101
101
101
101
101
109
101
101
101
101
101
101
101
101
111
106
107
101
102
103
102
101
101
101
101
101
105
101
104
101
102
108
101
101
101
108
108
107
101
101
101
102
101
102
101
101
101
101
101
101
105
101
104
101
101
101
101
101
101
101
101
101
101
101
101
101
101
101
101
101
101
101
101
101
101
101
101
101
101
101
101
101
101
101
101
101
101
103
101
101
106
101
101
103
101
101
101
101
101
101
101
101
101
101
101
101
103
101
102
101
101
101
101
101
