101
101
101
105
106
116
101
102
128
128
121
120
101
101
114
101
101
118
107
102
102
103
101
121
118
104
119
101
101
102
101
105
108
104
110
101
114
120
101
128
101
105
105
105
114
110
101
120
101
107
101
102
119
101
116
115
111
106
106
103
139
106
106
106
106
106
106
102
101
106
126
119
109
106
106
113
106
106
106
106
106
106
106
106
106
106
106
101
116
106
106
107
106
106
126
119
106
102
107
109
110
116
103
101
101
101
113
113
101
101
101
104
101
106
101
103
102
102
107
106
101
101
101
102
101
101
101
112
109
106
109
116
119
119
109
122
109
101
105
101
104
105
103
101
101
106
101
101
102
101
106
106
113
101
101
106
102
101
105
101
101
101
101
105
103
101
116
101
101
101
101
104
101
102
106
101
101
107
106
105
107
107
101
105
105
106
101
102
109
101
101
101
101
101
106
101
101
106
114
111
109
101
107
101
101
106
106
106
103
101
103
101
101
101
101
101
101
101
101
101
101
101
101
101
