19
28
11
11
29
23
11
35
33
33
33
27
32
33
33
36
26
11
11
11
21
19
12
16
11
12
11
11
12
11
11
14
11
18
12
11
11
11
15
11
21
12
11
22
14
20
19
30
32
16
25
31
26
33
33
39
26
23
26
15
11
26
39
23
46
13
19
33
33
33
26
26
26
19
33
33
33
29
26
29
19
33
33
23
43
11
29
39
36
36
26
11
25
36
26
26
25
34
29
20
14
11
19
16
11
11
14
11
22
11
11
13
11
16
13
21
11
11
11
15
11
23
26
26
23
13
21
11
26
40
24
48
16
21
11
27
11
12
39
39
28
30
19
13
42
12
43
29
21
39
39
35
11
12
20
11
18
30
32
11
22
13
32
39
38
26
11
18
11
11
11
23
31
11
28
11
22
33
39
36
11
18
31
38
19
30
35
30
35
12
29
35
11
11
37
36
11
11
18
28
27
11
19
36
41
19
28
37
39
19
37
36
11
11
11
36
36
11
11
11
36
27
28
11
38
19
29
11
32
13
30
15
18
31
25
12
13
28
11
11
29
11
31
38
21
16
35
33
21
16
18
11
27
12
11
17
30
15
11
15
17
11
41
11
12
21
15
34
11
19
24
12
16
19
12
32
11
18
16
11
27
12
15
23
11
19
11
12
15
11
21
12
27
11
41
19
16
18
16
19
11
11
11
16
16
13
11
14
16
17
11
11
11
11
13
12
11
13
11
14
11
12
14
13
13
16
21
15
22
12
11
15
19
12
19
27
12
11
11
14
39
25
22
23
35
12
21
15
11
13
11
21
11
11
16
11
11
15
16
12
11
12
13
14
11
11
13
11
33
11
11
11
11
12
11
11
11
11
11
15
24
14
18
20
11
11
13
11
11
11
11
11
11
26
32
11
36
16
26
19
16
29
29
23
23
17
19
26
33
33
11
25
11
31
33
11
28
15
22
33
28
47
23
16
15
11
22
11
27
16
42
11
32
14
18
16
33
16
11
25
26
11
22
26
13
33
33
26
26
26
26
33
33
33
33
23
24
27
11
20
43
29
29
29
29
13
23
11
31
26
26
26
26
26
26
26
26
26
26
26
26
26
26
26
26
26
29
26
26
26
26
24
35
26
29
19
26
26
26
26
26
26
26
26
26
26
26
26
26
26
26
26
26
26
33
26
24
48
26
33
26
26
26
26
26
26
26
26
36
43
26
26
26
23
26
26
26
33
23
26
26
33
19
26
26
29
19
26
13
26
43
26
26
23
19
26
26
26
26
26
29
19
26
24
38
19
26
29
11
22
26
26
26
26
23
24
28
29
26
26
26
26
29
26
16
11
25
13
23
26
33
26
22
30
26
23
36
29
29
33
26
26
26
14
29
26
26
13
29
29
11
13
11
14
11
18
11
15
11
15
11
11
14
11
14
22
11
11
19
11
25
11
22
16
11
11
14
11
31
11
26
14
16
11
11
11
14
11
12
15
12
16
11
11
11
22
15
11
29
11
29
11
27
12
17
11
32
33
23
28
12
17
11
19
34
11
36
11
24
19
26
26
26
23
29
26
29
29
29
29
11
11
11
13
11
15
11
15
11
15
11
15
11
15
11
15
11
15
11
15
11
13
11
14
11
15
11
15
11
15
14
11
14
19
21
11
14
11
15
11
15
11
11
11
13
11
15
11
15
11
22
11
15
11
24
24
11
11
11
14
11
11
38
12
20
11
15
11
15
11
22
11
15
11
15
11
15
11
15
11
15
11
15
11
15
11
15
11
12
11
15
11
15
11
15
11
15
11
15
11
15
11
15
11
15
11
15
11
13
11
14
11
15
11
22
11
15
11
15
11
22
11
15
11
18
11
12
11
15
11
15
11
15
11
15
11
15
11
15
11
15
11
15
11
15
11
13
11
14
11
15
11
18
11
25
11
15
11
25
11
15
11
15
11
15
11
15
11
15
11
15
11
15
11
18
11
15
11
15
11
15
11
15
11
11
11
13
11
18
11
15
11
15
11
15
11
15
11
15
11
15
11
15
11
22
11
15
11
15
11
15
11
15
11
18
11
15
11
22
29
26
11
15
11
15
11
15
11
15
11
17
11
20
29
29
29
29
29
36
16
29
29
29
29
29
29
29
11
15
11
15
11
15
11
15
16
29
27
28
29
33
11
11
17
11
15
11
15
11
15
11
15
11
15
11
15
11
15
11
15
11
15
11
12
11
15
11
15
11
15
11
15
11
15
11
15
11
15
11
15
11
15
23
11
15
11
15
11
15
11
18
11
25
11
15
11
25
11
15
11
15
11
15
11
15
11
15
11
15
11
18
11
15
11
15
11
15
11
15
11
22
11
15
11
15
11
15
11
18
11
15
11
15
11
15
11
15
23
11
18
11
15
11
15
11
13
11
14
11
15
11
15
11
15
11
15
11
11
15
11
15
11
15
11
15
11
15
11
15
11
15
11
15
11
11
11
13
11
15
11
15
13
11
15
11
11
21
11
15
16
11
11
11
13
11
15
11
15
11
15
11
25
29
33
11
15
11
15
11
15
11
15
11
15
11
15
11
15
11
15
11
13
11
14
11
15
11
15
11
15
11
15
11
18
11
14
11
20
11
11
17
11
22
11
18
23
11
15
24
11
25
11
11
11
22
11
21
11
27
11
23
11
15
23
11
25
11
11
14
11
17
14
11
11
27
17
13
11
18
11
13
11
11
14
13
11
13
14
11
11
24
11
11
16
11
12
11
11
11
11
11
11
11
11
11
11
11
11
11
13
11
11
12
11
11
11
12
11
11
18
16
21
11
11
16
15
11
12
11
19
11
11
11
23
11
11
24
11
11
11
11
11
11
11
11
11
11
11
11
11
11
11
11
11
11
11
11
11
11
11
11
11
11
11
11
11
11
11
11
11
11
11
11
11
11
11
11
11
11
11
11
11
11
11
11
11
11
11
11
11
11
11
11
11
11
11
