105
101
101
101
113
101
120
110
101
103
106
101
114
102
105
101
122
101
105
103
101
119
102
109
120
101
114
101
103
101
104
121
102
111
106
113
121
101
101
112
123
119
101
101
115
105
112
106
121
125
103
123
121
129
109
109
103
112
104
101
102
101
101
101
101
105
102
101
118
105
101
101
124
101
113
115
101
120
116
103
101
109
113
106
101
111
101
101
101
109
103
102
101
101
105
103
102
106
106
101
102
110
103
101
101
110
112
105
115
108
102
107
101
101
121
101
119
110
115
105
118
111
101
101
103
105
101
102
