101
115
119
116
113
119
119
113
101
102
112
101
101
118
101
102
121
111
101
102
129
106
101
109
109
111
101
101
101
101
101
101
101
101
126
127
105
106
101
101
115
105
101
101
106
101
106
101
101
109
104
101
109
106
101
101
101
101
102
101
108
115
104
101
101
101
101
103
101
101
107
113
129
101
101
112
101
101
118
101
112
101
105
106
106
106
123
106
106
106
116
126
126
103
126
123
101
107
101
108
107
113
102
101
105
115
101
106
101
108
117
101
109
106
113
118
113
125
102
123
104
105
101
101
116
116
101
112
106
133
106
123
101
115
103
101
106
