11
11
29
29
11
13
12
38
34
13
26
36
23
19
36
11
18
11
19
19
20
37
11
28
11
27
37
29
14
32
12
39
37
11
15
11
18
14
22
14
32
19
11
28
11
28
25
30
26
33
33
23
16
26
11
38
11
29
11
11
26
28
37
28
44
33
37
32
34
12
30
31
33
30
29
26
33
19
33
33
23
19
29
19
11
52
29
26
36
28
34
26
26
39
21
11
23
29
19
29
29
26
26
26
26
29
29
19
15
11
24
11
26
33
12
21
22
14
23
33
11
26
16
19
15
12
13
16
14
12
11
11
11
11
24
11
11
20
17
12
13
20
13
12
20
26
21
12
23
11
11
31
34
35
23
31
35
40
28
16
11
32
23
19
19
11
27
11
24
32
13
24
40
31
34
11
24
37
26
36
25
34
36
18
11
13
40
32
20
13
12
25
46
39
25
38
36
16
11
22
38
33
25
19
36
29
33
36
24
15
11
20
11
24
36
11
11
32
15
23
13
24
11
11
23
15
11
11
15
11
13
13
15
12
17
11
11
16
12
11
21
11
13
14
11
12
13
20
14
17
13
14
12
28
13
14
12
18
12
11
14
16
12
11
11
14
14
12
11
11
12
11
15
15
22
11
39
33
33
36
33
19
29
29
26
20
35
29
29
29
26
39
39
26
34
32
11
16
32
21
24
45
14
20
15
39
11
37
13
39
29
36
23
11
11
34
19
33
29
26
23
33
11
14
15
11
17
23
31
18
23
32
30
21
24
23
25
11
11
18
13
12
13
11
11
11
11
14
11
11
11
11
15
12
14
12
15
13
23
11
13
11
11
13
11
14
11
13
15
11
18
14
11
11
11
22
24
32
28
35
33
33
33
29
32
44
26
16
11
26
13
16
26
39
33
11
35
26
40
33
14
24
28
27
38
33
21
31
18
49
45
26
33
24
28
33
20
11
25
11
34
26
11
16
16
29
22
20
13
11
11
13
11
11
11
11
11
22
18
11
15
11
17
15
11
11
11
12
12
15
27
11
25
11
15
23
11
11
11
31
25
17
20
14
24
32
29
22
11
36
19
11
11
11
13
14
11
22
19
12
11
27
11
25
16
11
30
11
38
11
12
14
15
30
23
12
23
16
12
19
19
11
11
12
11
12
12
11
35
25
12
13
19
11
11
11
19
11
12
13
30
11
18
18
11
24
18
11
14
11
11
14
24
13
13
12
11
11
12
13
17
12
15
12
11
14
11
12
17
35
25
29
29
26
30
16
11
20
33
25
16
26
16
17
11
16
13
25
35
11
12
16
28
15
12
11
18
18
29
21
15
11
32
11
35
14
11
20
23
23
20
25
11
11
15
13
14
12
11
11
25
14
12
43
13
11
18
19
16
13
19
13
11
25
13
17
18
11
14
13
14
14
19
11
11
17
15
13
12
11
13
12
14
14
12
11
11
15
20
11
11
11
18
11
11
12
14
26
26
29
29
27
28
34
36
23
26
26
26
23
22
11
46
11
24
11
24
17
49
21
14
11
40
28
35
24
11
21
16
27
17
17
25
22
11
16
24
24
12
33
11
42
16
23
33
13
28
31
11
18
24
22
11
24
27
11
28
24
24
11
29
27
30
11
19
35
11
23
11
14
19
11
26
16
18
11
12
11
11
11
13
11
11
11
11
22
16
11
11
11
11
11
11
11
11
11
11
11
13
14
11
11
11
19
11
11
11
11
14
11
11
26
11
11
11
11
11
11
11
11
11
11
11
11
11
11
11
11
11
13
11
11
12
11
13
11
11
17
13
12
14
11
14
13
11
13
12
11
11
11
11
11
11
11
11
15
18
18
13
11
15
11
11
11
12
13
11
12
11
20
13
21
11
16
11
11
11
11
11
11
13
13
11
11
11
11
11
11
11
11
11
11
11
11
11
11
12
11
11
11
11
11
11
11
11
11
11
13
11
11
11
11
11
11
11
12
11
11
11
11
11
11
11
11
11
11
12
11
11
11
11
11
11
11
11
11
11
12
11
11
11
11
11
11
11
11
11
11
11
11
11
11
11
11
11
11
11
11
11
12
11
11
16
11
12
11
12
11
11
11
11
11
11
11
11
11
11
11
12
12
16
11
14
12
12
12
15
11
11
13
11
11
13
13
12
11
11
11
28
29
37
29
11
28
17
29
23
26
11
28
27
29
27
11
22
14
11
12
11
12
11
11
11
13
11
11
11
11
11
11
11
11
11
11
11
11
11
11
11
11
11
11
11
11
11
11
11
11
11
11
11
11
11
12
11
11
11
11
11
13
11
11
11
11
11
11
11
11
11
11
11
11
11
13
13
11
11
11
11
11
11
11
11
11
11
11
11
11
11
11
11
11
11
11
11
11
11
11
13
11
11
11
11
11
11
11
11
11
11
11
11
11
11
11
11
11
11
11
11
11
11
11
11
11
12
11
14
14
11
11
13
12
19
12
15
11
12
11
13
12
16
11
11
16
16
12
11
11
11
11
11
11
11
11
11
11
11
11
11
12
11
13
11
12
11
11
12
11
11
11
11
11
11
11
11
11
11
11
11
11
11
11
11
11
11
14
11
20
14
11
11
11
11
11
11
11
11
11
14
11
11
11
12
11
11
11
11
11
11
12
12
11
11
11
11
12
13
13
11
11
13
14
11
11
11
11
12
11
11
12
11
11
11
13
13
11
11
13
11
11
12
11
14
11
32
11
16
11
14
11
11
11
12
12
13
13
11
11
14
11
19
17
11
20
29
31
11
27
11
22
21
24
11
11
11
20
11
15
23
11
18
11
25
20
11
14
11
12
11
15
15
11
23
16
11
22
11
12
13
11
11
27
11
15
11
11
31
11
11
11
11
11
11
12
22
11
12
15
24
11
11
23
11
23
18
12
11
21
11
11
28
11
15
12
19
11
11
12
11
11
14
21
13
11
27
11
15
17
15
15
11
27
16
11
25
11
15
24
11
12
11
15
11
11
27
11
11
27
11
11
12
16
11
11
17
14
11
18
15
11
11
11
11
11
11
11
11
11
11
11
11
11
11
11
11
11
11
11
11
11
11
11
11
11
11
11
11
11
11
11
11
11
11
11
11
11
11
11
11
11
11
11
11
11
11
11
11
11
11
11
11
11
11
11
11
11
11
11
11
11
11
11
11
11
11
11
11
11
11
11
11
11
11
11
11
11
11
11
11
11
11
11
11
11
11
11
11
11
11
11
11
11
11
11
11
11
11
11
11
11
11
11
11
11
11
11
11
11
11
11
11
11
11
11
11
11
11
11
11
11
11
11
11
11
11
11
11
11
11
11
11
