101
118
101
101
107
101
111
101
102
101
101
101
105
105
101
101
101
101
101
102
108
101
101
103
102
101
105
110
124
101
115
101
111
101
116
105
102
101
101
103
104
109
101
101
101
101
103
105
117
104
102
104
101
104
101
107
115
101
101
101
104
103
105
101
103
101
101
120
101
109
119
101
113
101
103
101
102
107
106
119
101
117
103
119
103
101
107
101
101
102
105
122
106
105
101
101
101
101
108
101
101
103
101
114
112
106
115
105
103
101
101
114
101
103
109
101
101
109
101
101
102
108
109
119
116
101
108
113
101
101
104
106
106
101
120
119
116
101
105
104
116
105
101
101
116
101
101
101
101
101
106
106
105
101
105
101
101
105
101
101
105
101
101
101
101
106
107
103
112
114
101
101
101
101
102
101
101
108
105
101
102
106
101
101
101
109
105
105
101
101
101
102
101
101
108
105
101
101
101
101
105
105
101
101
106
107
107
