33
11
23
18
20
11
21
11
24
11
24
13
11
31
43
11
12
11
11
21
15
12
16
14
13
21
11
11
18
20
14
21
18
11
12
11
22
11
23
27
24
24
26
30
12
17
13
19
13
13
14
11
13
16
11
14
19
16
23
14
25
17
15
19
11
11
11
16
12
14
14
12
11
16
21
11
14
13
12
13
11
11
14
11
12
11
14
18
11
11
12
14
11
17
11
12
24
11
11
12
17
15
11
11
11
13
18
16
14
11
12
11
11
30
11
11
11
21
13
16
15
20
22
11
11
11
16
16
24
11
11
11
11
19
26
23
11
21
29
22
34
19
26
26
36
19
14
37
22
15
13
11
34
19
27
11
13
16
11
27
35
18
11
11
20
11
13
11
13
12
11
15
11
35
26
29
36
24
41
21
16
17
12
19
12
11
41
21
21
16
12
24
30
21
11
11
11
43
11
35
29
26
29
33
43
22
40
11
35
33
22
26
26
26
33
33
29
23
26
11
18
27
29
29
26
26
11
25
26
26
36
26
31
38
39
39
33
29
23
33
33
21
32
26
29
33
29
33
16
29
26
26
26
29
33
29
21
11
24
29
26
29
26
26
11
25
33
26
26
29
20
13
26
26
26
24
19
33
26
19
17
11
11
11
12
11
16
14
12
11
13
13
12
13
19
14
12
15
19
13
14
11
11
15
12
12
11
11
16
12
11
12
11
14
12
13
11
11
11
14
11
11
16
11
11
11
12
11
16
20
15
11
14
11
16
16
14
18
14
12
16
11
11
20
13
13
13
15
22
16
14
20
11
17
11
12
11
11
11
13
11
11
11
13
14
11
16
21
13
25
28
29
19
29
20
35
22
11
19
20
11
11
11
38
17
29
25
11
13
13
17
28
11
33
29
26
11
15
16
17
32
26
23
14
13
27
11
11
11
11
23
15
17
11
21
17
22
19
11
25
12
16
12
11
13
14
11
11
11
17
11
11
11
12
11
11
17
12
32
14
24
11
27
11
11
11
13
15
11
11
13
11
13
11
13
11
22
14
18
23
11
11
11
11
18
11
15
11
11
12
11
11
11
11
15
16
20
19
11
30
11
24
13
14
11
32
31
11
18
23
11
27
12
18
11
29
31
13
14
26
11
11
11
11
11
14
14
11
11
11
18
19
11
11
15
19
11
11
18
11
58
18
13
11
28
34
11
21
13
19
12
15
16
29
16
43
14
25
31
11
11
22
26
11
16
11
11
14
18
21
11
13
11
21
21
13
21
15
21
12
19
14
13
11
11
13
19
14
16
13
11
11
18
12
11
21
11
13
16
16
35
17
14
16
11
14
12
14
15
16
11
28
14
11
15
13
12
11
11
12
14
17
11
16
11
13
11
12
13
18
13
20
14
16
11
21
12
19
14
15
11
19
11
11
11
11
11
13
16
11
12
19
29
11
42
29
22
33
11
12
26
26
40
39
29
29
26
22
27
23
11
25
11
11
14
12
18
13
13
12
14
12
12
17
12
11
12
13
16
11
13
13
11
12
11
13
12
19
11
11
20
12
13
11
11
11
11
11
11
11
11
11
11
11
11
20
13
11
14
14
11
16
11
18
15
17
13
16
15
14
36
26
29
29
29
27
22
27
22
11
19
16
26
26
26
13
29
23
16
36
11
19
11
12
11
21
16
27
19
29
24
11
12
28
36
11
19
11
18
11
12
12
13
18
19
15
11
13
11
11
11
17
11
38
19
11
23
22
19
26
26
20
26
33
11
11
11
22
23
19
28
11
18
28
17
29
11
28
30
36
11
35
11
20
19
11
27
14
13
28
11
28
18
29
11
36
29
19
25
23
25
11
20
11
21
11
24
33
11
25
11
19
11
22
39
19
18
30
11
28
38
19
28
26
11
11
17
24
17
26
15
11
16
11
23
27
11
11
24
11
11
13
11
19
23
11
12
11
22
23
15
11
16
11
16
11
18
11
11
11
11
18
11
11
15
11
25
11
11
21
16
11
15
11
15
11
14
16
11
25
11
27
11
11
21
23
11
15
11
15
11
15
11
15
11
11
11
26
11
15
11
16
11
11
23
11
13
17
11
11
26
11
28
11
11
27
11
18
11
15
23
11
14
11
12
11
16
11
15
11
15
11
15
23
11
11
15
22
23
23
11
13
11
23
11
15
11
15
11
23
11
17
11
15
23
11
13
11
11
11
11
11
12
11
11
22
11
20
21
11
31
11
20
11
11
23
23
11
11
17
11
18
11
15
11
14
18
13
19
33
11
32
23
25
34
39
32
30
23
11
15
11
12
29
29
33
20
39
27
11
21
29
25
30
11
26
21
21
27
29
13
29
26
29
11
18
11
16
11
22
26
33
22
15
11
20
11
11
14
17
11
21
11
25
11
13
25
11
15
11
11
14
16
22
11
11
11
13
11
16
22
11
12
11
11
11
20
26
11
21
11
16
11
12
17
11
14
11
22
16
11
15
11
15
11
18
11
22
11
18
11
20
11
12
13
11
12
12
11
11
11
11
11
13
14
11
13
19
11
15
11
11
11
11
15
11
15
11
15
12
11
23
11
15
11
15
16
11
22
11
11
11
20
14
11
11
14
11
11
11
11
11
11
11
11
12
16
11
12
14
11
11
13
11
13
11
11
11
15
11
25
11
11
17
23
11
25
11
15
11
15
11
12
11
15
11
15
11
15
14
11
14
19
11
11
11
13
19
11
11
11
13
11
28
11
25
28
11
20
11
22
11
18
11
28
11
11
17
23
11
18
11
11
11
20
11
21
11
15
23
11
15
23
11
11
13
14
11
11
27
11
15
11
11
14
16
11
22
11
15
16
11
11
23
11
11
17
11
11
15
13
11
11
11
11
15
15
11
22
13
11
21
11
18
11
29
11
11
21
11
22
11
11
13
12
11
11
16
14
11
12
11
11
11
12
11
23
18
15
16
29
11
13
22
11
11
16
19
11
19
19
11
16
15
11
11
15
14
11
15
11
11
11
11
11
12
11
11
11
11
11
11
11
11
11
11
11
11
20
11
18
19
11
11
24
11
11
11
11
11
11
11
11
11
11
11
11
11
11
11
11
11
11
11
11
11
11
11
11
11
11
11
13
11
11
11
11
11
11
11
11
11
11
