101
102
107
103
107
102
101
110
108
112
116
113
116
123
106
119
113
116
106
103
116
106
106
109
102
105
103
101
101
101
101
101
119
106
101
112
103
113
123
109
109
109
106
101
101
102
103
101
101
103
101
101
101
102
111
101
106
107
101
101
101
104
102
105
123
106
106
109
109
109
106
103
103
101
101
121
123
104
101
111
101
114
101
102
104
104
103
101
103
109
102
103
110
110
103
101
101
103
102
104
107
101
128
101
118
104
109
119
110
103
116
116
116
101
103
106
116
113
116
101
115
113
101
101
101
119
119
119
110
116
116
101
126
101
101
101
103
126
109
116
101
113
106
113
103
106
106
103
101
102
110
101
108
101
107
101
116
102
109
111
110
110
102
101
101
103
101
101
101
101
101
111
101
101
102
101
105
101
106
101
106
101
101
107
102
102
103
113
101
101
101
101
101
101
101
104
101
101
101
102
102
103
101
103
101
109
101
101
102
101
101
105
103
101
101
101
101
