11
12
33
39
33
26
26
33
29
23
33
33
36
33
19
26
26
26
33
26
33
33
26
26
43
19
26
29
25
11
19
26
29
24
28
37
11
28
36
37
12
28
35
35
34
29
37
29
36
34
24
28
35
29
11
34
14
27
11
11
34
11
20
35
11
11
37
24
11
25
31
29
11
38
11
35
12
27
13
28
38
36
12
29
37
11
38
16
11
11
37
29
29
37
32
26
37
11
35
13
25
12
11
11
11
24
38
25
14
11
21
17
15
11
21
26
21
11
20
12
11
14
11
13
14
12
13
15
11
11
12
11
17
11
11
11
13
11
13
15
23
11
27
23
11
27
11
27
28
17
19
11
27
38
11
28
37
31
15
46
42
37
11
25
12
39
39
25
13
28
38
26
11
28
11
29
28
37
31
19
30
35
11
11
11
36
19
28
19
35
39
30
36
26
19
12
34
39
11
18
16
13
24
24
37
20
35
12
28
19
19
28
38
19
19
36
36
29
39
30
28
11
28
22
14
16
11
15
23
14
15
11
15
11
14
20
26
11
26
11
26
12
20
11
25
17
11
22
11
32
13
15
20
11
11
12
11
11
13
21
14
14
11
27
18
13
17
11
19
14
23
14
11
13
15
11
16
29
11
11
11
24
11
28
12
40
17
11
21
11
11
11
12
12
30
14
22
16
12
19
19
25
22
11
13
11
32
11
14
11
11
13
11
13
12
11
24
19
12
11
11
11
13
11
11
13
11
13
17
11
12
15
13
18
17
14
12
19
13
11
11
11
13
15
14
11
15
12
11
12
12
11
11
16
17
15
11
12
12
14
15
11
11
11
11
12
36
11
38
26
21
19
19
28
40
29
37
33
11
23
17
11
17
26
35
11
23
42
33
33
33
11
28
33
33
33
26
26
33
33
33
33
26
26
26
33
33
33
27
26
42
26
11
25
26
26
26
26
26
26
26
26
26
26
26
26
26
26
26
43
26
26
26
26
26
26
26
26
26
26
26
26
26
26
24
11
27
26
26
21
52
26
33
33
33
33
33
36
33
26
26
11
28
11
29
22
33
33
33
33
33
28
47
32
34
33
33
28
47
32
41
33
24
11
17
16
29
19
26
26
26
23
26
33
20
26
19
25
36
35
11
11
41
22
11
27
44
39
17
19
39
11
36
29
30
11
22
19
11
22
11
25
38
31
16
34
35
11
32
33
18
24
30
33
14
11
20
11
30
30
23
11
11
14
31
13
23
26
26
11
15
20
16
28
12
13
27
11
25
29
27
23
43
28
33
11
28
13
13
27
38
29
25
31
26
21
28
29
19
26
29
36
26
11
28
39
26
23
26
29
29
29
36
26
26
26
20
26
26
26
26
29
23
26
26
26
23
29
29
29
29
43
17
28
29
29
26
29
29
36
33
19
26
18
30
26
29
29
33
11
15
19
11
12
29
29
11
22
26
16
29
29
29
11
28
29
