110
126
103
128
105
101
101
116
109
101
106
109
101
101
106
103
101
101
118
119
106
106
106
109
101
104
107
102
123
119
109
106
107
101
101
101
103
109
101
110
119
119
106
101
101
110
103
103
103
106
118
118
101
101
101
103
102
101
106
136
134
106
119
107
101
108
101
117
101
123
106
123
102
103
106
101
101
132
101
101
111
110
103
101
117
102
104
101
101
101
101
101
106
105
101
101
105
116
108
125
101
111
119
113
101
104
101
113
109
110
122
103
101
101
101
106
112
106
101
109
106
101
132
101
122
105
129
104
101
111
101
101
101
102
111
103
103
101
101
101
101
102
101
103
101
101
101
101
101
101
101
102
101
102
101
101
101
101
101
101
103
102
101
101
101
101
101
104
101
102
101
102
101
101
101
115
101
101
105
106
106
103
106
106
103
106
101
110
106
103
106
101
106
106
106
106
103
103
106
106
106
101
105
106
101
101
106
106
103
101
105
