11
11
54
11
38
14
32
26
33
33
33
33
11
28
33
33
36
19
11
30
11
24
33
26
23
11
25
29
29
13
27
11
17
11
38
23
13
24
15
15
20
18
13
24
15
11
12
13
22
11
11
16
20
11
17
19
11
11
11
11
22
15
17
15
29
14
11
12
11
11
25
13
13
25
11
13
12
11
11
16
24
11
11
16
11
13
16
11
11
23
23
11
30
19
25
11
19
16
17
22
14
11
11
23
14
13
14
14
11
11
14
11
15
11
11
16
18
13
11
26
11
11
12
11
11
12
11
12
11
11
11
13
12
11
13
12
13
15
18
13
13
11
11
15
11
11
22
11
17
19
11
18
11
18
23
23
26
26
36
33
25
11
36
16
17
30
11
27
18
41
26
25
31
26
26
29
11
18
26
26
29
11
15
26
23
11
35
11
25
21
41
29
16
33
29
28
25
21
19
29
29
24
26
26
33
26
26
26
22
27
26
16
23
28
27
26
29
33
26
24
25
26
26
29
36
33
26
29
29
26
24
27
27
26
26
15
11
18
11
11
11
11
11
12
11
12
11
13
11
11
11
13
11
12
11
11
13
14
11
15
31
11
17
18
23
16
24
12
28
11
38
11
28
16
21
25
27
11
31
19
26
29
11
15
15
21
11
15
11
25
11
11
26
19
18
11
30
18
11
20
11
11
11
15
29
33
26
26
33
29
29
16
29
19
24
28
11
28
26
26
26
26
19
26
26
29
39
46
39
46
39
26
26
26
26
26
26
26
29
26
23
26
26
26
26
26
26
26
26
26
26
26
26
26
26
26
26
26
29
33
29
29
26
26
26
26
26
26
26
46
46
46
26
26
26
33
29
26
26
26
26
26
26
26
25
27
26
26
26
26
26
26
26
26
26
26
26
26
26
26
26
26
26
26
26
26
26
26
26
26
26
26
26
33
19
26
26
26
26
26
26
26
26
26
26
26
33
26
26
26
26
26
26
26
26
19
23
19
26
26
26
29
29
33
29
13
26
19
26
29
26
26
26
26
26
26
26
39
39
26
26
26
26
39
46
26
26
26
26
26
26
26
26
26
26
11
22
11
35
28
25
24
15
16
11
28
27
39
11
32
26
39
11
43
12
23
11
22
11
28
11
27
35
18
14
11
24
16
17
16
13
22
13
11
31
12
18
17
11
11
17
11
23
13
11
24
14
11
11
13
11
11
22
18
11
22
11
11
11
11
12
11
20
19
14
11
31
17
27
11
18
17
16
11
17
20
17
19
15
18
15
11
12
11
11
12
15
11
12
13
12
32
16
25
11
33
11
19
22
15
11
15
11
26
11
15
17
11
11
11
11
11
11
11
29
11
11
13
11
28
12
11
17
30
12
11
18
24
14
22
22
11
12
11
13
23
11
11
21
19
24
11
11
22
24
11
24
20
11
11
19
13
14
11
12
16
18
11
15
13
12
11
12
11
11
11
11
14
15
12
13
12
16
11
14
11
35
26
11
27
39
12
11
18
32
24
24
24
22
11
16
14
21
17
32
29
27
27
15
20
15
11
24
39
18
27
29
11
23
28
26
33
19
24
11
11
28
11
14
34
22
11
23
38
16
23
11
18
23
14
11
24
11
16
14
11
11
11
11
14
17
18
11
11
18
11
11
15
13
