106
101
104
101
101
124
106
104
101
101
101
101
104
103
110
110
120
101
103
123
105
111
101
109
129
101
122
111
104
105
101
103
112
101
101
101
126
117
102
109
101
101
101
112
101
106
105
110
101
102
101
124
116
104
101
103
101
103
108
103
103
101
101
116
107
102
107
104
108
101
101
102
105
101
116
101
114
103
106
116
126
101
104
101
122
101
126
113
119
101
113
129
109
106
106
106
109
106
101
115
106
106
106
113
106
113
106
113
101
113
103
101
105
101
106
103
109
109
106
106
109
101
115
101
116
116
101
101
101
102
103
111
101
123
105
101
104
108
101
101
101
111
106
101
101
101
101
106
101
106
106
106
105
101
101
101
101
101
101
102
101
105
106
106
105
107
106
117
113
103
106
101
101
101
101
101
101
101
103
101
102
104
101
104
104
101
102
101
101
101
101
101
101
101
104
109
101
101
106
101
101
103
102
103
101
101
104
102
102
101
