11
11
11
11
11
11
15
11
11
11
11
22
21
11
15
29
37
25
11
31
11
13
11
11
29
14
11
12
19
21
13
16
14
18
28
17
11
24
39
31
14
11
12
30
17
26
23
13
27
26
15
11
26
25
11
30
35
36
11
31
17
36
46
39
13
19
30
29
30
24
28
33
16
26
33
38
28
29
24
24
11
16
11
32
20
36
33
15
11
19
33
16
24
11
37
11
12
16
11
24
16
19
16
18
11
12
13
11
17
11
12
17
11
11
18
16
12
13
13
22
15
12
11
15
18
11
14
17
12
13
25
13
11
11
17
12
12
18
11
17
17
23
26
26
21
32
26
26
26
26
26
26
29
26
26
39
39
31
12
11
43
11
18
37
19
11
11
23
37
39
51
13
24
13
11
33
12
11
11
26
12
16
18
28
11
23
43
45
40
37
30
33
33
16
26
11
20
48
23
26
29
26
29
26
26
29
19
26
26
31
31
40
39
33
33
33
33
33
33
26
36
27
15
33
36
23
26
26
26
29
13
29
19
29
26
29
26
11
32
26
29
24
35
26
29
19
33
26
33
26
33
26
19
26
23
14
14
11
11
12
11
11
11
14
11
11
11
11
11
13
11
11
16
11
14
11
20
13
11
12
11
11
11
12
13
11
11
17
11
11
11
21
11
16
14
11
11
11
11
12
11
18
12
11
11
11
14
15
22
18
39
26
39
11
28
23
11
32
17
15
16
16
40
36
11
35
22
13
38
14
40
35
37
11
19
14
22
16
20
11
27
44
13
11
15
11
15
32
11
11
25
11
24
11
24
11
11
28
11
38
22
14
21
18
11
24
14
14
27
29
18
11
19
29
12
14
17
14
24
21
18
22
23
11
31
33
31
11
24
22
29
17
36
33
33
26
26
26
26
26
33
33
26
13
26
11
11
13
21
13
11
24
14
19
23
20
11
13
18
13
11
11
16
11
18
13
26
11
31
14
17
16
33
36
33
16
23
11
32
26
29
11
18
33
33
33
26
26
26
26
33
33
33
33
26
33
19
29
14
28
29
29
29
39
46
26
26
26
26
26
26
26
26
26
26
26
26
26
26
26
26
26
26
29
26
26
26
26
33
26
26
29
26
26
26
26
26
26
26
26
26
26
26
26
26
26
26
26
26
26
33
26
26
13
19
26
29
29
26
26
26
26
26
26
26
29
19
27
35
26
26
26
15
26
26
26
13
26
16
26
26
19
19
26
26
21
28
26
33
29
19
26
26
21
48
19
24
35
26
29
19
26
26
26
29
26
26
29
26
26
26
26
26
29
23
29
27
28
26
26
29
19
26
11
18
13
46
26
26
26
29
29
26
27
28
29
29
29
26
26
27
25
26
33
11
25
27
11
14
11
12
11
18
11
15
11
11
11
32
11
18
17
11
14
12
11
24
11
25
11
24
11
22
17
11
26
18
14
16
11
11
11
21
11
11
11
11
16
12
20
11
19
11
25
11
24
13
19
14
16
31
31
19
30
11
14
11
11
11
11
21
11
11
11
14
17
19
29
26
13
26
26
22
30
29
26
29
29
29
31
22
11
15
11
15
11
15
11
15
11
15
11
15
11
15
11
15
11
15
11
12
11
15
11
15
11
15
11
11
17
11
11
11
19
11
13
11
11
11
11
11
19
11
16
11
12
11
16
17
11
15
12
16
19
11
12
11
11
11
12
15
15
15
11
39
11
11
11
11
11
11
11
11
15
11
11
11
11
11
11
12
11
11
12
12
11
16
11
15
11
25
11
11
11
11
16
11
20
13
11
27
13
11
19
11
11
24
11
13
11
20
11
15
11
15
23
11
18
11
22
11
13
11
17
11
24
21
11
11
11
18
21
11
11
18
11
11
11
11
25
11
12
12
11
11
13
11
11
18
11
18
11
32
11
15
11
18
11
11
11
11
11
11
20
11
15
13
11
15
11
22
11
15
15
11
11
21
11
16
19
11
22
11
15
11
28
11
11
12
16
11
15
17
20
11
13
11
14
11
11
11
30
33
29
29
39
19
33
19
23
16
29
29
29
29
29
29
16
36
29
29
29
29
29
29
39
27
33
19
23
11
28
26
29
29
17
11
11
15
11
11
12
13
11
13
12
12
11
11
11
11
11
11
13
17
11
11
11
12
11
12
11
12
11
12
18
11
11
11
11
11
11
14
13
11
11
11
11
11
11
11
11
11
11
11
11
11
11
11
11
13
14
13
17
14
20
11
20
11
11
11
22
14
11
11
11
11
15
13
13
11
11
11
11
12
21
11
11
17
11
13
15
11
11
11
11
11
11
15
11
21
11
11
11
11
12
14
15
11
19
11
18
12
26
11
15
20
15
11
12
11
11
11
11
11
11
11
11
17
11
15
22
11
19
13
17
11
17
17
20
11
12
11
11
11
11
11
11
21
15
13
11
12
13
13
17
12
11
25
13
13
11
29
11
11
11
11
12
13
13
11
12
11
11
22
16
11
11
28
11
15
16
15
11
11
11
11
11
11
11
11
11
11
11
11
11
11
11
11
11
11
11
11
11
11
12
11
11
11
11
11
11
11
12
11
14
11
20
11
17
14
11
11
11
11
11
11
11
11
12
11
11
11
11
11
13
11
11
11
11
11
13
13
11
11
11
11
15
11
11
11
11
12
11
11
11
12
16
17
11
11
14
11
11
12
12
15
18
11
16
11
13
11
17
11
11
11
11
11
11
11
11
21
11
15
11
15
11
13
11
17
18
16
11
24
11
24
11
11
18
11
11
17
11
12
11
11
11
11
20
12
11
25
11
11
11
11
11
11
11
11
11
11
11
11
11
11
11
11
11
11
11
11
11
11
11
11
11
11
11
11
11
11
11
11
11
11
11
11
11
11
11
11
11
11
11
11
11
11
11
11
11
11
11
11
11
11
11
11
11
11
11
11
11
11
11
11
11
11
11
11
11
11
11
11
11
11
11
11
11
11
11
11
11
11
11
11
11
11
11
11
11
11
11
11
11
11
11
11
11
11
11
11
11
11
11
11
11
11
11
11
11
11
11
11
11
11
11
11
11
11
11
11
11
11
11
11
11
11
11
11
