101
106
101
101
127
102
108
107
102
104
114
101
101
107
102
109
107
101
103
119
109
104
105
108
127
101
113
103
106
119
106
109
116
119
106
103
103
103
101
101
118
116
101
119
101
118
116
101
101
101
101
102
107
110
106
101
114
117
101
134
139
105
107
105
105
101
101
103
102
107
102
123
101
112
102
108
108
101
122
121
101
101
101
101
101
101
107
103
101
103
102
101
101
109
101
101
101
108
101
102
105
111
112
101
123
101
106
116
101
112
119
113
106
106
116
120
111
104
107
101
107
101
107
101
102
101
101
101
115
101
106
105
