117
105
101
104
106
126
108
106
114
103
126
103
106
106
103
106
116
126
116
108
112
110
101
101
111
103
102
103
101
101
105
103
103
117
116
107
102
106
120
101
123
113
109
101
101
102
108
124
107
101
101
124
101
102
102
101
106
108
101
129
105
114
107
101
101
102
101
105
121
101
101
107
101
101
101
110
109
101
105
126
101
120
107
125
102
101
101
101
103
102
101
101
101
107
101
109
103
101
103
101
101
112
101
103
104
109
122
101
105
101
105
142
101
101
110
116
103
113
111
101
101
104
105
107
102
107
101
101
114
106
119
119
119
101
109
119
104
102
116
