101
122
101
101
120
101
118
116
115
112
113
106
107
106
106
109
123
105
116
102
111
108
101
110
103
101
101
103
106
104
101
108
101
116
101
120
109
107
106
103
101
113
106
126
116
109
113
123
103
103
101
101
103
107
101
110
105
101
107
101
103
104
104
101
106
123
109
111
105
101
101
102
101
101
108
106
109
101
104
102
101
108
101
105
103
103
101
102
108
101
108
108
118
106
101
101
103
114
104
102
104
118
113
101
115
101
118
113
129
106
101
101
102
104
101
128
105
104
106
103
106
109
126
123
107
