106
109
117
104
105
103
101
126
113
101
122
119
101
120
101
101
116
123
109
113
107
101
110
122
103
107
105
103
101
103
122
104
123
112
127
104
115
101
117
109
118
101
106
115
101
124
105
117
103
112
127
108
122
118
114
107
101
103
101
118
119
101
101
106
104
110
113
101
115
119
109
101
102
106
120
103
108
101
102
104
102
101
125
109
107
107
101
123
104
106
115
106
106
106
109
106
103
106
106
106
106
110
102
101
101
101
101
103
104
101
112
107
104
103
101
125
111
103
101
103
105
111
111
107
112
101
103
107
110
101
107
101
121
107
