11
12
14
11
11
13
11
11
11
11
11
14
11
23
21
11
14
13
11
11
11
26
19
11
12
15
14
11
11
11
11
11
13
11
11
11
11
11
11
11
11
11
11
13
11
11
13
16
11
11
16
11
12
11
15
17
17
13
11
18
11
14
12
11
18
12
46
11
28
24
26
21
34
33
33
39
26
23
26
22
17
26
26
26
13
19
36
24
35
33
26
26
26
33
26
11
28
33
26
43
29
26
33
33
23
35
26
34
29
33
16
26
36
29
19
26
26
26
28
11
23
24
25
19
29
29
26
26
26
29
29
29
11
18
33
44
26
11
30
12
33
35
16
19
13
11
14
11
11
11
13
14
14
12
14
11
11
15
14
13
12
11
11
17
14
17
13
11
11
11
17
11
11
11
11
16
11
11
11
11
13
11
11
22
11
23
20
12
11
12
18
12
13
11
12
15
12
11
14
21
12
15
11
18
11
25
11
28
14
11
11
22
13
11
11
12
12
11
24
15
11
11
15
15
18
17
16
18
11
11
19
15
12
11
11
14
19
17
17
15
22
13
39
39
33
33
11
28
33
29
36
33
11
27
31
11
25
23
16
11
11
41
23
11
18
20
11
17
19
11
11
12
11
12
15
16
11
25
27
12
49
19
11
16
32
11
11
11
11
37
33
16
26
29
30
29
33
36
33
33
26
26
26
28
27
26
24
32
26
26
26
33
19
26
26
33
19
26
22
27
29
26
29
26
11
25
26
26
26
34
11
41
11
15
32
32
35
28
19
35
11
25
12
30
29
39
23
16
34
45
11
18
26
33
38
29
23
24
28
11
24
31
18
36
33
26
23
23
39
31
32
26
26
19
33
26
29
32
37
11
17
24
11
23
16
11
27
16
11
33
27
18
33
14
23
43
25
13
17
22
29
24
11
19
11
29
16
33
27
19
11
25
20
15
15
12
11
18
30
14
11
11
11
11
11
12
13
16
11
15
16
19
11
20
13
15
16
13
14
12
11
11
14
11
17
11
12
12
13
17
19
21
17
11
11
14
12
11
15
14
11
16
18
20
13
14
14
14
12
12
21
19
12
11
14
14
14
15
11
19
13
11
11
11
15
11
15
13
13
18
13
15
13
23
21
13
11
13
11
13
21
18
20
16
16
11
18
14
15
15
12
11
18
18
17
23
12
19
11
15
15
11
14
11
13
11
18
11
13
22
11
16
11
12
11
11
12
11
14
13
16
15
18
19
13
13
11
24
20
21
19
19
36
29
13
11
11
11
11
11
11
14
13
16
17
12
12
11
11
11
14
17
14
19
11
11
16
11
12
12
21
15
11
18
18
12
19
32
11
20
34
24
31
29
26
36
27
28
26
26
39
28
11
13
11
15
13
14
29
31
18
13
11
19
26
11
14
17
27
39
27
11
36
11
13
11
20
15
11
34
11
17
11
11
11
21
11
28
35
11
17
13
30
20
30
15
11
12
29
11
32
34
17
11
33
27
11
19
11
12
11
11
14
14
11
12
13
12
15
13
17
13
12
14
21
11
13
15
11
11
11
18
11
11
12
25
17
27
12
28
20
24
16
11
11
15
20
11
18
15
17
20
13
11
11
11
24
14
25
16
40
13
13
11
39
15
33
36
21
16
16
11
14
12
11
13
11
12
18
11
25
19
33
11
26
19
21
40
12
12
31
33
42
11
25
29
30
11
32
14
20
11
18
15
16
11
13
15
18
11
31
11
11
11
11
11
11
15
11
25
24
11
18
11
13
11
16
13
11
11
11
11
11
11
22
13
11
18
13
11
11
11
11
12
13
13
11
11
13
15
11
11
13
11
11
11
24
16
16
11
27
11
11
11
12
11
11
11
17
12
12
11
11
11
14
15
13
14
11
11
14
12
11
11
11
11
13
11
11
11
11
11
11
11
12
14
11
11
11
11
17
11
14
15
16
11
18
11
14
14
11
14
11
11
11
11
15
11
11
11
13
11
11
12
11
21
18
13
12
11
11
11
11
11
11
18
23
11
11
11
11
11
11
11
11
11
19
11
14
11
12
14
14
14
11
11
11
16
12
11
12
11
14
11
11
12
23
14
15
13
26
11
20
43
23
26
35
11
27
30
19
11
25
11
11
11
20
11
23
11
14
11
21
17
11
21
11
22
19
11
15
11
22
11
22
11
17
11
28
11
25
11
11
11
24
11
13
31
32
11
18
22
11
14
11
11
11
17
11
23
11
11
14
11
21
11
11
21
15
11
22
11
29
29
32
11
26
11
11
16
46
29
22
11
36
29
13
33
11
25
18
33
27
33
29
13
12
25
11
27
28
11
24
11
18
11
13
11
11
11
11
11
16
11
11
14
14
11
14
11
17
11
22
11
15
11
15
11
15
11
15
11
15
11
15
11
15
11
15
11
15
11
15
11
15
11
15
11
15
11
11
14
14
11
14
11
15
11
15
11
15
11
15
11
15
11
15
11
15
11
15
11
13
11
14
11
15
11
15
11
15
11
13
11
17
11
15
11
13
15
11
15
11
11
11
11
14
11
18
12
11
17
11
15
16
11
15
11
11
14
11
15
23
11
15
11
15
11
15
11
15
11
15
11
15
11
15
11
18
11
25
11
11
11
13
11
15
11
15
11
15
11
15
11
15
11
18
11
15
23
11
15
11
15
11
15
11
15
11
15
11
15
11
15
11
15
11
13
11
14
11
15
11
15
11
15
11
15
11
11
11
19
11
15
11
15
11
13
11
14
11
15
11
15
11
15
11
15
11
15
11
18
11
12
11
15
11
13
18
11
15
11
18
11
15
11
15
11
15
11
15
11
15
11
15
11
15
11
11
22
13
21
16
19
18
14
11
11
12
19
13
15
19
16
11
11
11
18
19
19
15
13
16
11
11
19
19
19
19
19
19
20
11
17
19
19
19
19
19
15
11
11
12
16
11
17
20
20
19
19
11
11
11
11
11
11
11
11
11
15
