101
103
101
111
110
114
101
107
119
103
101
118
123
103
101
104
127
113
101
104
108
101
108
107
101
114
112
109
133
101
102
101
101
104
108
128
101
107
101
111
103
129
106
101
101
107
103
123
126
116
109
119
111
101
106
101
101
101
101
101
106
101
101
105
107
103
112
101
101
101
108
111
109
104
107
101
101
118
113
101
110
106
101
123
109
101
120
106
101
101
103
101
101
104
106
106
106
109
113
109
106
106
106
113
113
113
106
104
115
101
101
101
110
123
106
103
109
109
106
113
103
116
113
113
113
113
101
122
101
105
107
101
107
101
110
101
105
115
117
101
106
106
103
118
101
101
101
101
101
101
101
101
117
101
103
111
101
101
101
101
102
101
101
116
107
101
105
123
101
101
120
113
119
101
102
116
103
101
102
101
101
103
101
101
101
101
101
101
103
101
101
101
101
103
102
107
101
112
109
101
101
101
101
101
101
101
102
104
101
101
101
101
101
110
101
101
101
101
101
101
101
101
101
101
101
101
101
101
101
