11
15
21
16
39
26
26
26
33
33
33
33
36
33
19
26
26
26
26
33
33
33
39
12
31
17
37
11
11
14
24
35
42
11
42
30
41
33
36
20
23
11
15
28
35
11
28
46
19
11
32
34
28
11
32
23
26
19
46
36
16
11
26
20
31
19
15
16
11
22
33
19
19
19
16
11
40
34
13
28
11
18
24
23
19
11
13
24
11
26
18
20
11
23
12
11
12
24
19
14
13
18
12
16
13
26
11
20
11
27
11
38
11
15
17
24
24
19
11
20
11
36
33
16
37
26
11
18
26
36
26
11
11
22
11
24
13
19
13
23
16
11
18
11
41
19
41
26
26
35
11
20
13
23
12
23
11
32
29
34
11
21
17
39
30
23
18
35
36
51
11
23
11
11
27
19
11
27
35
11
14
23
19
12
34
26
17
11
21
16
16
29
36
30
26
23
16
13
24
11
25
45
11
25
16
13
21
11
27
16
16
23
35
29
23
33
37
11
24
23
32
28
12
11
16
35
18
11
11
30
15
11
35
16
12
32
16
11
17
11
31
11
27
21
11
11
31
19
24
31
19
14
33
33
23
19
16
13
23
11
27
44
39
11
37
44
16
19
37
26
33
19
23
16
13
23
21
11
20
19
11
20
32
16
23
11
38
26
17
26
23
19
11
11
11
14
11
28
11
11
13
13
11
11
11
13
11
11
11
11
11
11
11
11
11
11
11
11
11
11
11
11
11
11
11
11
11
11
11
11
11
11
11
13
11
15
11
23
11
16
28
33
26
21
30
13
15
11
11
26
37
11
19
24
47
29
11
13
14
11
26
25
26
27
21
11
44
38
23
19
17
11
36
20
11
30
11
11
44
29
12
24
36
29
11
23
38
33
33
33
26
26
26
26
33
33
26
26
11
24
12
27
11
26
15
25
25
12
11
21
11
49
18
11
19
13
21
34
28
11
34
26
11
32
43
26
33
16
29
30
20
24
33
36
28
11
24
11
34
33
33
33
30
11
28
18
11
17
11
14
16
11
25
15
16
16
15
29
13
19
15
23
18
11
13
25
38
11
26
11
11
29
29
14
24
14
14
11
12
22
11
11
11
12
20
17
11
17
11
34
11
17
19
12
11
46
16
19
13
16
27
35
12
32
14
11
17
11
15
20
21
26
11
43
35
11
11
11
13
26
39
16
18
17
13
17
23
11
26
12
21
20
11
15
14
12
17
13
20
15
14
11
11
35
14
16
20
16
23
26
20
15
25
27
11
11
34
11
28
27
28
16
30
17
11
24
19
13
19
11
30
16
19
12
41
27
22
45
25
13
16
11
38
20
16
11
11
11
16
17
15
11
12
14
12
20
12
17
12
26
19
27
20
11
18
22
13
11
13
15
13
13
14
12
18
11
11
11
15
11
14
11
13
11
11
14
12
19
11
22
11
11
22
16
21
23
26
26
12
14
21
11
19
13
13
19
11
28
22
21
12
21
30
31
12
25
27
28
19
11
11
17
11
18
11
13
15
13
13
11
11
11
16
11
11
18
12
11
11
11
21
11
15
28
11
18
19
15
14
11
19
14
28
11
19
22
19
13
41
11
23
23
33
29
11
12
12
11
30
11
11
11
11
11
11
11
11
11
13
11
11
11
12
11
25
11
16
11
20
11
17
15
12
15
11
11
17
29
33
26
26
12
11
11
15
11
11
11
14
13
12
14
12
