101
105
106
101
101
103
129
102
101
113
106
117
115
106
104
108
120
109
133
121
128
106
113
113
110
103
101
101
106
101
115
124
130
111
114
110
101
101
114
101
101
102
124
114
101
105
107
108
101
103
107
105
101
108
101
115
119
113
116
106
101
117
101
120
116
109
101
116
109
103
102
101
104
107
112
101
124
124
101
101
112
128
121
105
107
106
101
102
102
101
107
108
101
101
105
101
105
101
103
107
101
102
101
103
101
121
116
106
104
101
103
113
115
101
109
101
114
101
101
101
101
102
118
121
101
101
111
101
102
109
123
101
102
110
101
116
102
109
113
101
101
107
101
101
101
102
102
104
107
101
101
101
101
101
101
102
101
101
101
101
106
102
101
101
101
101
101
101
101
101
101
101
101
101
101
101
101
101
104
101
101
101
101
101
101
101
101
101
101
101
101
101
101
103
101
105
101
108
101
110
103
113
101
103
112
103
103
101
110
103
101
101
101
101
102
101
101
101
101
101
101
101
101
101
101
101
101
101
101
101
