114
119
109
102
102
101
108
101
103
101
101
101
101
105
110
103
101
101
107
118
101
105
101
101
101
110
104
101
120
106
106
116
106
101
119
113
101
101
102
102
101
109
103
112
102
109
109
102
120
107
104
103
134
101
105
114
118
101
101
108
109
109
101
101
101
106
109
103
101
108
106
119
109
113
106
119
121
118
126
113
101
102
109
106
106
106
103
106
106
106
103
101
101
101
101
103
101
101
101
102
126
119
106
126
101
101
113
116
101
101
113
113
133
119
101
105
109
119
119
116
101
103
106
101
115
106
113
119
106
113
116
