11
11
11
14
14
20
19
16
29
11
13
14
24
13
18
18
22
11
16
11
17
23
12
11
20
12
41
48
40
12
19
15
12
15
21
11
12
16
13
23
16
19
25
14
17
11
39
25
12
11
12
15
19
14
11
17
15
12
19
19
12
17
31
12
13
11
15
13
24
17
18
11
15
12
14
12
13
13
17
12
12
11
11
15
12
17
15
11
15
11
11
22
14
17
11
12
12
11
38
15
11
11
13
20
27
20
17
34
26
19
29
26
26
23
25
34
26
11
22
26
23
26
33
34
13
21
17
18
17
21
12
25
28
23
35
24
11
13
21
15
35
11
20
23
26
26
21
15
33
26
26
26
26
26
23
26
26
39
39
39
26
26
26
26
26
26
26
26
43
39
33
26
29
26
11
35
19
26
26
11
22
26
26
26
26
39
36
33
36
33
29
33
39
29
36
26
16
29
36
29
11
22
27
32
29
29
27
28
29
29
29
29
11
11
28
29
29
29
39
33
26
23
19
26
23
26
19
36
29
29
29
21
28
19
33
26
36
16
18
11
30
33
14
12
26
33
26
11
19
11
11
11
11
11
25
13
11
15
12
11
11
15
16
18
12
11
11
12
11
12
34
12
19
13
13
12
18
11
11
14
19
12
13
12
29
19
27
27
11
14
23
19
15
32
15
35
31
16
24
15
12
11
11
11
50
46
46
46
43
16
11
15
18
23
11
29
11
28
15
35
33
20
16
46
27
16
51
13
19
14
25
14
32
11
11
11
33
12
15
39
11
24
23
16
12
11
20
12
19
26
35
11
29
23
37
29
46
46
31
39
25
11
28
11
11
11
15
11
20
11
13
20
13
15
17
11
17
14
29
11
13
21
14
23
12
11
11
25
11
11
30
40
15
20
12
11
32
11
38
11
45
12
23
28
24
13
11
22
19
26
13
29
40
16
11
35
11
11
14
14
25
13
12
26
11
11
13
23
13
25
20
11
11
30
16
16
19
11
17
11
33
23
28
26
19
25
11
15
12
22
11
12
12
18
14
14
11
15
14
17
11
18
14
23
14
11
11
11
14
11
12
11
11
13
27
11
11
19
17
16
11
11
11
11
12
12
11
21
39
26
12
15
12
11
11
11
11
11
12
11
11
11
11
11
11
11
11
11
11
21
11
11
11
17
11
13
19
11
11
13
11
11
15
15
16
11
15
11
21
16
11
11
13
13
11
13
11
21
12
21
11
15
11
13
11
11
11
13
11
13
20
14
11
18
28
15
11
13
27
11
11
15
29
33
33
33
27
28
33
33
28
27
26
26
24
28
29
33
26
26
36
33
29
33
23
26
29
26
26
33
33
26
33
26
26
19
26
29
29
26
29
29
19
19
22
33
13
26
33
26
26
33
11
11
24
28
11
25
13
36
30
23
13
24
25
11
32
16
11
26
45
11
28
11
26
35
11
24
34
30
19
20
18
29
20
11
17
45
12
11
11
31
11
29
13
13
23
13
33
29
11
11
37
11
34
12
15
16
16
33
19
23
29
26
11
24
11
20
19
11
35
31
41
13
11
11
19
11
26
22
25
24
35
27
