39
31
34
33
33
33
13
33
33
33
33
33
33
43
20
29
22
17
11
16
33
16
23
11
19
11
15
11
11
15
25
11
20
26
22
11
18
11
11
18
11
16
15
14
11
11
22
13
11
11
17
13
11
11
21
17
21
11
11
23
20
12
21
11
19
11
18
17
12
23
11
16
14
19
15
24
11
12
15
13
11
11
22
13
11
15
11
11
11
11
13
12
11
15
13
11
11
12
11
32
13
30
11
16
11
15
18
11
17
11
13
19
19
14
11
13
12
11
21
19
15
44
13
26
36
26
30
26
26
26
37
11
13
12
11
15
12
45
14
11
28
17
11
11
24
36
12
11
13
11
11
38
16
11
30
20
13
26
34
11
19
11
31
37
16
22
35
24
16
23
35
36
13
11
29
15
20
14
28
17
11
11
20
11
17
11
12
22
11
11
13
11
17
12
12
12
23
11
12
11
11
18
13
11
11
20
11
25
37
30
14
11
27
16
20
20
11
19
11
24
17
13
23
12
13
12
12
11
13
12
12
20
11
13
11
13
11
31
32
33
11
19
16
11
27
15
11
18
25
15
13
20
11
25
36
13
20
11
25
17
11
30
15
14
13
11
12
11
11
11
17
15
12
19
11
16
16
11
26
12
34
22
35
21
18
22
26
18
19
31
11
43
19
29
33
11
11
30
52
11
27
29
24
13
11
12
30
11
35
18
16
11
37
17
30
11
22
11
17
23
13
19
12
39
21
28
11
16
25
12
17
15
11
36
18
19
11
12
17
22
16
11
11
11
11
11
11
11
11
11
11
11
11
11
11
13
11
12
11
18
11
41
14
15
27
11
30
36
14
34
11
11
11
16
23
13
12
18
11
11
16
12
25
15
11
40
19
16
24
11
30
25
22
15
13
23
15
21
17
16
17
30
11
32
16
32
13
12
21
16
16
22
11
11
11
11
11
11
12
11
11
11
11
11
19
19
15
14
33
11
13
14
16
21
21
11
12
11
15
13
13
36
22
16
11
11
13
11
30
20
16
23
25
15
12
24
15
11
13
11
32
11
11
11
11
12
14
11
11
22
11
22
25
13
11
18
22
11
12
11
12
11
11
11
22
12
23
11
20
19
11
20
37
30
20
15
12
23
12
11
16
13
24
13
11
12
11
13
11
21
17
11
17
20
17
11
13
20
19
28
11
17
20
12
15
11
12
11
14
17
14
11
11
11
11
16
12
18
13
11
20
12
15
11
11
14
17
15
19
13
27
11
14
15
14
15
11
16
12
13
11
15
18
18
11
11
26
39
24
11
11
14
11
21
11
14
12
11
42
36
14
11
25
13
13
11
11
15
14
13
12
12
14
13
11
20
11
11
12
13
11
11
12
11
11
11
27
11
13
12
13
12
30
11
13
11
11
12
12
17
11
11
11
18
17
23
14
13
11
11
30
14
15
19
12
13
11
15
16
15
11
24
19
14
12
17
16
31
11
17
24
11
27
21
11
11
28
23
13
25
11
11
11
12
11
11
11
31
14
11
23
11
11
12
22
15
13
11
11
16
11
11
12
11
33
16
11
11
11
13
18
14
15
11
30
11
11
30
11
15
24
16
14
14
12
13
13
12
12
11
21
11
25
11
23
20
18
11
15
17
26
15
17
11
11
23
23
16
17
18
16
17
14
23
35
12
29
11
14
18
25
35
18
14
17
11
27
29
12
17
42
11
13
14
16
30
11
24
12
11
17
12
12
16
15
11
11
15
15
11
12
11
11
11
11
11
11
11
14
13
17
11
14
11
12
11
17
11
13
17
13
11
14
11
11
13
13
11
11
11
12
11
