104
129
101
119
126
118
101
119
105
108
101
101
101
103
109
101
105
101
101
101
102
101
102
102
101
112
125
101
103
101
101
104
101
123
126
106
103
101
101
101
114
121
101
101
101
104
105
101
108
102
106
116
103
123
109
101
101
106
103
116
106
119
106
113
109
106
109
101
110
106
107
101
103
113
106
119
101
120
126
119
101
118
106
106
106
109
106
106
106
101
101
103
126
103
101
101
101
101
101
101
101
110
119
101
102
116
101
110
109
119
106
106
106
111
101
106
116
107
120
113
116
103
106
103
106
106
103
103
109
109
109
106
101
