11
11
21
11
20
11
22
26
25
17
14
12
17
36
21
11
16
15
26
11
11
13
11
11
13
15
30
19
11
12
33
19
13
19
11
12
29
11
17
11
13
16
18
12
22
14
11
11
17
11
11
26
20
11
15
11
12
11
13
14
15
39
11
27
15
11
37
11
11
12
16
14
11
20
11
11
16
11
17
11
22
16
12
20
11
19
13
15
16
12
11
12
15
11
20
13
15
14
12
11
12
23
13
11
11
16
11
21
16
11
11
13
17
14
18
18
11
11
15
17
11
11
17
13
11
19
18
11
17
12
11
20
26
23
29
11
36
19
13
22
11
16
23
22
11
38
26
11
13
11
30
29
19
11
22
16
28
17
11
23
32
11
22
11
39
17
14
41
16
13
18
16
13
11
22
11
11
17
11
15
13
12
11
12
12
12
19
11
14
11
13
17
15
13
11
14
14
15
11
14
17
13
12
12
11
17
11
11
13
11
15
15
13
16
14
11
13
15
12
11
11
15
11
11
11
21
12
11
16
11
11
22
17
20
19
20
16
16
14
16
20
11
12
13
31
26
12
16
19
16
14
16
12
11
21
13
17
18
16
12
13
12
11
16
25
11
11
14
12
11
11
13
12
13
14
22
15
11
17
20
16
11
19
28
38
21
16
26
26
24
12
26
35
14
16
19
11
27
37
23
19
15
20
24
11
24
13
13
25
31
19
11
27
49
16
11
28
32
20
11
13
23
29
44
55
22
38
28
11
16
39
11
32
43
27
22
16
33
28
11
27
28
25
35
36
18
41
19
23
36
36
11
38
11
25
13
19
22
27
19
19
22
18
32
20
36
26
23
12
33
26
33
39
11
19
16
13
25
11
26
36
24
19
23
43
27
11
19
34
11
29
16
11
27
25
19
16
27
35
30
16
25
35
28
40
23
43
22
17
11
25
26
26
26
33
26
26
26
26
26
26
26
26
33
33
33
33
33
33
11
28
23
34
35
33
33
33
33
19
18
21
12
16
13
11
11
11
11
11
15
12
11
34
13
11
25
11
20
21
14
11
29
17
11
26
21
11
11
11
48
35
12
11
15
11
11
11
12
16
13
11
11
11
11
13
11
13
16
11
11
11
11
12
11
12
17
31
27
12
11
26
29
29
18
18
36
12
20
27
11
28
27
11
21
11
16
11
11
11
11
11
14
12
11
11
11
11
11
12
13
12
13
11
11
11
12
16
11
11
12
11
14
15
11
18
15
13
11
12
11
22
11
11
18
11
11
11
11
11
11
11
11
11
11
11
11
11
13
11
13
11
11
13
14
12
11
12
11
11
14
11
11
11
12
13
11
15
16
12
11
29
11
26
36
26
11
38
26
11
11
17
30
39
26
11
30
38
29
19
28
16
11
11
11
16
11
15
11
12
11
14
16
11
11
11
11
13
11
17
18
11
11
11
18
39
22
11
12
11
11
11
11
13
11
11
11
11
11
11
11
11
11
11
11
11
11
11
11
11
11
11
11
11
11
11
11
11
11
11
14
14
17
21
19
12
11
24
13
15
28
22
11
11
11
11
18
19
11
14
15
13
15
13
12
11
11
11
14
11
11
14
13
13
11
16
11
11
13
14
12
12
12
14
13
24
12
19
15
11
12
14
15
17
11
11
11
15
12
16
11
11
11
11
13
13
13
15
11
11
12
13
11
12
21
11
11
11
11
12
13
11
16
11
13
11
11
13
14
11
16
14
12
13
11
11
11
15
11
13
11
11
16
11
12
11
12
11
11
11
11
28
11
17
11
11
22
11
11
28
16
33
29
43
26
26
26
29
29
