113
102
101
105
104
109
102
102
105
102
103
103
112
106
101
103
101
101
106
114
118
111
108
126
111
101
101
101
105
101
101
110
101
101
106
106
106
102
101
101
112
102
124
120
102
101
109
101
101
109
103
101
104
104
103
106
129
116
101
133
101
131
125
101
102
101
101
113
122
120
104
101
102
101
103
107
108
101
125
105
101
101
101
101
101
101
101
101
102
109
108
104
101
107
103
101
101
101
101
105
105
101
107
104
107
115
101
117
101
102
107
112
101
104
101
102
110
103
102
107
102
113
101
114
101
101
111
106
101
106
107
101
107
101
106
116
101
101
102
101
101
101
101
101
101
101
101
101
104
101
101
109
101
105
101
101
101
101
101
103
113
106
107
101
102
102
101
101
101
105
101
106
106
108
101
102
101
115
101
112
101
101
101
111
101
106
103
101
101
108
101
101
101
107
101
101
101
103
101
101
106
104
101
101
104
101
101
101
101
105
101
101
101
101
114
101
101
101
101
101
101
101
101
101
101
101
101
101
101
101
101
101
