126
106
101
101
101
114
101
105
111
101
101
107
103
113
101
101
105
111
101
101
107
106
102
102
112
109
101
103
129
109
113
109
106
101
101
101
110
102
122
117
103
126
113
106
101
101
109
106
107
106
114
103
101
128
101
115
101
103
113
101
113
126
106
109
103
106
106
106
109
119
106
101
118
116
106
105
107
106
106
106
106
106
106
106
106
106
113
106
101
110
106
103
106
119
119
113
106
106
133
109
106
109
101
113
102
110
101
101
101
104
116
101
102
122
101
117
101
117
114
107
112
102
109
101
101
101
101
101
101
110
106
114
115
123
101
105
108
101
101
