11
38
21
17
16
13
11
35
29
11
20
11
33
35
12
12
17
31
34
17
13
12
11
12
11
11
13
11
17
11
11
11
21
45
11
11
15
11
11
11
12
12
11
18
14
13
16
11
16
11
11
11
11
14
18
11
13
14
11
15
11
11
11
14
11
12
30
13
11
11
33
11
15
14
11
11
18
14
13
17
11
11
13
16
17
13
12
11
12
11
11
15
11
11
11
11
11
12
14
18
21
13
14
14
11
22
12
12
12
16
29
23
18
14
11
28
20
29
26
23
23
36
19
33
33
18
34
16
35
11
23
20
18
37
15
16
40
11
16
11
36
18
23
22
31
11
41
34
44
26
25
17
16
12
11
15
24
27
22
16
34
11
11
16
11
17
11
24
11
11
17
13
11
13
11
18
20
18
14
11
24
16
14
11
21
11
17
16
11
24
11
16
11
22
22
11
17
14
21
16
23
16
13
16
14
18
16
16
14
11
12
11
11
11
11
31
16
29
33
31
32
33
29
31
23
33
16
22
30
14
12
11
11
13
11
19
15
13
11
32
33
12
11
11
12
25
32
11
17
31
14
18
11
11
17
25
11
21
11
23
11
18
24
18
19
11
13
11
11
11
15
17
13
11
12
11
11
16
30
11
11
22
18
22
24
23
17
19
13
11
23
16
14
15
11
13
34
13
38
13
16
11
11
25
27
31
16
16
32
39
26
16
33
11
32
13
11
16
11
11
12
12
22
11
12
11
11
13
24
11
12
11
13
12
16
23
33
33
11
32
30
12
12
14
12
13
12
13
11
11
11
11
13
13
11
11
14
13
12
11
11
41
33
33
28
25
11
31
15
11
26
60
11
11
36
20
11
28
49
21
35
35
35
31
11
39
11
45
11
29
11
25
12
15
11
11
16
21
11
11
12
13
11
18
27
11
20
11
28
14
12
11
33
33
41
19
11
18
24
36
23
17
19
15
11
35
25
27
14
12
38
15
33
29
19
22
14
43
36
11
25
33
33
26
26
26
26
26
33
33
23
11
11
11
16
11
25
11
29
11
26
28
11
18
11
27
11
27
28
21
13
15
13
18
12
11
11
16
17
11
24
11
25
30
14
11
29
11
13
26
24
35
39
33
26
26
26
26
26
33
33
33
33
29
13
39
27
15
29
29
29
29
39
21
11
23
26
26
26
26
26
26
26
26
26
26
26
26
26
26
26
26
26
29
26
26
26
26
26
19
26
26
36
26
26
26
26
26
26
26
26
26
26
26
26
26
26
26
26
26
26
33
26
33
19
26
29
11
18
26
26
26
26
26
26
26
29
29
26
26
26
26
20
29
26
26
33
23
26
26
26
19
26
26
26
11
38
23
11
28
19
26
26
26
16
17
42
26
19
26
26
49
26
26
14
42
26
29
26
26
26
26
26
26
23
29
29
23
26
26
26
29
26
11
18
11
32
29
33
26
26
11
28
26
26
16
29
29
29
26
26
29
33
26
29
11
28
29
27
11
11
13
14
12
11
13
15
11
13
11
22
11
11
11
11
11
21
11
21
11
12
19
12
39
11
26
19
11
20
32
19
12
11
36
17
22
33
22
28
38
11
18
14
11
30
19
27
21
19
28
18
18
22
11
25
27
29
11
28
38
11
43
11
28
11
11
11
24
11
21
22
11
25
38
25
13
29
20
27
11
28
19
11
36
19
19
17
20
19
19
19
19
18
17
12
19
11
17
19
14
14
19
19
19
19
13
14
19
19
19
19
14
14
11
17
20
11
27
11
11
16
19
11
18
19
19
19
14
11
22
17
11
11
19
19
19
19
13
15
19
19
16
12
19
19
15
11
11
19
19
19
11
17
19
11
19
19
14
14
18
17
11
11
18
19
19
19
19
19
11
11
16
11
11
11
15
19
19
19
18
11
18
18
19
14
11
11
11
11
11
12
16
12
11
14
11
11
11
11
16
18
20
11
11
11
14
19
19
19
19
14
14
19
17
20
14
14
19
12
16
19
19
19
18
20
34
11
12
28
37
24
24
19
28
29
11
24
24
28
19
27
38
21
18
19
18
24
11
21
24
13
18
16
12
24
13
18
11
11
28
11
11
12
12
11
16
11
11
11
11
11
11
11
11
11
11
11
11
11
11
11
11
11
11
11
11
11
11
11
11
11
11
11
11
11
12
11
11
11
11
11
11
11
11
11
11
11
11
11
11
11
11
11
11
15
11
11
15
12
11
12
12
11
11
13
13
13
12
11
11
11
11
11
12
11
11
11
11
11
13
11
17
14
11
12
11
11
11
11
11
11
11
11
11
11
11
11
11
13
12
13
14
16
11
11
13
11
12
11
15
17
11
14
14
11
11
11
11
11
11
11
11
12
11
11
11
11
11
14
11
16
11
12
11
11
11
17
11
12
14
15
11
11
15
11
16
11
16
11
12
11
13
12
11
13
11
11
11
11
14
11
16
16
11
18
11
11
11
11
11
14
11
16
14
11
11
14
18
11
18
12
11
25
11
11
11
25
16
11
11
25
15
28
13
21
17
20
11
11
14
11
14
12
12
12
16
11
17
11
26
11
21
13
11
11
11
18
11
11
13
11
13
11
11
11
11
15
11
25
12
23
11
11
11
12
11
11
11
11
13
11
13
12
11
11
11
11
11
11
11
14
11
11
13
11
11
13
11
13
14
17
11
19
11
22
11
11
22
11
11
11
22
11
11
11
11
12
12
12
11
11
11
12
11
11
14
14
11
11
11
15
11
17
11
11
13
11
12
13
12
11
11
11
11
