105
101
107
106
101
101
114
102
104
106
101
105
101
101
102
102
101
101
113
113
101
106
101
112
118
109
113
106
123
106
106
116
101
135
106
117
102
101
101
118
119
116
119
119
109
103
113
116
116
109
103
101
101
105
101
116
101
106
113
103
139
106
106
106
106
106
106
106
103
106
126
119
109
106
106
106
106
106
106
106
106
106
106
106
106
113
106
107
102
103
119
109
106
106
126
101
104
101
101
101
109
101
101
102
121
101
105
121
116
130
114
108
101
101
101
107
107
105
101
104
103
101
101
102
101
101
111
103
101
106
104
101
101
104
110
101
103
101
101
114
101
112
112
