110
112
102
104
101
102
101
103
101
128
103
102
101
103
102
101
101
108
102
102
114
101
103
101
113
115
117
103
101
103
105
107
111
102
101
101
113
101
119
111
109
103
101
110
114
116
105
101
116
102
104
101
112
115
106
103
101
101
101
102
114
112
107
101
105
113
103
101
102
117
107
104
106
116
113
106
126
101
126
101
105
101
124
107
101
106
106
101
122
107
103
101
105
101
101
101
103
101
104
103
101
122
103
101
106
101
105
101
108
112
101
101
101
101
104
107
108
101
105
107
101
103
103
101
103
102
101
103
109
114
123
109
