107
102
105
101
104
104
103
102
103
103
105
102
102
101
104
105
101
109
101
111
115
108
107
109
101
113
105
124
117
109
106
105
101
101
104
109
109
123
106
113
126
101
108
119
109
101
110
114
122
123
103
118
107
101
115
101
104
101
101
101
110
101
102
104
111
101
109
123
101
120
119
105
101
101
101
105
106
101
101
113
101
101
114
103
103
104
101
101
101
101
103
101
125
101
101
110
101
105
103
107
102
101
104
101
103
101
102
126
101
133
109
101
107
101
101
102
101
102
102
113
116
108
118
119
103
101
110
101
106
104
101
105
101
101
106
101
101
101
101
116
101
110
108
101
112
108
101
101
101
116
101
118
103
112
101
101
113
103
114
101
115
103
101
101
101
110
128
122
113
116
120
122
101
101
114
103
123
113
113
101
101
101
109
101
101
103
101
101
104
106
101
119
101
102
113
113
105
101
101
112
101
101
111
101
103
101
101
101
101
101
114
111
101
103
104
101
101
101
101
101
