32
32
36
31
31
33
26
33
33
33
33
33
33
36
19
19
33
29
19
26
20
13
29
29
24
26
32
22
13
11
11
11
11
11
12
11
11
11
11
21
12
11
11
11
11
11
12
11
11
15
17
11
11
13
13
11
11
11
11
11
16
14
11
11
19
14
15
23
11
11
12
11
11
12
16
11
11
11
11
28
12
18
11
15
12
11
11
11
11
11
11
11
11
11
11
11
11
11
11
11
11
11
11
11
11
11
11
11
11
11
11
11
13
11
17
11
11
11
11
18
12
11
11
11
11
11
19
13
11
11
11
11
16
15
11
11
11
12
13
14
14
13
13
13
16
14
11
11
12
11
13
11
20
11
15
24
22
11
16
11
11
13
13
15
11
11
11
11
14
11
11
11
11
12
11
11
14
11
11
12
11
11
12
18
13
21
12
11
21
21
14
12
37
38
22
11
19
15
14
11
18
17
13
33
16
33
13
34
11
34
11
19
28
11
11
11
27
11
24
18
16
24
21
13
19
12
13
15
26
11
15
22
12
11
12
11
11
16
11
11
11
11
11
11
11
11
11
11
11
11
11
11
11
11
11
11
11
11
11
11
12
11
11
11
14
11
12
17
11
21
14
23
11
16
11
25
16
29
13
11
19
11
25
15
11
19
12
11
11
11
14
19
11
32
14
11
11
12
13
11
32
12
15
12
11
20
14
18
14
11
15
11
17
13
11
15
11
11
11
11
11
11
13
19
11
22
11
16
11
30
12
16
30
11
12
18
16
38
11
20
42
24
11
11
13
14
11
12
12
11
15
14
18
14
18
33
35
15
14
18
15
26
17
13
11
13
11
11
12
11
16
11
14
11
11
11
11
13
16
16
11
19
28
11
11
12
11
11
11
14
11
21
13
11
17
11
11
16
11
11
28
16
11
11
27
11
11
15
14
11
11
13
11
17
11
23
18
13
11
11
12
15
14
15
11
11
18
11
14
13
12
11
13
11
12
12
13
11
13
11
12
11
16
13
11
16
11
11
11
28
11
25
11
25
29
26
11
18
26
11
33
34
11
13
26
20
11
20
24
34
28
29
33
29
11
26
11
25
12
12
22
15
11
17
19
11
16
17
16
14
11
11
11
11
14
12
11
18
32
14
12
12
11
19
16
27
11
11
21
11
11
12
13
16
11
25
11
24
11
17
15
46
11
26
35
27
21
15
21
11
20
26
19
22
11
19
13
15
11
14
23
11
13
13
14
17
15
18
11
28
11
18
16
11
15
31
13
17
12
30
24
12
11
14
22
12
16
24
11
24
16
19
11
11
11
18
12
16
11
11
11
15
11
11
11
12
11
12
11
11
11
13
11
11
17
19
31
24
29
28
39
35
32
27
11
28
28
19
28
11
11
16
15
13
14
13
11
11
11
12
21
11
11
11
28
11
13
11
12
12
13
12
11
11
13
11
20
11
11
12
11
15
19
24
22
16
11
11
11
12
11
16
13
11
11
12
15
11
12
12
11
11
11
11
11
11
11
13
12
12
14
11
12
11
11
11
11
13
11
24
12
36
35
15
26
11
33
25
28
36
40
29
27
18
39
43
39
12
11
11
11
21
13
16
11
11
15
14
15
11
23
11
11
11
15
13
11
12
11
30
39
29
21
34
23
19
21
38
16
11
12
11
11
11
16
11
11
11
12
16
16
11
11
13
11
11
13
11
16
12
11
12
11
15
11
11
11
32
17
13
12
23
15
11
24
13
11
16
11
13
14
11
13
14
12
11
16
11
18
11
14
11
11
11
19
11
32
29
33
19
29
26
29
26
23
39
26
23
26
13
26
23
25
33
11
11
17
14
14
29
29
18
11
13
12
11
13
31
19
12
28
28
19
28
28
34
13
28
39
27
11
29
33
17
25
24
24
25
11
20
28
37
26
26
29
29
29
29
29
29
29
29
29
29
27
28
24
13
28
16
13
11
12
16
11
28
12
23
18
11
26
12
18
17
11
13
12
11
25
11
31
28
11
20
17
19
11
17
27
20
27
11
28
39
25
11
20
29
29
27
11
25
11
11
19
19
19
19
19
19
19
19
11
17
28
16
11
11
11
17
19
20
19
19
11
18
19
19
19
20
11
17
11
18
11
17
11
17
19
19
11
16
20
19
19
19
20
11
17
19
19
18
11
11
18
19
11
17
19
19
11
17
19
19
19
19
18
20
14
14
19
14
11
13
19
19
11
17
19
19
19
18
20
12
11
15
19
14
11
12
16
11
16
11
12
18
18
18
15
12
19
19
16
11
11
11
11
14
11
11
11
13
13
11
11
14
11
17
17
20
14
11
11
11
19
19
19
19
18
11
18
19
19
19
11
17
19
11
18
19
19
20
19
37
26
11
18
11
11
27
28
23
17
11
25
29
29
28
27
11
28
19
18
11
11
18
19
18
37
20
33
14
17
29
11
27
15
18
20
11
11
11
13
16
12
11
16
19
19
19
19
19
19
19
19
27
29
19
19
19
18
19
19
19
15
12
13
15
16
12
19
19
19
19
11
18
20
19
19
19
19
11
19
19
19
15
11
11
19
19
11
17
19
19
18
20
20
11
27
19
20
20
19
19
19
19
19
19
14
14
19
18
19
12
16
19
19
19
19
11
17
19
27
11
11
19
19
19
19
20
11
11
16
20
17
12
19
18
19
20
11
17
18
18
11
11
19
19
19
18
19
14
14
19
15
13
19
11
12
11
11
12
19
19
19
19
19
12
15
19
19
19
19
19
19
19
14
11
12
29
11
15
19
19
19
12
11
11
12
11
11
11
15
11
11
15
19
18
19
11
17
19
19
19
19
28
19
11
27
11
27
11
27
11
27
11
18
14
14
19
18
18
20
19
19
18
20
13
16
20
19
19
14
14
19
15
13
18
18
17
