11
14
19
18
12
24
15
11
15
11
17
20
46
17
11
19
11
18
12
18
17
36
19
14
13
32
18
18
11
11
11
18
16
11
11
41
11
11
20
15
17
11
11
20
11
31
14
17
22
36
24
15
12
17
15
18
13
11
26
15
11
11
11
11
11
15
17
11
11
14
11
11
13
15
11
13
11
17
23
16
14
11
11
11
11
13
11
29
11
17
11
11
11
11
17
15
13
20
11
38
17
11
17
11
11
35
24
23
14
37
15
11
19
11
32
17
25
11
16
16
11
17
11
22
14
24
12
17
13
12
29
14
11
11
11
11
11
11
11
13
11
14
16
14
11
11
12
11
12
18
11
11
13
12
16
14
13
13
13
21
26
11
19
11
26
26
22
11
15
11
13
29
27
15
11
26
11
11
41
15
11
50
39
39
26
26
26
26
26
26
26
26
36
39
39
26
29
19
26
19
19
19
26
20
26
26
26
26
31
27
29
33
33
16
33
31
32
36
23
25
21
16
12
12
33
27
12
14
15
14
20
18
17
12
15
11
11
11
14
11
22
11
27
33
11
20
19
12
11
11
17
14
26
11
11
26
17
12
14
11
23
27
26
29
26
26
16
23
16
20
15
11
11
12
27
15
11
28
22
19
26
11
11
28
11
11
11
22
12
11
21
15
12
11
19
18
13
11
11
11
31
16
38
12
28
45
29
33
33
33
26
26
23
24
35
26
27
35
26
26
29
36
11
22
26
13
19
26
26
23
23
26
26
11
25
29
26
26
26
26
26
26
29
19
29
19
26
18
11
30
29
24
18
26
43
26
13
26
26
26
26
26
29
26
26
26
26
26
23
33
24
42
29
26
26
26
26
26
26
26
29
19
26
43
17
38
26
26
26
33
26
26
26
26
26
26
26
26
33
33
33
27
32
27
26
32
33
26
26
33
33
33
27
25
26
33
33
33
33
29
26
19
26
29
26
26
26
26
26
26
26
26
26
26
26
26
26
26
26
29
19
26
26
26
26
26
26
26
26
26
26
26
26
26
26
26
23
26
26
26
23
26
23
11
28
33
33
33
33
33
36
33
33
33
36
33
33
33
33
33
33
28
34
31
34
33
33
33
36
33
33
26
33
36
25
11
20
26
26
26
26
26
29
29
33
33
33
33
33
36
33
29
19
26
26
26
33
22
24
42
26
29
33
33
15
41
29
26
29
26
26
33
11
22
33
26
26
23
16
29
19
43
26
29
29
11
22
19
26
26
26
23
19
36
26
26
19
27
35
29
29
29
29
13
26
26
26
26
26
29
29
29
26
13
26
30
13
29
26
19
26
33
19
23
29
29
43
26
29
26
29
29
53
26
26
26
26
26
33
11
28
20
30
29
24
11
21
11
39
23
33
27
28
19
34
23
38
