41
39
26
26
33
30
29
33
33
36
33
19
26
26
26
33
27
32
33
26
26
43
19
26
29
29
11
28
26
23
29
26
29
49
26
24
32
33
26
26
26
26
19
26
26
29
19
26
26
26
11
28
29
25
31
23
26
19
25
31
36
26
26
27
24
29
48
26
25
30
23
26
26
21
42
26
23
19
26
12
34
26
26
25
11
16
26
26
26
26
26
25
27
29
26
29
11
15
20
36
11
15
19
11
15
11
18
14
11
11
14
11
11
16
11
11
11
12
11
15
13
11
13
14
11
11
11
14
11
11
14
14
12
14
12
17
13
18
15
11
11
25
25
13
28
11
15
11
15
24
35
11
11
32
24
28
35
11
11
19
11
33
11
11
39
35
12
39
39
14
29
12
27
11
28
19
11
27
35
12
29
35
12
11
11
34
13
39
32
25
11
27
27
20
11
27
37
19
38
25
17
23
24
19
12
38
19
33
22
11
29
29
36
30
38
37
30
38
17
11
11
31
14
37
36
11
11
11
36
11
15
11
19
11
28
11
20
19
11
23
16
12
11
13
11
11
11
11
12
14
37
11
11
17
38
11
11
11
26
12
26
14
12
23
14
11
11
11
18
28
11
11
31
13
11
11
25
25
11
12
44
13
16
15
13
11
18
22
16
18
11
11
43
12
44
36
46
53
46
34
48
18
20
19
14
19
11
28
14
12
11
11
11
21
19
14
20
17
20
26
29
11
15
13
35
14
22
11
15
13
11
11
35
30
22
18
28
18
11
38
17
16
15
20
13
11
11
16
23
22
29
30
17
46
46
31
18
13
12
11
17
27
15
12
14
11
31
26
32
12
13
18
14
13
11
11
16
11
11
34
11
31
24
32
15
21
20
29
11
21
31
26
16
16
11
20
12
19
29
15
20
11
11
30
25
11
35
46
22
45
11
17
11
24
26
16
15
12
23
13
15
12
32
24
11
16
20
15
13
15
42
20
19
14
11
11
18
11
26
11
24
35
11
21
11
14
11
13
18
11
12
15
18
15
23
11
11
14
11
11
13
12
13
13
19
14
14
11
12
13
14
11
12
16
11
11
11
16
15
12
13
16
11
11
11
11
11
12
11
12
13
13
11
11
11
15
11
11
11
11
15
46
31
15
11
11
26
11
16
12
15
11
12
15
14
21
15
14
11
14
11
11
16
17
14
12
12
11
14
14
12
11
21
14
11
14
11
13
13
25
15
19
12
11
28
11
42
19
11
31
40
39
33
33
33
11
25
33
33
26
11
22
28
31
31
11
28
44
39
26
33
31
32
35
19
18
29
37
26
26
28
31
53
13
12
11
13
11
12
11
12
11
13
17
11
11
15
15
12
11
26
16
13
11
11
15
18
22
15
13
25
23
13
16
11
14
13
12
14
11
18
11
11
13
19
14
14
17
14
13
14
11
16
13
14
12
11
12
12
12
12
11
11
11
13
11
14
12
12
11
11
25
26
11
12
26
33
11
11
14
22
11
27
34
23
20
15
11
22
29
19
18
26
19
11
29
22
33
11
11
27
19
14
22
24
15
28
34
11
18
32
11
26
29
19
28
28
28
28
11
11
26
28
30
27
38
25
14
30
26
11
11
28
30
11
25
28
24
14
27
28
11
23
23
29
19
29
27
11
28
29
19
27
19
19
16
11
24
13
11
32
11
11
12
35
11
11
12
14
11
11
20
11
30
11
31
11
23
11
11
24
11
11
22
27
11
21
14
11
14
11
22
11
25
11
22
11
22
14
14
11
11
21
11
17
21
11
11
20
11
19
11
25
14
11
11
16
11
28
18
16
16
11
11
14
11
11
12
11
19
19
11
13
23
14
11
14
21
11
14
11
14
11
24
11
23
11
21
14
19
16
11
14
11
20
11
12
11
21
11
18
11
11
11
13
11
11
11
18
11
11
15
13
11
16
18
13
16
12
11
24
11
12
11
19
11
18
11
11
23
11
11
12
11
12
11
13
15
21
12
21
11
17
11
11
19
11
16
20
11
14
11
11
11
11
25
12
11
12
11
11
21
12
11
11
11
11
11
11
12
20
23
15
11
11
22
22
27
11
11
12
14
13
11
11
11
11
11
12
11
11
16
19
11
11
11
13
11
11
14
25
31
11
18
14
16
27
12
11
11
15
12
24
14
15
11
12
11
13
11
16
18
29
11
11
12
12
14
11
12
11
11
11
11
11
11
15
11
11
11
11
11
11
12
20
11
11
13
19
11
11
15
11
14
11
11
13
11
14
11
11
23
11
11
11
14
20
11
11
16
16
13
18
27
11
20
11
27
11
17
19
18
11
11
19
11
20
11
12
11
18
11
21
21
11
11
11
20
18
11
19
20
11
16
25
11
25
11
22
11
25
11
19
19
11
29
11
11
27
11
21
11
11
14
18
11
11
11
11
11
17
11
22
11
15
23
11
28
11
22
16
11
11
18
19
30
11
18
26
11
23
11
11
11
11
11
11
11
12
11
11
11
11
16
19
21
11
26
11
20
11
29
11
19
11
12
11
11
11
11
11
11
11
11
11
11
11
11
11
11
11
11
11
11
11
11
11
16
11
16
14
29
11
22
11
22
14
19
11
18
11
11
13
11
11
11
11
11
11
11
11
11
12
18
11
11
14
12
15
16
11
11
11
18
15
11
13
11
13
11
11
12
11
14
12
11
12
11
14
11
16
13
11
14
11
22
11
18
11
14
11
17
11
15
11
11
11
11
11
23
11
11
11
11
11
11
11
11
11
19
11
11
11
11
18
11
22
11
15
11
22
11
11
11
11
11
11
11
11
11
11
11
11
11
11
11
11
11
11
11
11
11
11
11
11
11
11
11
11
11
11
11
14
14
11
13
11
11
20
11
11
11
11
11
13
11
11
11
11
11
11
12
11
11
12
11
11
12
11
11
11
11
11
11
11
11
11
11
11
11
11
11
11
11
