11
29
22
11
19
22
34
20
11
11
28
35
11
11
11
28
11
37
31
33
12
34
29
11
11
17
36
13
28
37
11
39
34
23
22
25
29
28
19
35
11
11
37
26
11
11
38
16
12
27
12
34
39
29
36
36
11
11
32
16
16
11
18
11
18
11
17
37
11
35
11
18
26
11
11
11
32
14
26
11
11
34
11
11
37
34
13
37
39
19
30
29
37
39
11
15
12
29
32
32
11
36
22
36
11
11
29
37
20
11
27
12
35
30
28
22
12
19
19
12
38
27
11
12
16
11
17
12
16
11
17
24
12
11
11
16
13
11
11
12
11
11
11
14
12
11
19
11
11
11
11
12
11
15
12
16
17
14
11
15
11
18
23
15
26
28
35
12
37
36
11
11
17
11
27
37
29
19
36
11
20
28
28
40
38
19
33
14
35
12
37
39
16
12
36
31
39
39
11
11
34
19
36
11
15
24
35
11
11
34
11
11
34
23
28
44
13
39
44
12
16
11
34
11
18
11
11
37
30
26
11
11
33
24
23
14
38
23
24
38
36
11
13
15
11
19
23
11
24
11
26
17
40
19
24
14
20
16
19
19
11
11
33
30
20
11
24
14
14
14
20
29
24
11
11
14
17
24
11
11
27
17
11
42
20
11
22
24
16
15
15
11
24
17
16
11
12
11
15
23
14
14
11
11
11
11
11
11
13
13
16
11
31
26
17
11
21
28
11
25
15
16
11
34
16
11
15
15
16
11
13
11
15
19
11
21
12
11
11
14
11
11
12
14
15
11
20
13
13
16
11
18
16
12
11
18
15
11
17
12
11
11
34
11
20
23
30
36
14
19
16
30
11
12
11
11
11
12
20
12
12
48
34
12
13
11
25
11
11
19
11
11
32
12
11
11
11
11
11
12
11
12
11
11
19
16
11
14
11
13
23
26
26
29
26
20
29
36
23
26
29
13
26
16
11
14
41
19
26
32
33
33
24
11
30
29
23
19
26
29
43
33
13
25
35
25
11
22
33
33
29
13
29
28
37
29
11
22
17
11
29
32
11
27
11
11
12
11
12
11
12
11
11
11
11
15
15
11
11
15
11
12
17
12
16
11
20
13
12
11
13
14
11
15
12
28
13
14
12
12
11
35
17
12
15
11
11
14
11
21
11
12
13
11
13
32
13
11
25
11
13
28
13
20
21
11
13
26
20
20
11
13
13
11
25
28
11
28
39
15
19
14
12
13
11
14
20
13
11
14
39
18
13
35
12
11
11
13
13
20
22
16
19
14
11
15
11
12
12
11
25
30
11
24
14
13
12
13
13
14
16
11
21
11
35
11
22
14
27
46
26
23
23
23
24
32
26
19
26
13
11
21
21
27
19
28
15
16
19
17
23
14
11
11
27
11
49
30
35
15
13
11
19
43
16
12
11
11
11
13
12
11
26
24
14
12
23
11
26
29
29
15
11
24
23
13
20
12
13
12
14
23
20
15
11
11
15
17
19
22
11
11
13
15
14
11
15
13
14
17
11
15
11
15
12
11
20
18
14
11
12
11
13
11
12
17
32
11
18
34
11
22
13
13
22
11
31
20
11
14
22
11
15
32
13
13
23
19
11
11
14
11
29
36
13
29
33
26
26
26
26
33
20
11
21
27
28
29
29
29
29
29
29
29
29
29
29
36
29
11
21
11
25
18
11
21
12
19
11
13
14
11
38
22
11
25
11
11
13
11
11
12
11
11
13
11
11
11
11
12
13
13
11
20
15
27
11
23
11
17
