101
101
126
103
101
101
101
101
104
101
105
103
136
101
112
119
106
133
116
101
114
110
106
101
123
105
134
101
107
108
106
114
104
119
104
126
106
106
120
102
101
113
122
126
101
102
106
106
105
101
106
102
107
101
101
108
105
103
101
102
116
101
111
104
101
104
102
104
106
106
103
101
102
101
102
105
111
101
118
112
110
109
101
128
106
116
106
113
101
105
103
101
118
106
106
106
109
104
112
106
106
106
106
113
101
112
106
106
103
113
109
103
129
101
106
101
114
106
103
109
101
123
106
119
113
101
110
102
107
101
101
104
101
118
106
112
117
101
108
101
105
106
103
101
101
101
101
126
119
106
106
103
106
103
113
101
106
106
103
101
108
106
109
103
106
113
106
119
106
116
119
113
119
109
101
101
111
106
103
106
106
103
101
108
109
106
113
109
106
103
103
106
106
101
101
101
101
106
106
103
109
103
104
101
101
101
108
101
116
101
101
101
106
110
103
101
101
101
101
101
101
