108
119
103
106
119
129
106
119
106
116
106
103
101
122
101
115
129
106
116
101
113
107
106
101
103
102
101
101
102
101
101
103
108
121
109
123
101
106
104
110
101
119
112
104
129
106
101
121
106
113
101
106
101
116
105
104
106
105
107
128
101
101
114
103
101
103
101
106
114
105
105
111
104
112
102
125
106
111
101
101
101
109
112
101
101
123
101
101
106
101
103
101
102
101
104
108
101
105
104
101
109
101
110
123
101
101
125
124
123
102
119
101
102
101
113
102
101
101
103
101
104
117
102
107
101
109
102
105
106
105
101
115
107
109
103
114
106
116
107
114
101
110
101
106
103
102
104
118
101
101
101
101
108
101
101
108
111
104
102
106
106
103
101
102
104
103
107
101
101
106
101
101
103
101
101
102
109
103
116
107
101
101
101
101
101
101
101
101
101
108
101
111
110
101
101
101
110
101
101
101
101
101
103
109
110
103
101
105
103
101
101
101
101
103
101
101
101
