11
13
18
13
12
14
21
13
13
26
37
38
11
11
18
45
13
12
20
11
11
26
38
11
18
11
11
11
12
11
11
29
11
28
29
20
12
21
29
12
17
30
11
11
13
45
11
38
20
15
12
14
22
19
11
11
20
12
15
11
29
11
16
12
14
16
11
11
11
12
12
11
14
11
15
11
13
13
14
16
11
13
22
19
13
17
13
12
12
11
11
11
15
13
14
14
13
23
11
16
17
26
16
11
16
16
22
43
19
11
15
18
33
11
12
11
11
11
16
11
11
11
11
11
12
11
29
11
18
12
27
15
16
12
15
11
11
12
11
11
11
11
11
14
12
13
13
12
11
11
11
13
15
14
11
13
18
11
11
20
12
11
12
12
14
13
11
32
11
19
28
11
11
11
17
37
11
23
21
11
15
12
11
14
13
11
11
12
11
12
11
11
16
11
11
18
12
11
13
14
11
11
11
11
15
11
11
11
11
13
11
11
13
12
15
11
16
12
11
16
27
16
16
19
30
26
29
19
26
43
36
27
15
35
27
23
26
26
26
33
33
32
11
14
12
11
17
11
13
13
11
18
14
11
18
11
11
16
16
23
26
16
26
26
27
39
28
11
22
13
16
11
46
22
18
11
11
32
25
16
11
11
22
17
15
15
15
13
11
11
11
11
11
16
11
21
15
15
23
19
11
15
20
11
11
11
11
14
13
16
11
15
11
15
14
19
14
12
11
11
12
11
13
13
11
11
25
13
26
19
29
25
20
29
26
33
23
33
33
26
26
26
29
19
19
26
33
11
18
26
26
22
31
19
26
26
33
26
26
23
26
11
25
23
26
29
26
26
26
26
23
27
28
39
26
19
24
35
29
29
23
29
29
26
24
28
26
26
26
26
29
26
26
26
24
52
20
13
26
19
36
26
26
26
26
26
26
26
26
11
16
53
18
26
13
23
26
26
26
33
27
25
26
26
26
26
26
26
26
33
33
33
33
33
11
28
33
26
26
26
33
33
33
33
26
26
33
33
33
33
11
38
26
23
26
26
26
26
26
26
26
26
26
26
26
26
26
26
26
26
29
26
26
26
26
20
11
22
26
26
26
26
26
26
26
26
26
18
11
19
26
26
26
16
22
47
33
33
26
33
33
36
33
33
11
28
26
36
13
33
33
33
33
33
33
16
26
36
36
33
33
33
11
25
33
39
33
33
27
28
29
26
26
26
26
26
29
36
33
33
33
33
36
33
29
33
26
26
26
13
26
29
13
19
26
29
33
33
36
11
28
11
25
29
26
26
33
33
26
13
26
26
23
29
29
29
19
26
26
29
33
21
28
13
26
26
26
29
23
26
26
26
29
29
29
29
29
26
21
11
25
26
26
29
29
29
27
25
26
26
33
29
23
26
29
23
26
27
22
29
13
26
36
26
33
29
28
14
26
26
26
26
26
26
23
26
29
46
26
26
26
26
29
29
29
29
19
19
29
29
29
29
16
29
29
23
11
25
33
11
22
