126
109
131
103
106
105
101
106
105
101
112
106
106
101
115
113
101
101
111
108
113
108
116
131
101
113
116
106
119
106
123
109
115
106
123
101
101
101
101
101
120
101
101
110
119
109
101
101
112
109
107
101
101
102
102
101
106
119
107
112
105
117
102
113
123
116
101
103
101
101
102
102
102
107
101
101
101
105
110
119
101
133
126
107
106
103
103
101
104
101
101
102
104
109
112
101
101
106
102
113
120
101
118
101
101
106
101
102
128
105
109
101
103
117
104
102
118
108
116
116
143
101
103
101
112
110
105
103
103
101
104
101
111
101
102
101
103
103
104
101
101
106
101
101
101
101
105
101
101
102
101
111
112
113
113
101
101
101
101
101
112
101
104
101
101
101
103
116
101
108
101
109
106
109
113
123
113
101
114
101
101
101
101
106
101
103
106
101
114
108
101
102
113
126
101
102
101
101
109
101
117
113
103
103
103
101
101
101
101
109
102
101
101
101
101
101
101
101
101
