33
39
29
13
11
11
27
33
20
32
33
33
34
49
26
26
26
33
26
33
33
26
26
42
27
21
30
34
26
26
26
29
26
29
26
26
26
33
36
26
26
26
25
34
26
26
29
26
26
26
26
19
29
19
36
26
11
45
33
26
19
26
26
33
11
28
29
26
19
26
29
19
29
26
26
29
26
26
22
34
33
26
26
26
18
34
26
26
26
26
26
26
26
29
26
26
11
13
11
28
15
11
17
12
13
12
11
11
11
14
11
11
11
23
11
14
32
35
11
13
16
11
11
11
25
11
21
38
22
20
33
11
14
11
26
11
12
37
15
11
24
11
23
11
25
11
24
11
23
15
11
13
30
11
11
15
12
12
20
19
11
24
11
36
27
11
30
13
11
15
26
48
18
11
33
16
33
11
24
11
26
29
27
26
14
11
28
15
11
24
19
17
11
21
11
28
11
24
11
38
16
19
17
21
11
20
21
11
28
33
11
11
27
19
11
27
14
33
18
11
25
12
11
12
11
11
11
11
24
14
17
14
12
11
13
12
11
11
11
11
11
14
14
14
15
11
15
11
12
16
11
11
20
18
11
11
11
18
17
14
11
12
11
11
17
17
14
17
15
18
11
11
11
14
17
14
11
13
12
13
11
16
20
12
13
13
13
11
11
11
11
11
11
17
11
11
23
33
30
33
33
23
29
33
26
29
21
33
28
29
43
33
33
36
31
11
44
13
16
41
17
16
11
31
33
32
37
41
46
34
16
11
37
11
36
11
14
19
16
19
11
19
11
18
11
24
11
19
11
11
35
25
11
13
31
11
28
12
20
45
24
13
19
11
22
19
29
28
32
11
26
11
16
11
19
23
21
48
23
19
30
19
33
22
11
36
31
41
33
33
26
26
26
26
26
33
33
19
35
42
29
40
36
17
11
22
11
16
15
11
44
43
12
20
11
25
18
48
16
19
11
48
23
20
26
21
38
26
33
33
26
26
26
26
33
33
33
33
23
16
15
17
14
16
15
13
11
12
17
11
13
19
11
23
24
13
11
11
31
11
28
33
11
15
22
13
11
11
23
14
11
11
16
18
11
14
12
22
19
22
12
16
14
31
28
26
13
12
11
37
12
12
21
11
28
29
31
12
17
29
11
11
11
17
11
21
13
18
11
12
16
15
20
16
19
14
11
12
16
17
16
11
21
11
18
19
11
20
15
26
26
33
19
26
24
35
26
26
26
26
26
26
26
29
29
13
19
26
26
26
29
26
26
25
27
29
26
24
48
26
26
29
19
23
29
29
26
26
26
29
19
19
26
26
26
26
29
19
26
26
19
16
19
26
23
26
26
26
26
26
23
15
20
20
11
11
15
15
19
26
26
26
36
23
