15
43
39
43
13
28
27
11
11
17
20
29
38
42
32
12
38
20
38
36
30
45
12
37
11
15
13
11
27
27
19
29
29
27
19
11
35
36
11
11
37
29
28
19
35
19
19
36
11
11
37
36
11
29
29
28
18
33
12
11
38
11
27
37
19
28
34
12
28
36
28
12
37
19
26
11
32
33
32
26
11
11
29
11
29
34
11
31
37
35
14
26
20
30
29
28
34
11
18
11
11
29
29
11
24
11
11
25
23
26
26
23
11
32
26
26
26
26
26
26
11
25
26
39
39
39
26
26
26
26
26
26
26
26
16
39
39
26
29
19
33
11
35
19
26
26
26
26
26
26
29
36
23
33
29
33
33
29
29
29
33
16
27
35
29
16
29
33
29
26
11
22
29
29
26
29
29
29
29
26
13
29
29
29
29
36
19
26
22
34
26
23
23
29
13
29
29
29
24
25
43
26
26
19
36
29
29
11
19
28
29
26
22
23
11
18
12
22
11
18
11
11
19
17
18
15
11
11
11
18
11
11
11
19
12
14
24
29
12
11
11
13
15
11
23
11
11
28
18
23
17
11
12
11
14
14
16
11
12
11
15
11
19
19
12
14
16
38
11
11
43
28
14
11
11
20
21
25
31
14
11
15
14
30
16
11
11
27
11
13
11
11
19
26
11
23
11
31
11
13
11
11
11
11
26
23
24
25
11
22
29
26
33
16
11
42
23
23
11
11
11
15
11
11
12
16
14
11
16
14
16
11
11
15
11
11
12
11
11
11
11
11
11
11
11
11
11
11
13
11
11
11
13
17
11
12
13
11
11
12
11
11
11
13
11
11
11
16
13
11
23
13
11
13
11
11
13
15
11
11
18
12
13
11
11
11
11
11
11
11
11
11
11
11
11
11
13
12
11
11
13
11
11
12
11
17
11
11
13
13
11
11
14
12
33
36
23
11
25
26
33
33
33
26
33
18
11
23
31
11
37
26
35
22
41
29
33
16
11
11
12
12
11
15
18
34
31
18
15
21
15
19
22
23
12
24
31
11
26
11
19
11
28
26
41
34
22
11
11
11
13
11
11
11
11
11
13
20
11
12
12
11
11
15
11
11
11
11
11
11
11
12
11
12
12
15
11
13
18
11
14
16
23
16
12
17
11
11
12
11
20
11
12
11
11
11
11
12
11
11
11
11
16
16
11
18
11
11
11
22
11
11
11
11
21
11
11
18
12
11
11
15
11
26
20
11
20
34
11
11
37
11
11
38
28
27
29
11
25
12
37
11
35
11
25
24
22
11
14
12
16
12
15
11
11
11
13
14
13
11
11
12
16
11
18
11
14
11
18
11
11
11
11
12
11
17
12
11
20
12
22
26
42
19
11
22
11
15
26
32
11
26
15
22
22
11
16
13
11
13
13
16
21
11
11
23
14
11
26
11
25
12
13
22
11
11
26
25
15
16
19
16
16
26
17
15
14
11
30
33
20
23
11
16
14
11
31
40
20
19
14
21
21
11
21
11
22
29
13
18
16
15
22
56
30
17
12
11
19
21
18
11
34
22
12
11
31
15
12
24
11
11
30
11
18
27
13
11
24
13
24
36
37
47
11
11
21
17
18
31
11
18
11
28
11
33
23
13
11
11
12
17
11
11
11
21
12
17
12
13
13
11
18
28
15
16
11
11
11
27
15
17
13
24
11
20
19
18
11
11
15
11
16
11
32
11
14
15
11
11
11
11
11
11
11
11
11
11
11
11
11
11
11
12
11
11
12
16
11
11
13
11
12
11
11
11
11
11
11
12
12
11
26
11
11
11
13
11
18
11
25
11
15
11
15
23
11
16
11
15
11
22
19
11
11
18
11
11
12
13
11
11
11
11
11
12
11
13
15
16
13
12
11
20
11
12
24
11
11
12
11
11
15
14
11
12
13
11
26
11
11
11
11
11
11
11
11
15
11
13
13
11
12
11
11
11
11
11
15
12
11
13
11
11
12
11
21
11
12
11
18
17
15
11
11
11
24
11
26
11
11
17
20
11
20
19
11
22
11
15
11
11
11
19
11
22
11
15
11
15
11
15
11
11
11
11
11
13
19
11
11
11
11
28
11
13
11
12
15
11
19
11
13
11
14
14
11
24
11
20
11
23
11
24
11
18
11
15
11
11
11
23
11
18
11
11
17
11
18
11
18
11
11
11
20
11
22
11
11
11
19
11
19
26
11
11
13
13
14
11
11
15
11
16
11
11
15
19
13
11
22
29
11
15
11
15
30
19
39
11
18
16
16
29
33
16
29
33
11
17
11
24
24
13
26
24
29
27
28
23
11
18
11
15
26
29
11
23
11
11
11
25
11
11
27
11
15
11
11
18
11
11
23
11
25
11
11
17
11
16
19
11
15
11
11
11
16
23
19
11
19
11
24
11
16
11
18
11
11
15
11
22
11
11
20
11
15
11
18
11
22
11
18
11
15
11
18
11
11
15
14
11
11
21
11
11
11
11
19
13
11
14
11
15
12
21
11
15
11
15
11
11
24
11
15
11
15
11
11
27
11
15
23
11
15
11
19
11
11
14
11
11
11
11
16
11
11
23
18
11
11
11
20
11
11
14
11
11
13
11
11
14
14
11
11
11
18
11
22
11
15
11
17
21
11
15
11
15
11
11
17
11
11
11
13
19
11
13
11
11
11
11
11
27
12
27
29
29
24
28
28
11
11
44
28
15
13
16
13
11
11
15
15
13
15
11
11
13
15
11
11
11
11
11
15
14
11
12
15
11
11
27
16
11
11
12
11
11
17
11
17
11
20
11
11
15
11
13
11
18
11
20
16
11
12
11
12
11
11
11
22
11
18
11
11
18
12
21
11
15
11
22
11
22
11
11
11
11
11
11
11
11
11
24
11
15
11
15
11
13
14
11
11
11
11
12
12
11
11
11
11
11
11
11
11
11
11
17
19
21
11
28
11
16
12
11
11
11
13
11
18
11
11
11
11
21
11
11
23
13
11
11
11
11
11
11
11
11
11
11
11
11
11
11
11
11
11
11
11
11
11
11
11
11
11
11
11
11
11
11
11
11
11
11
11
11
11
11
11
11
11
11
11
11
11
11
11
11
11
11
11
11
11
11
11
11
11
11
11
11
11
