45
39
11
32
33
33
27
32
33
33
33
33
33
36
19
30
36
11
26
12
16
20
13
25
11
25
29
28
26
19
11
28
30
23
29
19
13
27
14
11
22
14
19
30
27
40
43
16
36
43
11
32
16
22
34
19
19
29
27
11
29
28
48
26
12
11
24
34
11
32
11
11
25
31
22
22
23
37
23
12
11
11
25
11
22
28
24
15
32
11
12
11
16
26
17
16
11
14
12
16
27
13
13
11
21
40
12
13
19
24
20
25
22
13
19
19
16
33
11
11
11
11
11
11
11
11
11
11
30
16
11
16
13
11
11
11
11
11
11
11
14
20
11
11
11
11
12
11
13
13
11
13
15
19
14
20
11
14
11
12
11
11
13
11
11
11
19
13
13
11
11
24
19
20
19
29
26
29
25
11
23
11
38
16
29
27
36
26
29
26
26
33
33
16
11
22
29
29
13
26
29
29
19
11
19
26
26
26
29
26
20
19
29
39
39
33
33
39
33
30
29
33
33
16
31
11
27
29
33
23
26
26
26
36
29
19
36
26
29
29
19
26
29
26
19
26
26
29
19
33
26
19
26
33
19
20
26
23
23
20
11
11
11
11
11
16
12
15
11
11
15
15
14
13
16
11
16
11
11
17
11
18
11
12
12
17
16
11
11
13
11
14
12
13
15
15
12
11
11
11
11
16
14
11
14
11
19
12
13
11
11
12
11
11
17
13
26
20
11
14
17
11
14
11
14
11
13
12
11
12
12
14
11
11
16
11
20
12
11
15
14
18
34
11
28
29
33
29
29
26
33
16
33
33
11
25
13
27
13
25
11
22
11
22
26
11
22
35
14
11
11
16
18
11
18
14
17
32
16
11
13
11
32
11
14
11
11
15
11
30
13
12
27
11
11
11
11
11
11
11
11
11
11
11
11
14
12
11
19
13
11
11
11
25
19
21
30
37
27
11
14
11
11
14
13
12
12
11
12
14
13
11
11
11
11
12
11
11
11
20
33
33
33
26
12
11
11
14
13
11
13
15
11
16
11
17
14
18
26
11
11
16
14
18
13
13
17
13
14
19
12
11
15
11
11
15
13
13
14
11
12
13
12
18
11
20
11
19
11
13
16
13
11
12
12
18
12
18
16
11
15
12
26
13
21
12
11
16
11
13
12
20
19
15
13
13
14
13
30
19
26
11
23
28
11
19
11
13
15
12
19
15
24
14
11
11
13
11
15
11
15
13
15
13
12
11
17
11
15
11
13
14
12
17
17
20
20
13
19
13
11
12
13
21
11
12
12
11
19
29
14
12
23
16
11
21
11
23
11
20
11
25
12
29
34
13
26
11
29
19
36
13
28
37
29
43
28
20
15
25
29
26
19
29
26
16
19
36
26
26
39
39
11
25
11
18
23
33
26
16
30
12
18
17
13
12
12
12
11
11
25
11
19
11
14
13
11
14
11
11
11
12
14
11
12
20
11
20
14
18
11
17
12
39
11
13
16
31
12
19
22
11
11
12
20
11
15
11
15
13
12
17
35
19
26
29
27
13
29
26
11
25
11
22
19
29
26
26
26
16
20
36
16
34
25
11
35
19
13
16
11
11
11
23
29
14
28
38
