11
12
13
11
11
12
11
11
12
11
12
11
11
19
19
11
18
11
11
11
11
11
13
11
27
11
19
11
24
13
11
11
20
11
18
19
11
25
13
13
24
11
18
11
28
13
15
27
21
38
30
33
11
26
14
21
16
38
51
31
11
33
11
43
26
11
29
28
11
27
28
24
38
29
16
13
23
22
27
29
19
23
16
36
16
22
21
11
17
12
34
26
18
12
31
12
32
16
18
22
30
31
26
26
21
32
11
11
17
13
11
12
27
12
15
15
14
11
12
11
14
14
13
12
23
13
20
22
11
12
17
28
11
28
19
36
35
14
41
11
20
23
12
37
19
16
11
31
41
11
35
36
17
41
33
27
11
34
11
15
17
11
14
14
11
27
17
11
17
11
29
28
35
12
37
29
28
38
19
11
27
11
44
11
11
41
11
11
11
11
32
15
34
30
12
11
35
35
29
19
11
25
11
24
11
29
22
13
21
29
13
14
11
38
29
20
13
31
11
11
13
11
30
13
20
16
11
15
11
33
17
31
13
31
29
26
17
28
42
24
11
25
11
37
14
21
15
21
11
14
11
19
11
16
11
11
15
27
26
24
37
11
35
11
11
28
11
11
24
22
11
13
12
11
15
11
17
21
43
19
11
25
29
33
33
26
11
26
29
22
33
19
39
26
27
12
16
11
20
14
15
14
11
22
33
24
28
26
26
26
26
26
26
29
26
46
46
46
46
26
26
26
26
26
26
26
26
29
26
23
26
26
26
26
26
26
26
26
26
26
26
26
26
26
26
26
22
32
38
26
11
25
26
26
26
26
26
26
46
46
46
26
26
26
33
23
26
26
26
26
26
26
26
26
33
26
26
26
26
26
26
26
26
26
26
26
26
26
26
26
26
26
26
26
26
26
26
26
26
26
26
26
23
29
26
26
26
26
26
26
26
26
26
26
26
25
27
26
26
26
26
26
26
26
26
19
36
26
26
29
29
29
13
33
26
26
26
26
29
26
26
26
26
26
26
26
39
39
26
26
26
26
46
39
26
26
26
26
26
26
26
26
19
21
33
11
23
36
11
26
36
12
13
28
18
15
41
36
16
19
27
18
27
23
11
27
11
23
11
19
11
27
18
13
19
11
11
14
11
29
11
24
31
15
16
11
25
11
24
11
13
12
17
12
20
11
33
11
18
11
33
26
17
17
11
28
11
21
23
11
15
19
15
27
13
17
19
11
19
24
11
35
11
28
13
11
12
36
11
30
15
34
14
11
19
11
11
11
18
13
16
14
17
28
11
12
11
14
11
11
11
11
11
13
17
11
11
18
13
11
19
20
13
11
11
15
16
16
23
16
11
25
29
17
14
11
11
13
14
12
13
12
11
13
11
13
11
13
15
11
11
22
19
18
12
11
12
14
11
12
11
11
13
11
16
18
17
12
11
11
11
11
11
12
11
12
11
15
11
13
13
11
15
11
11
11
13
11
13
14
13
11
13
11
23
27
22
29
30
19
26
26
26
11
22
29
26
26
26
29
29
29
29
29
29
29
29
29
29
29
16
29
34
28
28
23
11
24
11
24
11
26
12
11
11
35
11
23
11
26
11
16
11
26
11
11
11
11
12
14
11
13
11
17
14
11
17
14
15
12
11
11
13
11
12
11
11
29
11
27
11
11
20
11
20
11
17
23
44
11
22
11
13
11
30
11
11
24
11
15
11
14
11
14
11
21
11
11
11
11
21
11
15
11
15
11
15
11
19
11
30
11
15
11
11
24
11
19
19
11
15
11
15
11
11
27
11
18
11
11
24
11
19
11
16
11
14
11
15
11
15
11
15
23
11
11
14
11
15
11
13
22
11
13
11
11
33
11
11
21
11
21
17
11
25
11
15
11
11
11
17
11
14
23
11
15
11
15
11
14
11
11
11
27
11
13
11
11
11
11
11
16
11
22
11
15
11
15
11
15
11
25
11
14
11
13
11
15
11
12
23
23
23
18
11
16
11
14
11
19
11
11
21
11
11
19
11
12
11
11
18
11
15
11
17
11
17
11
11
30
34
28
14
29
13
36
11
25
11
11
11
11
11
11
11
11
11
11
16
11
11
22
11
11
11
11
11
11
11
11
11
11
11
13
11
11
11
11
11
11
11
11
11
11
12
16
13
14
11
14
11
11
15
20
19
19
19
19
19
20
19
28
29
19
19
19
19
19
19
19
11
17
11
17
11
17
19
19
19
19
11
19
20
19
19
19
11
17
19
19
19
19
19
19
14
13
19
18
20
15
11
12
29
11
18
19
19
20
19
19
19
19
19
19
11
18
19
19
19
11
17
19
19
19
16
12
19
19
11
18
19
19
19
19
20
18
11
11
18
19
11
18
19
19
17
11
16
11
12
19
19
20
18
20
19
19
19
11
17
19
11
18
25
12
20
18
18
11
11
17
19
19
11
17
19
19
19
16
11
11
18
19
19
19
11
19
11
15
19
19
16
11
11
11
11
11
11
13
15
11
11
19
19
19
13
15
19
19
19
19
19
11
17
28
11
27
11
27
11
27
11
23
11
12
11
17
19
18
19
20
19
19
19
19
11
19
19
19
19
11
18
20
11
17
19
18
11
12
15
17
19
19
19
18
11
15
11
14
11
16
11
15
11
15
11
15
11
15
11
15
11
15
11
15
11
15
11
15
11
13
11
14
11
15
11
15
11
15
11
15
15
11
17
11
18
11
15
11
15
11
13
11
11
11
11
11
11
11
18
11
15
11
15
11
14
11
11
11
11
11
11
11
11
11
11
11
11
11
11
11
11
11
11
11
11
11
11
11
11
11
11
11
11
11
11
11
11
11
11
11
11
11
11
11
11
11
11
11
11
11
11
11
11
11
11
11
11
11
11
11
11
11
11
11
11
11
11
11
11
11
11
11
11
11
11
11
11
11
11
11
11
11
11
11
11
11
11
11
11
11
11
11
11
11
11
11
11
11
11
11
11
11
11
11
11
11
11
11
11
