103
118
105
101
113
101
115
114
103
101
105
101
101
101
101
113
109
101
114
101
102
102
101
101
105
103
103
109
101
108
106
109
103
113
104
101
116
113
113
106
114
135
101
101
101
102
102
101
105
110
101
101
108
101
106
102
101
101
101
101
104
101
103
102
101
103
101
103
111
133
104
101
101
111
110
101
101
101
106
101
105
103
116
119
106
133
123
101
128
101
110
102
109
101
101
101
101
125
101
115
101
102
101
102
101
125
109
126
119
106
101
104
113
109
101
121
107
133
101
101
103
116
101
113
105
111
104
101
112
110
119
101
102
106
119
105
121
107
101
104
