30
13
24
11
34
16
23
15
11
11
18
12
15
11
12
15
13
11
18
21
26
11
12
54
16
23
16
12
13
11
20
13
21
11
12
18
11
14
17
14
11
11
13
15
18
16
13
11
14
15
11
11
11
13
11
11
13
11
15
16
11
23
20
17
17
11
28
17
12
15
15
14
18
11
11
11
14
11
22
15
11
11
12
11
19
19
14
11
11
11
11
11
11
11
15
18
13
11
12
11
24
11
16
26
12
11
11
23
13
11
16
11
30
46
24
30
11
24
23
39
16
36
19
33
24
11
17
25
11
19
11
30
28
22
11
14
11
23
27
11
23
23
23
24
11
17
29
44
11
28
11
11
11
21
16
13
19
11
23
16
17
11
12
11
11
11
11
15
11
11
23
30
16
19
11
13
12
13
11
25
16
12
23
27
31
17
18
11
23
11
27
11
21
13
14
35
25
11
23
11
24
15
16
11
14
11
11
11
13
11
11
14
21
17
34
11
21
11
25
11
25
12
19
16
18
19
11
11
11
18
19
11
19
19
16
16
26
11
11
14
38
15
11
22
11
22
15
11
38
20
22
25
31
11
25
34
33
14
11
25
11
29
21
13
24
11
15
35
11
19
11
32
28
31
18
21
14
11
33
21
11
13
23
13
11
11
11
11
11
11
11
11
11
11
11
12
15
12
11
14
11
11
16
11
12
11
11
13
14
18
14
15
11
11
11
13
13
11
12
11
12
12
13
13
13
11
12
12
18
24
14
12
13
18
11
20
11
11
13
16
16
20
11
11
15
11
12
16
19
20
14
23
11
11
11
26
33
36
33
24
28
29
43
28
27
11
18
13
29
29
39
33
33
33
11
11
19
11
11
23
45
11
31
41
41
19
17
11
42
11
35
36
29
19
20
16
39
13
26
19
26
23
19
24
15
15
15
41
25
27
20
11
37
11
17
13
35
11
31
21
13
11
16
11
13
16
13
11
12
15
11
12
16
13
13
11
11
11
12
12
11
11
12
11
12
11
17
11
11
11
11
17
12
11
20
11
11
13
29
33
28
15
31
26
15
34
16
36
27
19
29
33
24
11
27
17
11
11
11
11
11
11
11
12
11
11
11
11
13
11
11
13
13
12
12
11
12
11
11
12
11
11
11
11
11
11
11
11
12
11
12
15
13
12
11
12
11
11
11
13
11
12
11
11
11
11
11
11
11
11
11
13
14
12
11
11
11
14
11
11
15
12
12
11
11
11
11
11
11
11
11
11
11
11
13
11
19
32
24
28
28
27
39
30
38
11
27
29
37
22
12
13
11
13
12
11
13
16
11
17
21
32
11
11
11
15
25
13
13
11
11
11
12
11
11
11
12
11
11
11
11
11
11
11
11
11
11
11
13
12
11
11
11
13
14
13
11
11
11
13
13
21
11
13
11
16
11
19
23
14
11
28
11
11
11
11
14
14
11
11
13
14
12
12
14
11
13
22
21
17
15
11
11
14
11
19
12
11
13
11
11
12
15
12
11
15
17
15
18
43
19
12
14
26
26
43
19
29
25
18
21
35
26
26
39
35
27
29
26
13
11
25
11
11
24
22
16
15
16
11
13
14
11
14
14
19
17
15
11
12
14
11
21
11
11
13
11
11
14
20
28
18
11
11
11
19
21
11
12
11
11
19
20
24
13
13
11
11
12
12
11
11
16
11
14
12
14
13
17
14
11
15
20
22
16
11
11
11
12
11
15
11
11
11
13
13
11
24
12
16
12
20
16
11
11
15
11
11
11
11
16
11
27
12
11
15
11
14
14
19
36
11
13
11
27
37
11
28
37
19
11
22
25
28
27
11
27
29
11
35
11
28
29
11
12
23
29
11
26
11
18
11
25
34
19
26
27
11
24
11
23
24
11
20
39
28
11
20
36
11
28
11
17
28
29
29
29
39
11
31
11
18
11
12
11
13
11
15
11
12
11
11
22
18
19
11
29
11
24
30
19
11
16
11
15
11
29
11
13
11
11
18
16
11
22
11
25
11
22
11
26
21
17
11
22
11
20
11
14
25
19
11
11
19
11
28
11
22
11
11
13
12
18
11
27
19
11
28
11
22
11
11
13
11
11
18
15
28
11
19
19
16
19
12
11
13
12
23
11
14
16
11
15
11
13
11
13
14
11
17
15
11
28
11
19
11
26
11
11
16
18
11
12
25
11
11
11
21
11
17
11
20
11
16
11
11
11
11
11
15
11
11
11
11
11
13
11
20
11
11
21
11
17
18
11
11
17
13
15
25
11
11
11
14
11
11
15
11
30
28
11
26
15
13
13
27
13
11
12
11
17
11
11
19
11
17
11
14
11
13
14
11
11
12
14
11
12
14
11
17
12
11
17
11
11
11
11
11
11
11
11
13
11
11
12
19
14
11
12
11
14
12
16
11
14
16
12
12
11
11
13
11
11
26
21
11
11
18
15
11
11
21
11
11
20
12
19
11
32
16
11
14
30
11
23
13
11
11
16
11
12
14
17
12
18
13
11
27
11
14
18
11
12
11
11
11
11
15
11
11
11
11
12
16
11
13
11
13
11
11
11
18
11
13
17
11
22
19
11
11
17
14
12
11
11
11
18
22
11
20
11
20
11
25
11
11
14
11
24
11
14
11
11
19
19
11
21
11
11
11
18
18
11
19
16
15
12
11
24
13
11
29
11
24
11
22
11
11
15
19
29
11
21
20
11
11
15
11
11
19
11
16
21
18
19
17
20
22
11
28
17
11
21
11
27
11
11
32
11
17
19
11
27
18
11
20
11
25
11
13
11
13
13
11
12
12
11
11
19
18
11
21
11
25
11
22
11
20
11
23
12
11
11
15
11
12
12
12
11
11
19
12
16
11
20
11
11
11
25
11
11
19
11
20
11
24
11
11
13
11
20
11
12
11
11
11
11
22
16
11
11
12
13
16
12
15
13
12
11
11
12
14
11
11
11
12
12
11
11
11
11
11
13
11
12
11
11
11
13
11
11
11
11
11
11
11
16
12
13
11
11
11
18
20
11
17
11
11
21
15
19
19
11
17
20
11
17
19
12
11
12
20
11
17
19
19
19
19
19
19
19
19
14
15
19
19
19
20
19
19
18
16
11
18
11
20
20
19
19
22
11
15
11
15
11
15
11
11
11
11
11
11
11
11
11
11
11
11
11
11
11
11
11
11
11
11
11
11
11
11
11
11
11
11
11
11
11
11
11
11
11
11
11
11
11
11
11
11
11
11
11
11
11
11
11
11
11
11
11
11
11
11
11
11
11
11
11
11
11
11
11
11
11
11
11
11
11
11
11
11
11
11
11
11
11
11
11
11
11
11
11
11
11
11
11
11
11
11
11
11
11
11
11
11
11
11
11
11
11
11
11
11
11
11
11
11
11
11
11
11
11
11
11
11
11
11
11
11
11
11
11
11
11
11
11
11
11
11
11
11
11
11
11
11
11
11
11
11
11
11
11
11
11
11
11
11
11
11
11
11
11
11
11
11
11
