101
101
104
106
119
101
104
111
101
109
106
101
117
123
107
112
126
108
121
120
105
110
106
106
106
101
113
102
106
107
101
103
110
101
105
101
108
102
101
103
102
106
108
106
101
102
110
111
101
101
104
118
101
115
113
101
109
117
118
110
106
107
105
101
103
113
109
101
101
103
106
101
116
113
106
113
101
101
117
101
120
101
103
106
106
106
103
106
106
106
116
109
116
101
102
103
106
101
101
101
101
101
106
119
126
114
105
103
109
119
109
119
101
108
113
123
106
106
123
113
116
106
108
101
115
125
122
101
101
104
106
112
101
102
101
105
116
119
106
104
101
111
113
103
106
106
106
113
107
118
109
110
101
109
104
101
104
101
101
102
105
101
110
122
101
106
109
101
104
110
109
101
101
105
101
101
102
106
112
102
109
101
106
101
101
101
101
101
105
101
101
102
102
101
101
101
101
101
101
101
101
104
101
109
101
101
101
101
101
101
102
102
102
