11
25
44
12
37
15
11
18
11
20
13
11
23
13
12
11
18
11
11
21
11
15
12
11
11
26
13
22
22
30
23
28
11
11
13
11
11
11
19
11
11
11
11
15
18
13
14
24
41
20
12
11
11
21
12
14
15
11
24
15
22
19
13
22
11
15
11
14
16
19
11
13
14
17
16
13
11
11
15
15
11
11
14
17
11
16
17
16
23
15
13
12
22
11
11
21
11
11
11
13
13
13
14
13
15
23
20
11
11
23
16
11
11
11
11
19
20
16
11
12
11
11
13
14
11
12
11
12
11
11
11
13
12
26
14
11
18
23
14
42
30
26
11
17
41
26
21
22
19
35
23
11
11
15
11
15
23
15
23
23
32
11
11
11
14
11
22
25
15
28
29
29
27
28
26
31
35
33
26
29
19
26
26
24
42
26
20
26
29
26
19
30
29
26
29
19
26
36
11
22
29
27
45
26
29
33
26
26
29
29
26
26
26
16
26
23
26
12
34
26
26
11
32
26
26
19
16
26
26
29
13
43
26
22
30
19
26
27
26
26
26
21
11
11
18
11
11
11
11
14
14
12
16
13
11
11
15
12
12
11
11
15
13
11
12
14
16
19
34
14
11
17
22
12
12
19
15
19
11
11
11
16
20
12
16
29
36
19
20
29
33
46
39
27
28
23
33
33
29
11
18
23
15
11
30
33
22
26
26
29
29
27
28
36
33
26
13
26
26
26
26
26
26
26
29
26
46
46
46
46
26
26
26
26
26
26
26
26
29
26
23
26
26
26
26
26
26
26
26
26
26
26
26
26
26
26
26
23
19
13
23
26
29
26
26
26
26
26
26
26
46
46
46
26
26
26
11
38
26
26
26
26
26
26
26
26
19
26
26
26
26
26
26
26
26
26
26
26
26
26
26
26
26
26
26
26
26
26
26
26
26
26
26
26
26
11
42
26
26
26
26
26
26
26
26
26
26
26
13
26
26
26
26
26
26
26
26
33
23
26
26
29
29
29
24
28
24
48
26
20
11
25
26
26
26
26
26
26
33
39
33
26
26
26
26
46
39
26
26
26
26
26
26
26
26
18
34
32
11
23
13
22
11
11
27
15
11
12
11
41
36
48
35
11
25
11
26
24
11
14
13
17
19
17
14
12
17
11
11
11
11
11
25
11
14
17
11
11
22
11
11
12
11
11
11
17
30
15
18
20
36
14
13
11
11
21
11
13
22
14
22
11
26
39
24
11
33
13
18
16
11
12
33
12
17
16
16
11
11
11
11
12
19
49
11
29
16
13
20
11
21
11
15
28
15
16
11
16
15
21
16
32
12
17
11
29
11
27
14
14
22
11
16
13
11
14
24
33
11
11
11
21
12
17
13
12
13
11
13
12
12
17
11
15
15
15
14
11
13
11
14
11
13
17
18
18
16
12
19
14
17
13
11
37
11
27
38
31
12
19
11
11
19
18
12
11
12
11
11
11
13
11
11
19
11
17
14
14
11
16
11
11
11
11
11
19
12
23
19
14
12
15
13
15
17
11
33
16
11
11
13
11
12
11
13
11
11
13
11
15
12
11
11
11
15
11
11
13
12
11
14
11
11
11
11
12
20
19
11
11
11
14
11
11
26
14
12
12
12
11
13
11
11
17
36
11
40
23
16
26
26
26
29
26
29
29
29
29
21
11
21
11
11
11
11
12
11
18
11
22
11
18
11
15
11
13
11
14
11
15
11
22
11
11
11
11
19
15
13
12
12
11
22
11
15
11
15
11
15
19
11
15
11
15
11
18
11
18
11
15
11
11
11
15
11
11
11
11
11
11
11
11
11
11
11
21
11
15
11
15
11
22
11
15
11
15
11
15
11
15
11
15
11
15
11
15
11
15
23
11
15
11
15
11
15
11
15
11
15
11
15
11
15
11
15
11
15
23
11
15
11
15
11
22
11
15
11
22
11
15
11
15
11
16
11
14
11
15
11
15
11
15
11
15
11
15
11
15
11
15
11
15
11
15
11
12
11
15
11
18
11
15
11
11
14
11
22
11
18
11
15
11
15
11
15
11
15
11
15
11
15
11
15
11
18
11
15
11
15
11
15
11
15
19
11
18
11
15
11
15
11
15
11
15
11
15
11
15
11
15
11
15
11
22
11
15
11
15
11
15
11
18
11
15
11
15
29
29
11
18
11
15
11
15
11
15
11
15
36
29
29
29
29
29
27
26
30
29
29
29
29
29
29
23
11
15
11
15
11
15
11
12
26
29
26
29
29
11
25
11
18
11
15
11
15
11
15
11
15
11
15
11
15
11
15
11
15
11
13
11
14
11
15
11
15
11
15
11
15
11
15
11
15
11
15
11
15
11
13
11
14
11
15
11
15
11
18
11
15
11
11
14
11
22
11
18
11
15
11
15
11
15
11
15
11
15
11
15
11
18
11
15
11
15
11
15
11
22
11
15
11
15
11
15
11
15
11
18
11
15
11
15
11
15
11
11
11
20
11
15
11
15
11
15
23
11
15
11
15
11
15
11
15
11
13
11
14
11
15
11
15
11
15
11
15
11
15
11
15
11
15
11
15
19
11
15
11
15
11
11
17
11
15
16
11
15
11
11
21
19
11
15
11
15
11
15
11
15
13
29
29
11
15
11
15
11
15
11
15
11
15
11
15
11
15
11
15
11
15
11
12
11
15
11
15
11
15
11
15
11
18
11
11
11
25
11
23
11
18
11
27
11
13
27
18
11
23
11
11
11
11
12
11
12
13
11
21
11
18
11
11
18
19
11
23
11
20
11
30
11
11
30
11
19
11
29
11
11
11
16
12
16
11
11
11
24
15
11
14
17
11
11
11
22
27
19
11
15
11
15
15
14
11
13
11
11
11
12
12
11
11
11
11
11
11
11
11
11
11
11
11
11
11
11
11
11
11
11
11
11
11
11
11
11
11
11
11
11
11
11
11
11
13
11
12
11
11
11
11
11
11
12
11
12
11
11
11
11
11
11
11
11
13
11
11
