11
43
39
26
26
33
29
36
33
33
36
16
23
36
12
38
18
33
19
33
33
26
26
14
42
26
11
18
11
32
26
26
29
29
26
26
26
26
26
13
29
13
26
26
26
26
19
26
26
26
11
18
26
26
26
33
26
36
23
26
29
19
29
11
18
19
26
26
26
13
29
11
18
11
17
41
26
14
38
26
26
26
11
18
26
26
36
24
28
26
26
26
26
26
26
26
26
26
26
26
26
29
26
30
11
11
11
11
12
11
11
14
11
13
22
26
23
33
28
22
29
26
29
16
33
26
26
36
26
26
11
28
26
26
29
26
26
23
33
23
26
26
11
18
26
24
32
29
29
26
23
19
29
26
39
26
26
33
26
26
26
23
26
23
26
33
26
26
21
22
13
26
26
29
26
26
26
23
43
26
26
11
28
26
26
13
11
28
26
23
14
11
14
11
17
11
11
11
13
11
11
11
15
11
20
11
11
11
12
11
11
22
13
12
19
17
17
11
11
16
13
25
31
16
15
29
14
24
20
11
11
11
27
18
11
15
14
42
29
31
41
13
26
36
29
23
11
15
11
11
11
11
11
12
11
11
21
11
13
13
11
18
11
13
11
18
11
11
11
16
19
33
36
33
23
11
17
11
13
16
13
26
11
18
29
20
12
15
12
11
34
39
46
46
46
41
15
19
11
22
11
26
11
16
11
19
13
47
32
11
29
11
11
12
37
17
11
12
20
11
40
11
24
16
12
13
48
14
20
11
19
15
15
19
21
25
46
36
11
11
31
16
22
50
11
11
37
46
46
41
35
33
22
21
24
20
13
23
11
22
11
11
12
15
11
22
11
22
13
18
19
14
11
21
12
13
11
37
17
15
11
38
11
13
21
42
29
11
19
34
36
15
23
12
13
11
35
11
35
24
11
27
27
12
32
11
11
12
12
11
11
29
11
25
19
23
21
22
11
23
13
19
31
11
27
26
11
26
25
22
27
29
18
12
11
11
11
11
16
13
11
11
12
13
15
21
17
11
20
22
14
16
11
16
18
14
17
11
11
15
11
11
11
16
16
15
14
11
11
17
14
11
17
12
16
11
12
11
13
11
17
11
15
11
17
12
11
13
35
46
26
26
26
26
26
26
26
25
31
11
22
11
27
35
35
14
13
11
11
11
28
35
14
17
15
17
16
17
22
18
32
11
27
32
13
23
13
11
27
18
13
11
11
26
33
11
25
11
22
28
11
29
11
32
12
15
11
11
11
11
12
11
20
11
19
11
18
11
11
25
11
25
11
29
11
13
27
16
19
11
19
11
24
24
23
26
36
35
13
19
35
11
24
11
28
29
15
13
29
18
11
20
14
17
11
28
11
24
11
23
14
16
12
11
11
27
11
25
11
11
11
24
15
11
11
18
11
11
11
11
11
20
11
19
11
30
21
14
18
12
11
11
18
12
14
11
17
17
11
13
11
15
14
12
11
14
11
11
11
11
11
11
11
11
11
11
11
11
11
13
11
45
13
11
31
40
12
21
12
11
22
12
11
30
48
19
17
19
11
22
21
14
17
42
16
30
11
28
17
33
21
14
11
15
13
15
11
16
11
11
17
11
17
14
18
17
16
12
17
28
33
11
11
11
13
15
12
14
16
13
15
13
11
11
14
16
13
11
12
27
23
12
11
13
15
21
17
11
11
11
11
11
11
22
12
11
12
11
11
11
11
11
11
11
11
11
11
11
18
17
11
11
11
11
11
12
11
11
12
14
12
11
11
11
11
11
11
11
11
11
11
11
11
11
11
11
11
11
11
12
15
11
11
12
16
12
11
24
12
13
15
16
11
13
12
12
12
12
11
11
11
11
12
11
11
11
11
11
11
11
11
11
11
11
12
15
11
11
11
13
11
11
11
11
11
11
11
11
11
11
11
11
11
11
11
11
11
11
11
11
11
11
11
11
11
11
11
11
11
11
13
11
12
15
11
11
11
19
11
12
11
13
14
11
11
11
11
21
11
11
11
14
11
11
15
11
13
11
11
13
11
11
17
14
11
11
11
11
11
11
11
11
11
11
12
11
12
11
11
11
11
11
11
11
12
11
13
11
12
11
11
11
11
11
11
11
11
11
11
11
11
11
11
11
11
11
11
11
12
11
12
11
11
11
11
11
11
11
11
12
11
11
12
13
26
11
11
13
11
11
11
16
11
11
16
11
11
11
11
11
14
11
12
11
11
11
11
11
11
11
11
12
11
11
11
12
11
11
11
11
11
11
11
12
11
11
11
11
11
11
11
11
11
11
11
11
11
11
11
11
11
11
11
11
11
11
11
13
18
23
15
14
14
15
19
11
11
21
15
11
11
11
11
13
11
15
11
17
11
11
11
11
11
11
11
11
11
11
11
11
11
11
11
11
11
11
11
11
11
11
11
22
11
18
11
11
25
11
14
11
11
13
11
11
11
11
11
15
11
22
11
15
11
15
11
15
11
15
11
15
11
15
11
15
11
15
11
15
11
15
11
15
11
15
11
25
11
11
17
11
15
11
15
11
15
11
15
11
15
11
15
11
15
11
15
11
15
23
11
15
11
15
11
15
11
15
11
11
15
11
15
11
11
11
15
19
11
11
16
15
21
11
15
11
11
21
11
25
11
15
11
13
11
14
11
15
11
15
11
15
11
15
11
15
11
15
11
18
11
15
11
11
14
19
11
15
11
15
11
15
11
15
11
15
11
18
11
15
11
12
11
15
11
15
11
15
11
15
11
15
11
15
11
15
11
15
11
15
23
11
15
11
15
11
15
11
15
11
15
23
11
18
11
15
11
15
23
11
15
11
15
11
15
11
15
11
15
11
15
11
16
11
14
11
15
17
11
14
11
15
11
18
11
15
11
15
11
15
11
15
11
15
11
15
11
15
16
11
11
11
11
11
11
11
11
11
11
11
11
14
11
15
11
15
11
15
11
15
11
15
11
15
11
15
11
15
11
15
11
15
11
15
11
15
11
12
11
15
11
15
11
15
11
15
11
11
21
11
18
11
15
11
15
11
15
11
