11
11
11
11
11
11
11
12
11
11
11
11
11
13
11
11
11
11
11
11
11
11
21
19
11
13
11
11
11
11
11
13
13
11
13
13
17
14
11
38
18
31
11
11
12
11
11
13
11
15
13
14
11
17
18
19
13
11
11
14
11
12
11
11
18
19
33
13
26
26
26
11
18
33
33
39
26
26
16
26
11
48
34
33
19
36
33
33
33
26
26
20
19
26
33
33
33
28
27
36
11
28
33
26
15
31
26
33
29
28
49
42
12
11
11
21
13
19
16
16
22
41
29
19
29
29
26
26
26
23
29
29
29
26
11
21
13
23
38
11
11
30
15
12
14
29
27
12
11
16
12
11
12
15
17
11
12
15
25
11
14
16
12
13
11
13
11
18
11
13
11
11
12
14
16
11
13
11
23
11
12
12
22
18
13
14
18
17
12
12
17
12
12
15
13
11
22
12
15
11
13
11
13
13
12
11
20
11
12
11
11
11
18
14
17
11
17
16
17
18
13
11
15
11
15
19
19
12
18
12
31
17
15
15
21
14
14
15
11
15
11
20
18
12
12
11
11
16
11
12
11
12
11
15
17
21
12
11
13
11
15
11
11
11
11
11
22
22
13
11
14
11
11
14
17
16
12
13
11
11
11
12
11
16
11
12
14
11
21
12
13
13
14
13
11
11
11
13
15
11
14
18
11
12
11
11
11
11
11
11
13
11
13
11
11
13
15
17
19
25
48
26
16
23
29
23
30
33
33
33
26
26
26
11
32
26
26
13
29
26
26
26
11
28
26
26
24
42
26
23
26
29
26
29
23
26
26
26
26
26
29
26
24
11
24
43
26
16
19
29
29
11
22
33
19
26
33
26
26
26
26
21
35
26
26
26
19
26
34
28
36
11
22
26
26
26
26
26
26
26
20
48
26
11
32
30
26
26
26
26
33
26
26
26
26
26
26
26
26
33
33
33
33
33
33
33
33
26
26
33
33
33
33
11
22
26
33
33
33
33
29
13
19
26
29
26
26
26
26
26
26
26
26
26
26
26
26
26
26
26
29
19
26
26
26
26
26
26
26
26
26
26
26
26
26
26
26
36
26
26
26
29
23
26
33
33
33
33
33
36
33
33
33
33
36
39
33
33
33
33
33
36
26
36
11
32
33
33
36
26
33
26
33
33
26
26
26
33
20
26
26
29
29
33
26
33
33
33
27
22
33
31
23
28
26
26
33
26
11
32
19
26
29
33
33
31
25
29
26
29
26
26
33
33
24
28
26
26
19
26
39
19
26
23
29
33
23
26
36
26
18
11
30
19
26
26
33
19
11
15
29
29
29
29
29
33
26
26
29
29
29
29
26
29
26
23
33
23
11
15
19
16
25
20
34
17
39
22
16
39
19
11
27
34
11
26
12
11
30
15
36
11
26
33
34
36
25
28
11
18
18
16
11
11
47
26
30
19
11
18
27
29
20
15
21
29
24
11
24
17
11
11
11
14
19
11
22
19
22
11
19
11
30
11
21
11
11
29
11
15
29
29
33
27
25
29
29
29
29
29
20
11
15
29
33
11
15
11
12
21
16
11
17
11
15
11
15
11
22
11
15
11
15
11
15
11
15
11
22
11
15
11
15
11
15
11
11
11
16
11
15
11
15
11
15
11
15
11
15
11
15
11
15
11
15
11
15
11
15
11
15
11
15
11
15
11
13
11
14
11
15
11
25
11
13
11
18
11
11
31
11
11
15
11
17
11
11
30
11
29
11
21
11
25
11
22
11
25
11
11
18
11
21
11
22
11
11
11
24
18
11
19
11
11
17
19
11
19
11
22
11
30
17
18
28
16
13
12
31
23
11
19
19
13
24
35
18
13
16
11
25
11
11
11
11
11
11
11
16
13
12
13
11
11
11
14
11
11
11
12
12
15
11
13
11
11
11
11
11
11
11
16
33
29
29
23
19
11
11
28
29
28
27
40
11
25
11
28
33
16
33
11
32
16
11
11
13
11
15
14
11
11
11
23
11
30
13
15
11
20
26
18
11
22
13
20
30
11
11
21
11
11
15
29
13
13
13
11
11
21
11
15
17
17
11
12
17
17
17
11
13
22
11
26
11
19
11
11
14
11
12
11
11
27
11
11
14
11
12
16
11
17
14
11
11
15
11
11
19
11
22
11
25
11
24
11
23
11
21
11
26
11
18
11
13
17
11
22
11
18
11
11
11
12
15
11
23
11
18
15
11
18
11
12
12
11
11
11
11
11
11
26
11
11
11
11
11
15
11
12
20
13
17
11
16
12
16
13
11
12
11
11
11
11
12
11
11
15
11
15
11
12
17
13
12
11
13
11
13
11
11
11
11
12
11
12
11
11
11
11
16
13
14
13
14
11
11
11
11
11
13
11
11
12
11
11
11
11
15
11
11
14
11
12
11
11
11
11
11
11
11
11
11
13
11
11
11
14
16
12
11
11
11
11
12
11
11
11
11
11
11
11
11
11
11
11
11
11
11
11
11
12
11
11
11
11
11
11
11
11
11
11
11
11
15
11
11
11
11
11
15
12
14
13
11
11
11
11
11
12
11
11
11
11
20
11
12
14
11
13
11
11
11
11
11
12
11
11
11
11
11
11
11
11
16
11
19
11
19
11
11
11
11
11
11
11
11
11
11
11
11
11
11
11
14
12
11
11
11
11
11
11
11
11
11
11
11
17
11
11
11
11
11
11
12
11
11
11
11
11
11
13
11
12
11
11
11
11
11
11
18
11
11
15
11
15
11
11
11
11
11
11
12
11
11
11
11
11
11
12
11
12
11
