13
30
11
11
11
17
14
35
28
45
11
20
11
36
33
22
21
11
14
11
11
11
21
24
33
26
19
26
19
36
29
29
33
16
14
38
13
19
39
31
29
16
21
14
33
33
33
39
26
26
29
24
28
23
16
26
33
26
36
13
33
33
26
26
26
11
28
33
33
33
29
13
29
19
33
33
33
29
29
29
36
36
36
36
29
19
26
26
26
26
27
42
11
45
33
26
26
26
24
35
32
27
11
11
11
17
11
22
19
26
11
34
19
16
11
21
24
28
19
11
19
33
19
11
11
22
41
29
17
35
17
24
25
26
27
11
29
28
11
36
16
19
19
19
16
13
22
20
36
24
38
24
23
30
36
23
36
37
32
11
23
41
19
11
23
18
11
28
37
21
19
35
28
17
35
36
37
35
21
19
19
16
40
11
26
35
25
16
18
27
19
11
23
31
11
23
11
36
19
23
11
38
22
11
25
25
25
11
26
29
19
11
45
28
34
23
30
24
43
35
19
12
42
37
20
34
24
11
35
23
30
35
19
35
32
19
34
11
42
27
36
19
20
11
12
28
22
25
26
11
18
25
37
24
18
19
19
36
11
27
11
23
11
22
11
30
22
35
28
31
19
16
11
26
11
34
11
39
47
35
11
11
25
15
25
34
13
19
16
22
34
33
13
23
11
30
24
13
14
15
33
11
26
42
36
27
17
17
50
11
35
19
33
25
21
11
28
28
14
32
33
14
42
11
32
11
36
15
13
21
15
20
11
19
21
14
19
15
21
11
37
34
15
20
13
19
11
11
12
11
11
20
11
18
20
16
12
13
19
16
11
11
11
11
11
11
11
11
11
11
11
13
13
11
11
11
11
11
11
11
11
11
11
11
11
11
11
13
14
11
11
11
13
11
11
11
12
12
11
21
12
12
11
11
12
43
25
38
11
11
22
11
11
11
11
11
11
11
11
11
11
12
11
24
12
11
11
20
22
19
17
11
11
11
11
25
19
11
17
14
32
16
19
13
11
15
13
17
27
37
31
12
23
26
26
26
26
26
26
26
26
26
26
26
26
26
26
26
26
26
29
26
26
26
26
26
19
26
26
29
26
26
26
26
26
26
26
26
26
26
26
26
26
26
26
26
26
26
26
30
15
13
13
21
11
13
11
12
13
14
13
31
11
11
24
11
12
24
21
21
23
23
26
26
25
35
38
19
33
25
23
12
11
30
11
22
20
17
11
30
27
21
12
11
19
12
26
13
27
12
22
14
11
13
32
36
11
33
11
11
11
11
14
11
16
11
12
13
30
11
16
15
22
11
12
12
11
33
18
32
11
18
11
11
11
15
13
19
12
11
13
17
11
11
26
11
18
14
17
11
11
14
11
20
12
13
12
11
11
14
11
11
11
18
11
11
11
12
11
12
11
11
12
12
22
24
28
12
17
33
16
11
18
23
17
42
27
18
24
12
11
18
11
11
11
14
13
15
11
11
21
12
11
11
11
14
11
11
11
11
14
32
22
16
19
19
11
16
13
12
11
37
11
11
16
11
28
24
19
11
11
12
28
11
18
25
14
28
11
11
16
15
36
34
11
22
11
27
11
24
11
19
14
27
