15
19
14
11
13
28
15
11
19
22
21
25
11
33
18
11
30
11
16
19
16
20
12
26
11
26
12
13
11
16
11
14
11
21
15
12
11
18
11
30
11
11
11
23
19
26
31
38
13
20
38
13
16
28
11
16
17
11
17
22
12
11
22
11
11
14
11
12
11
11
11
15
21
11
13
11
11
11
11
11
12
11
14
12
12
11
11
11
11
11
11
11
11
11
12
11
11
11
13
16
11
12
14
16
19
11
18
21
15
20
18
32
11
27
36
11
14
13
11
11
11
11
11
11
11
21
14
12
11
12
11
16
11
11
11
11
11
11
15
11
12
14
12
11
11
18
12
11
11
14
19
11
11
11
11
12
13
15
15
12
11
19
16
19
11
12
11
11
11
12
11
11
11
18
18
11
36
23
11
15
12
13
11
23
29
29
26
13
26
26
33
26
26
26
29
26
26
23
29
19
26
26
11
25
26
26
19
11
18
29
26
29
26
18
19
11
11
11
12
19
20
11
20
11
38
29
29
29
26
28
31
26
26
26
29
26
29
23
11
18
26
26
34
28
26
24
32
26
26
49
16
26
26
29
36
26
33
19
26
26
11
11
14
11
14
14
11
14
13
12
11
12
11
12
11
11
11
12
15
11
14
11
11
20
21
12
11
11
15
26
12
22
19
20
24
31
34
11
23
13
28
13
13
12
34
25
26
36
39
33
26
36
29
11
18
11
11
11
11
11
11
12
11
11
13
13
16
12
11
16
13
15
16
14
13
11
11
11
11
13
11
12
11
11
12
11
14
13
13
13
12
13
21
12
13
13
13
11
11
15
11
15
13
24
11
11
14
15
11
11
11
11
11
11
11
11
11
11
11
12
11
18
11
17
12
11
11
13
11
11
11
32
48
31
20
11
40
11
40
19
15
16
19
17
11
25
19
46
12
32
28
26
23
18
11
13
11
11
27
40
31
19
37
12
28
11
20
12
26
11
11
13
11
15
11
11
11
11
11
18
19
11
11
11
12
14
11
11
11
11
14
18
13
18
16
15
16
11
11
13
12
11
25
11
18
11
11
11
14
12
36
36
16
16
26
24
18
19
33
30
34
38
21
17
31
11
28
21
14
13
13
19
30
33
33
33
33
26
26
28
35
41
26
31
11
24
39
12
40
33
36
33
26
19
17
19
19
38
11
11
31
38
11
15
15
19
41
11
26
32
17
17
14
14
11
23
16
11
13
11
27
20
12
31
32
33
33
33
33
33
36
33
33
33
33
33
29
33
33
33
33
33
36
33
11
35
33
33
33
36
33
33
33
33
31
11
37
29
27
11
14
18
12
16
19
11
35
25
11
19
33
23
11
47
28
19
22
45
39
21
14
11
27
44
29
39
37
26
11
26
35
11
35
13
29
23
13
36
20
27
15
32
31
28
16
13
11
29
12
20
13
13
36
24
11
37
28
34
11
24
11
21
20
32
11
45
29
19
11
27
11
16
33
19
29
13
11
26
12
19
11
32
29
13
18
18
13
23
38
11
23
26
36
27
16
34
11
13
11
11
14
43
11
27
21
13
11
27
11
21
36
34
20
32
25
21
17
19
11
26
11
27
28
38
16
26
26
26
39
26
43
28
27
17
32
29
23
19
26
11
15
23
11
19
19
23
11
11
11
22
44
11
16
11
22
11
23
11
24
14
11
25
30
11
11
13
12
11
12
11
11
13
12
11
11
11
11
23
11
24
29
16
16
16
11
11
19
19
