11
18
30
25
14
14
14
11
34
19
26
11
11
28
45
11
11
27
11
25
19
12
37
12
41
15
29
37
29
11
35
12
38
19
19
14
13
11
19
28
29
29
35
22
29
28
28
37
36
11
28
11
18
28
38
26
11
38
19
37
16
13
28
38
19
19
28
35
12
19
38
21
24
11
11
27
37
29
26
11
11
34
12
37
39
36
11
11
11
26
11
11
37
30
28
17
11
11
37
21
11
16
19
38
26
11
11
17
11
29
29
28
11
37
27
12
26
11
11
23
33
35
29
29
47
18
17
11
16
16
23
11
13
26
28
29
11
25
26
21
19
15
13
30
22
19
24
45
19
23
33
38
28
22
33
11
18
26
23
33
11
18
22
31
11
21
13
23
26
46
29
16
24
31
39
11
24
41
20
11
32
11
44
21
50
25
23
16
19
28
28
33
19
17
11
18
14
15
18
13
11
11
13
12
16
12
11
11
11
14
12
12
14
15
12
11
11
18
12
12
12
13
12
20
15
13
12
13
11
11
11
11
15
11
14
14
19
14
22
13
11
12
13
16
13
12
21
13
15
11
11
23
14
23
32
11
28
29
11
27
11
38
21
25
38
20
22
16
33
36
11
24
14
11
28
11
25
45
28
26
33
16
26
11
11
31
11
26
36
21
11
13
11
30
11
11
30
38
14
35
21
30
37
30
11
24
19
12
28
25
26
11
16
19
23
46
32
37
11
38
28
11
37
24
11
26
15
32
29
27
35
11
15
27
12
12
26
13
11
25
15
17
11
25
13
33
14
48
11
25
14
35
11
30
26
11
48
29
16
29
33
13
32
30
24
35
13
12
26
23
36
13
33
16
11
24
11
16
11
14
11
11
26
11
33
48
13
22
11
12
31
42
11
11
31
19
16
14
12
11
11
12
15
23
13
12
13
11
11
14
11
16
20
11
13
14
11
11
13
13
14
11
22
12
16
18
11
17
13
15
11
11
17
11
11
11
14
11
22
13
12
11
13
12
12
15
11
13
11
11
16
13
11
11
11
11
12
13
15
11
17
19
13
19
13
15
11
19
11
11
12
14
20
15
19
15
11
11
16
15
31
14
24
30
11
11
16
11
16
11
11
11
13
16
13
11
13
11
15
16
16
11
14
11
11
11
13
14
14
14
11
12
11
24
11
16
15
14
11
13
17
11
13
20
11
16
19
15
11
11
20
11
15
11
21
11
13
12
11
18
15
11
11
11
16
13
17
11
36
18
29
19
17
18
12
17
30
27
26
29
16
26
28
11
26
11
18
23
19
11
16
16
27
34
11
24
11
26
34
13
19
16
19
18
35
35
31
19
11
26
36
30
31
26
11
17
21
47
33
