18
33
11
11
11
11
11
31
16
15
13
17
24
11
11
26
18
15
13
12
12
24
11
15
13
11
15
16
19
16
11
17
11
15
11
11
11
11
21
11
15
18
16
41
12
15
33
20
28
28
16
28
14
20
15
13
24
11
22
26
33
27
28
26
26
26
33
26
26
21
42
26
26
21
18
26
29
26
29
29
19
29
29
33
26
26
24
31
29
29
13
19
26
26
16
19
16
26
26
29
19
26
26
16
19
33
19
26
26
26
26
26
26
26
26
26
26
26
26
29
29
20
13
19
12
34
23
32
15
16
11
15
27
11
11
12
11
11
13
11
12
11
17
12
16
11
15
15
13
11
13
19
12
12
11
13
11
12
14
11
13
11
12
11
11
13
12
22
11
11
12
15
14
11
11
22
11
45
26
29
29
26
19
23
40
36
29
36
19
26
16
26
26
33
33
22
27
29
29
26
26
11
28
19
11
22
29
26
26
28
28
26
11
18
39
39
39
33
33
33
33
29
23
33
30
33
43
31
32
23
26
26
26
27
29
42
23
26
29
22
27
26
23
26
26
19
26
26
47
28
25
27
29
41
35
23
22
12
17
11
12
12
11
11
11
19
16
11
11
17
11
11
12
18
11
16
11
11
11
12
11
15
17
12
14
13
18
11
15
11
11
13
18
13
12
15
12
11
15
11
11
17
14
18
14
11
16
13
12
18
18
11
14
11
11
11
11
14
11
11
15
26
15
13
18
11
11
20
25
22
11
32
19
26
33
26
26
26
26
26
11
18
26
26
26
33
11
32
33
26
18
37
26
26
26
26
26
26
26
29
19
19
36
39
11
25
39
29
36
11
34
20
23
37
29
30
35
26
16
13
30
11
24
13
14
11
29
11
11
26
23
16
11
46
38
11
18
11
11
44
14
11
13
13
14
16
15
15
11
19
11
11
14
12
13
14
11
11
11
12
13
11
12
17
14
11
11
13
16
11
11
13
11
11
20
13
13
13
12
14
11
18
11
12
11
13
16
12
11
19
12
11
11
15
12
12
12
11
25
12
18
15
15
11
11
19
19
18
11
12
13
17
23
11
11
11
12
16
11
13
14
14
12
17
15
18
12
24
11
14
40
11
19
11
11
16
17
20
14
11
23
15
16
16
18
14
16
14
12
24
11
12
16
19
13
11
11
20
11
13
18
11
13
12
17
15
11
14
19
13
11
15
18
19
18
11
16
18
20
11
37
15
17
11
19
11
23
37
35
36
21
22
26
11
47
33
33
34
35
32
11
45
19
31
35
11
11
31
37
11
33
28
35
11
36
19
11
33
30
42
16
36
31
32
36
29
13
36
16
24
29
27
11
12
30
33
14
11
27
42
26
11
29
29
16
11
29
29
30
26
26
26
33
19
14
22
11
11
30
11
36
33
26
26
29
11
26
32
42
11
11
17
19
11
27
11
25
38
26
39
33
29
19
23
19
25
31
26
20
11
27
34
13
26
26
26
26
26
26
29
26
33
29
26
26
26
29
29
29
29
33
33
13
29
29
29
36
29
29
11
25
11
22
11
22
11
11
11
11
25
29
29
29
11
15
11
11
11
13
29
29
33
26
36
29
29
20
28
29
23
11
22
29
11
15
11
15
19
11
11
21
11
15
11
15
11
18
11
18
11
15
11
15
11
15
11
15
11
22
11
15
11
15
11
15
23
11
15
11
15
11
15
11
15
11
15
11
15
11
15
11
15
11
15
11
15
11
15
11
15
11
15
11
15
11
12
11
15
11
15
11
11
17
19
11
19
19
11
11
29
19
11
17
19
11
31
11
25
11
19
11
23
11
27
11
17
19
22
11
28
11
17
20
11
11
11
19
11
30
11
15
24
11
25
11
22
11
18
19
19
24
29
17
24
32
13
14
15
13
26
18
16
17
11
11
20
11
25
11
21
11
20
11
17
11
15
24
11
23
11
11
11
18
23
11
24
11
25
11
11
25
11
23
19
11
11
17
21
29
13
22
11
13
11
18
22
26
11
20
11
19
11
27
11
27
11
17
20
11
15
11
17
11
11
14
35
11
24
11
11
11
19
17
12
11
13
11
16
11
13
11
11
11
11
11
11
11
11
14
14
11
11
11
15
26
11
14
11
21
11
11
13
14
12
11
16
16
19
15
12
11
17
11
25
11
25
13
18
11
18
11
11
13
11
22
11
19
13
11
22
11
11
18
11
11
12
11
11
11
11
11
12
28
11
24
11
25
11
24
11
11
12
11
11
11
11
27
11
15
11
11
23
11
18
11
12
13
13
11
11
20
11
22
19
12
16
13
13
12
11
11
11
11
13
11
16
11
11
11
11
11
11
11
15
11
11
12
12
11
11
19
11
11
11
11
21
11
11
11
11
11
11
11
12
11
11
14
11
11
11
11
13
11
11
11
11
11
11
11
11
11
11
11
11
11
12
12
11
13
11
11
12
12
11
11
11
11
11
11
11
11
11
11
11
11
11
11
11
11
11
11
12
13
12
11
11
12
11
11
11
11
15
13
11
17
14
15
11
11
11
11
11
11
11
11
11
11
11
13
11
11
11
11
11
11
11
11
11
11
11
11
12
11
11
16
11
28
12
11
11
11
12
14
16
12
11
11
11
15
11
13
11
11
11
13
11
11
11
11
11
11
11
11
11
11
11
11
11
11
11
11
11
12
11
18
11
11
17
21
11
11
22
11
30
11
12
11
11
11
11
11
11
13
11
21
11
25
11
11
11
11
11
11
11
11
11
11
11
12
11
11
11
11
11
12
24
11
11
12
11
11
11
11
11
11
11
11
11
11
11
12
11
11
15
15
11
23
11
15
11
15
11
11
11
11
11
11
11
11
11
11
11
11
11
11
11
11
11
11
11
11
11
18
11
11
11
11
11
11
11
13
19
11
11
25
11
14
