105
113
101
115
113
106
106
133
126
113
101
101
101
106
105
101
101
121
106
116
111
108
101
106
101
113
101
101
101
122
114
103
109
123
106
123
108
104
101
122
109
106
101
122
104
111
102
106
106
103
102
127
103
116
103
116
118
115
116
101
102
101
101
101
104
124
107
101
117
103
134
101
102
101
101
101
115
119
101
105
131
118
101
106
110
115
109
101
101
105
107
101
101
101
103
104
101
101
104
102
122
110
101
112
101
112
117
101
103
101
123
119
101
103
104
101
101
111
104
101
109
104
109
106
103
102
103
101
122
101
101
101
102
101
101
101
101
114
101
