101
106
104
103
119
104
102
113
104
109
105
102
102
110
104
101
112
101
102
102
104
101
107
101
102
101
103
115
122
109
119
103
106
103
101
101
114
113
119
101
110
101
104
104
101
101
102
101
103
105
102
102
130
101
115
109
109
116
101
106
109
119
119
106
109
103
106
106
106
101
106
106
101
118
103
106
106
101
105
106
106
106
106
106
106
106
106
119
106
110
113
107
105
106
113
101
125
119
106
111
107
129
119
101
101
105
104
102
101
103
113
102
102
109
101
101
112
103
101
103
101
101
101
111
101
107
105
101
101
101
102
101
103
101
103
102
106
103
111
119
116
113
119
106
104
108
101
112
101
101
101
106
106
103
106
103
119
106
106
106
106
101
105
106
109
103
106
113
109
113
109
101
112
113
119
106
106
123
109
106
103
106
104
108
101
105
109
113
106
109
106
103
103
106
106
113
113
101
101
104
106
103
105
101
108
101
101
113
101
114
103
101
101
101
101
101
101
101
101
101
