101
106
107
101
101
101
101
103
117
107
106
101
113
101
108
101
102
123
119
106
113
116
101
108
120
101
123
103
106
106
101
101
108
103
101
119
111
105
101
106
109
109
106
103
108
108
101
103
121
108
116
105
130
119
109
109
106
106
106
119
139
126
119
112
120
128
106
122
106
103
106
126
103
101
101
101
107
101
108
106
103
106
101
112
101
101
112
104
104
101
109
107
104
101
102
106
104
106
105
101
101
103
105
104
112
122
121
122
101
101
108
105
101
102
108
122
111
123
102
101
103
121
108
101
102
101
118
107
102
101
112
101
109
103
101
101
111
101
113
101
101
101
102
102
101
103
101
102
102
101
102
114
103
101
103
102
130
111
113
101
101
114
105
113
101
101
101
119
109
101
115
116
115
101
108
101
101
106
106
106
103
106
104
105
104
101
101
101
106
109
109
106
106
106
104
105
106
103
106
104
102
106
101
101
101
103
106
101
101
110
101
