20
29
11
17
28
21
33
11
23
11
22
16
16
16
11
47
11
11
13
11
16
11
11
11
20
11
12
13
18
23
11
17
11
20
11
22
22
12
11
11
11
18
12
19
12
15
12
11
11
11
11
15
16
14
11
11
13
12
11
12
11
16
11
17
11
28
21
11
11
13
19
12
23
43
11
17
16
12
12
11
11
13
13
14
16
15
13
18
24
11
13
15
14
21
20
19
11
11
15
11
19
11
13
14
11
21
26
11
25
26
19
33
29
26
23
39
11
15
20
26
27
21
30
19
11
25
29
19
29
11
15
19
26
26
11
25
23
12
13
32
18
11
27
31
27
15
41
26
26
23
36
26
26
26
26
26
26
29
26
26
39
39
39
26
26
26
26
26
26
26
23
39
39
33
26
43
33
11
48
26
26
26
26
26
29
28
32
32
33
36
33
29
33
16
36
27
28
24
28
27
28
33
29
26
33
29
29
26
29
29
29
29
24
11
24
29
29
29
29
13
26
26
26
16
26
26
29
19
22
30
29
29
29
19
33
33
26
26
22
11
30
19
33
26
29
26
26
29
19
11
11
14
11
15
11
21
11
16
11
12
29
23
13
19
43
11
30
34
29
11
22
11
25
29
29
29
35
11
23
26
13
20
33
26
26
26
25
34
26
21
11
24
46
46
46
46
26
26
26
26
26
26
26
26
29
26
23
26
26
26
26
26
26
26
26
26
26
26
26
26
26
26
26
26
14
35
29
23
26
26
26
26
26
24
28
46
46
46
26
26
26
33
23
26
26
26
26
26
26
26
26
26
26
26
26
26
26
26
26
26
26
26
26
26
26
26
26
26
26
26
26
26
26
26
26
26
26
26
26
26
33
19
26
26
26
26
26
26
26
26
26
26
26
33
26
26
26
26
26
26
26
24
29
13
11
24
26
23
19
17
15
16
11
12
13
13
39
11
28
26
29
26
26
26
26
26
26
26
39
39
26
26
26
26
46
41
12
11
11
11
12
11
12
14
12
12
11
14
11
11
11
11
11
11
11
19
14
17
11
18
11
14
11
12
12
14
15
12
13
11
16
11
11
11
11
11
11
11
11
11
18
15
11
12
12
11
20
15
12
13
27
12
11
17
11
30
23
11
13
13
21
11
18
27
11
11
28
11
35
14
12
16
14
11
12
13
23
11
27
28
23
11
16
11
37
11
13
15
16
16
11
32
11
13
11
28
28
38
11
17
15
33
36
32
22
17
11
15
11
13
22
11
11
18
11
11
11
13
13
13
21
27
32
14
11
11
27
11
15
15
16
41
16
30
11
19
11
23
12
23
11
37
11
14
16
11
28
11
29
11
22
12
15
14
14
19
12
11
15
16
13
14
17
11
20
11
11
11
11
35
23
13
25
16
18
28
15
12
13
12
16
12
13
11
11
11
16
15
11
11
12
15
14
11
12
14
13
12
11
14
14
11
11
22
19
16
20
24
23
35
24
13
11
13
11
20
14
16
13
18
11
14
24
11
11
11
11
14
17
12
15
14
17
11
11
11
13
15
15
12
14
11
11
13
11
13
14
11
12
15
11
13
15
19
16
11
19
14
12
13
15
18
11
16
11
11
12
11
18
12
11
13
11
11
11
14
11
19
14
33
14
13
26
34
26
29
23
22
11
25
11
25
11
11
11
16
11
25
11
19
11
28
11
16
11
11
23
11
25
11
